224308
10116
237561
9606
10029
10090
100226
416870
7227
5807
208964
9913
4754
224308
243231
5811
208964
3702
3917
39947
7955
3702
9913
44689
349161
7955
70601
367110
8364
8364
7955
272844
243231
226186
190304
435590
289376
267747
315750
404380
243232
526222
221109
316067
273116
398767
403833
272633
350688
338966
272559
396513
69014
573370
351605
293826
70601
214684
376686
224914
517417
187420
290339
224324
85962
243090
189518
264730
339670
266265
273075
122586
455632
223283
391037
216595
220664
561007
498211
557436
322710
160488
272621
399739
390235
257314
228410
205922
452638
349741
246195
400668
348780
167879
203122
205918
283942
76114
234267
349124
351348
271848
418699
381754
379731
557722
306
1772
205918
381754
326298
400668
203119
264732
195103
273068
71421
218491
283165
62977
522373
438753
366602
585054
316273
233412
190486
382640
349747
559292
509170
391037
457570
398527
273068
224308
290399
288705
1004253
267747
399742
340047
197221
272569
243365
342451
279808
196620
367830
243232
410358
348780
477974
316274
190192
349307
83332
266834
