
Last position-specific scoring matrix computed, weighted observed percentages rounded down, information per position, and relative weight of gapless real matches to pseudocounts
            A   R   N   D   C   Q   E   G   H   I   L   K   M   F   P   S   T   W   Y   V   A   R   N   D   C   Q   E   G   H   I   L   K   M   F   P   S   T   W   Y   V
    1 M    -1   0  -1  -3  -1  -2  -1  -4   0   1   0   0   6  -2   0   0  -1  -3   1   0    3   4   2   0   1   0   5   0   2   6   4   8  40   0   4   8   2   0   6   4  0.39 0.20
    2 A     0  -1   2   0  -3   1  -1  -2   0  -2  -1  -1   4  -3  -2   2   1   3  -2  -2    8   2  14   5   0   7   1   2   2   0   4   2  18   0   1  23   7   4   0   1  0.27 0.16
    3 L     0   0   1  -1  -3   2   0  -2   1  -2  -1   0   3  -1   0   2  -1  -3  -1  -1    9   5   8   1   0  12   3   1   4   1   2   6  15   3   4  17   2   0   2   4  0.16 0.12
    4 P     0   0  -1   0   3   0   0  -2   1  -1  -1   0   1   0   0   2   0  -2   1  -1    3   6   0   5   7   4   4   1   3   3   3   7   6   3   4  26   5   0   7   2  0.13 0.10
    5 N    -1   1   3  -1   0   0  -1  -2   1  -1  -1   2   2  -2  -2   1   1  -4  -2  -2    3   6  18   2   2   4   1   0   3   3   7  15  10   1   1  15   7   0   0   0  0.20 0.13
    6 K     0   1   0   0  -3   1   0  -2   1  -2  -1   2   0  -3   1   2   0  -4  -2  -1    5   9   4   6   0   7   2   1   5   1   6  16   3   0   6  20   6   0   1   3  0.18 0.11
    7 I    -2  -4  -5  -6  -4  -5  -5  -5  -2   1   4  -5   1   6  -5  -4  -3  -2   0  -2    3   0   0   0   0   0   0   0   1   7  43   0   2  44   0   0   0   0   0   0  1.07 0.31
    8 A     0  -2  -3  -4   3   0  -3  -4  -4   2   4  -3   3  -1  -4  -1   0  -3  -3   1    6   1   0   0   6   4   0   0   0  10  45   0   7   1   0   5   8   0   0   6  0.41 0.18
    9 S    -1   1  -1   1  -4   4   2  -2   1  -4  -3   3  -2  -4  -3   1   1  -4  -1  -3    4   4   1   9   0  20  11   1   4   0   2  26   0   0   0  10   8   0   2   0  0.43 0.18
   10 L    -1   4   0  -2   1   1  -2  -2   0  -3   0   2  -2  -3  -3   0   1  -1  -3  -2    5  32   3   2   4   4   0   1   2   0  13  17   0   0   0   4  10   1   0   1  0.36 0.18
   11 F    -3  -5  -6  -6  -4  -5  -5  -6  -5   1   5  -5   0   4  -5  -5  -3  -3  -2  -1    1   0   0   0   0   0   0   0   0   5  74   0   0  20   0   0   0   0   0   0  1.20 0.35
   12 D    -1  -1   3   1  -4   0  -1   5  -3  -5  -5   0  -4  -5  -4  -1  -2  -5  -4  -5    3   3  13   7   0   4   3  58   0   0   0   5   0   0   0   4   1   0   0   0  0.92 0.27
   13 I    -3  -4  -5  -5  -3  -4  -5  -6  -5   5   4  -4   1  -2  -5  -4  -3  -4  -3   3    0   0   0   0   0   0   0   0   0  39  39   0   1   0   0   0   0   0   0  20  0.95 0.28
   14 E    -1   4  -2   1  -4   2   2  -3  -2  -3  -4   4  -3  -4  -1   0  -1  -4  -3  -2    5  22   0   8   0  10  13   0   0   1   0  32   0   0   2   4   3   0   0   2  0.56 0.21
   15 L    -2  -4  -4  -5  -4  -3  -4  -5   5   0   0  -3  -2   2  -5  -4  -2   4   7   1    2   0   0   0   0   0   0   0  15   4  10   1   0   6   0   0   2   5  44  10  1.01 0.31
   16 P    -4  -5  -5  -5  -6  -4  -4  -5  -5  -6  -6  -4  -6  -7   9  -4  -4  -7  -6  -6    0   0   0   0   0   0   0   0   0   0   0   0   0   0 100   0   0   0   0   0  3.15 0.62
   17 I    -4  -6  -6  -6  -4  -5  -6  -6  -6   7   1  -5  -1  -3  -5  -5  -3  -5  -4   1    0   0   0   0   0   0   0   0   0  88   8   0   0   0   0   0   0   0   0   4  1.71 0.44
   18 I    -3  -5  -5  -5  -3  -5  -5  -6  -5   6   1  -5   2   3  -5  -4  -3  -4  -2   2    0   0   0   0   0   0   0   0   0  65   7   0   4  13   0   0   0   0   0  10  1.15 0.33
   19 Q    -4  -2  -3  -3  -6   8  -1  -5  -3  -5   0  -2  -3  -5  -4  -3  -4  -5  -4  -3    0   0   0   0   0  87   0   0   0   0  12   0   0   0   0   0   0   0   0   1  1.98 0.55
   20 A     6  -4  -4  -4  -3  -3  -3  -2  -4  -4  -4  -3  -4  -5  -3   2  -2  -5  -4  -3   85   0   0   0   0   0   0   0   0   0   0   0   0   0   0  15   0   0   0   0  1.42 0.43
   21 P    -4  -5  -5  -5  -6  -4  -4  -5  -5  -6  -6  -4  -6  -7   9  -4  -4  -7  -6  -6    0   0   0   0   0   0   0   0   0   0   0   0   0   0 100   0   0   0   0   0  3.15 0.62
   22 M    -4  -5  -6  -7  -5  -4  -6  -6  -5  -2  -1  -5  11  -3  -6  -5  -4  -5  -4  -3    0   0   0   0   0   0   0   0   0   0   0   0 100   0   0   0   0   0   0   0  3.12 0.72
   23 A     7  -4  -4  -5  -3  -4  -4  -3  -4  -4  -4  -3  -4  -5  -4  -1  -2  -5  -4  -1   96   0   0   0   0   0   0   0   0   0   0   0   0   0   0   0   1   0   0   3  1.64 0.48
   24 G    -2  -5  -1  -4  -5  -4  -5   7  -5  -7  -6  -4  -5  -6  -5  -1  -4  -5  -6  -6    0   0   3   0   0   0   0  94   0   0   0   0   0   0   0   3   0   0   0   0  2.06 0.47
   25 S     1  -4  -4  -5  -3  -4  -4  -4  -5   2  -1  -4  -1  -3  -4  -2   0  -5  -3   6   14   0   0   0   0   0   0   0   0  11   1   0   0   0   0   2   6   0   0  66  0.96 0.33
   26 S     1  -3  -2  -3   0  -3  -3  -2  -4  -5  -4  -3  -4  -5  -3   6   2  -5  -4  -4    7   0   0   0   2   0   0   1   0   0   1   0   0   0   0  80   9   0   0   0  1.30 0.44
   27 G    -3  -4  -1  -2  -4  -3  -3  -2  -4  -4  -4  -3  -3  -5  -2   1   7  -5  -4  -3    0   0   1   2   0   0   0   2   0   0   0   0   0   0   2  10  83   0   0   0  1.54 0.47
   28 I    -2  -5  -5  -4  -4  -4  -4  -5  -5   2  -1  -4  -3  -5   7  -3  -3  -6  -5   2    2   0   0   0   0   0   0   0   0  15   4   0   0   0  64   1   0   0   0  14  1.64 0.40
   29 E     2   0  -2   1  -4   2   5  -2  -2  -4  -3   1  -3  -5  -3   0  -2  -5  -4  -3   18   3   0   6   0   9  45   2   0   0   3   9   0   0   0   5   1   0   0   0  0.63 0.25
   30 M    -4  -4  -5  -6  -4  -4  -5  -6  -5   0   5  -4   7  -1  -5  -4  -3  -4  -3   0    0   0   0   0   0   0   0   0   0   2  59   0  35   1   0   0   0   0   0   3  1.35 0.39
   31 A     6  -4  -4  -4  -3  -3  -3  -2  -4  -2  -4  -3  -3  -5  -3   0  -2  -5  -4  -1   91   0   0   0   0   0   0   0   0   1   0   0   0   0   0   4   0   0   0   4  1.48 0.45
   32 L     6  -4  -3  -4  -3  -3  -3  -2  -4  -2  -1  -2  -3  -2  -3   2  -1  -5  -4  -2   73   0   0   0   0   0   0   0   0   1   5   1   0   1   0  18   1   0   0   0  1.04 0.37
   33 S     5  -2  -1  -1  -3   0   2  -2  -3  -2  -3   0  -3  -4  -3   0   1  -4  -4  -1   55   0   2   2   0   3  14   0   0   2   0   5   0   0   0   5  10   0   0   2  0.59 0.26
   34 V    -1  -5  -5  -6  -3  -5  -5  -6  -6   3  -2  -5  -2  -3  -5  -4  -3  -5  -4   7    4   0   0   0   0   0   0   0   0  13   0   0   0   0   0   0   0   0   0  83  1.46 0.42
   35 S     1  -3  -1  -3   4  -3  -3  -3  -1  -4  -4  -3  -3  -4  -3   5   4  -5  -2  -2    9   0   1   0   9   0   0   0   1   0   0   0   0   0   0  48  28   0   1   2  0.86 0.33
   36 K    -1   2   7  -1  -5  -2   1  -2  -2  -3  -4   1  -1  -5  -4  -1  -2  -5  -4  -4    5  10  57   1   0   0  10   1   0   2   1  10   2   0   0   2   0   0   0   0  0.98 0.33
   37 I     5  -2   2  -3  -3   0  -2  -1   1  -2  -1  -2  -2  -2  -3   1  -2  -4  -1  -2   54   1  11   0   0   5   0   2   3   2   6   1   0   2   0  11   0   0   1   0  0.52 0.25
   38 G    -3  -5  -2  -4  -2  -5  -5   7  -5  -7  -7  -4  -6  -6  -5  -3  -4  -5  -6  -6    0   0   1   0   1   0   0  98   0   0   0   0   0   0   0   0   0   0   0   0  2.22 0.50
   39 G     3  -5  -3  -4  -4  -4  -4   6  -4  -5  -5  -4  -5  -5  -4  -2  -4  -5  -5  -5   26   0   0   0   0   0   0  74   0   0   0   0   0   0   0   0   0   0   0   0  1.59 0.41
   40 L    -4  -5  -6  -6  -4  -4  -5  -6  -5   2   6  -5   2  -2  -5  -5  -3  -4  -3  -1    0   0   0   0   0   0   0   0   0  10  85   0   4   0   0   0   0   0   0   1  1.35 0.38
   41 G     0  -5  -3  -4  -5  -4  -5   7  -5  -6  -6  -4  -5  -6  -5  -3  -4  -5  -6  -6    5   0   0   0   0   0   0  95   0   0   0   0   0   0   0   0   0   0   0   0  2.11 0.48
   42 S     1  -4  -2  -3  -4  -3  -3  -3  -4  -5  -5  -3  -4  -5  -4   7  -1  -6  -5  -4    8   0   0   0   0   0   0   0   0   0   0   0   0   0   0  92   0   0   0   0  1.67 0.51
   43 L    -4  -5  -6  -6  -3  -5  -5  -6  -5   5   5  -5   0  -2  -5  -5  -3  -4  -3   0    0   0   0   0   0   0   0   0   0  39  58   0   1   0   0   0   0   0   0   1  1.18 0.34
   44 A     1  -4  -3  -4  -4  -4  -4   5  -4  -5  -5  -3  -5  -5   6   0  -3  -5  -5  -5   12   0   0   0   0   0   0  42   0   0   0   0   0   0  41   6   0   0   0   0  1.35 0.35
   45 C    -3  -4  -5  -5   0  -4  -5  -5  -5   3   5  -4   3   1  -5  -4  -3  -4  -3   2    0   0   0   0   2   0   0   0   0  13  58   0   7   4   0   0   0   0   0  16  0.85 0.27
   46 A     2  -4  -2  -3  -1  -3  -3   6  -4  -5  -5  -3  -4  -5  -4   3  -2  -5  -5  -4   16   0   0   0   1   0   0  58   0   0   0   0   0   0   0  24   0   0   0   0  1.16 0.34
   47 T     4  -3  -2  -3  -3  -2  -3   1   4  -4  -4  -3  -3  -4   1   2   0  -4   0  -3   46   0   0   0   0   0   0   8  12   0   0   0   0   0   7  21   3   0   3   0  0.66 0.27
   48 M     1  -3  -1  -3   0  -2  -3  -3   1   3   1  -3   2   0  -3   2  -1  -3  -1   1   10   0   2   0   2   0   0   0   4  20  12   0   7   4   0  26   1   0   2  11  0.25 0.16
   49 D    -2  -2   3   5  -3  -2  -1  -2  -2  -4  -3   0  -3  -4  -2   2   2  -4  -4  -3    2   1  13  38   0   0   0   1   0   0   2   7   0   0   1  17  15   0   0   0  0.65 0.23
   50 V     0  -3  -2  -4  -3  -2  -3  -3  -1   0   2  -3  -1   4   2   0  -2  -3   0   2   10   0   1   0   0   1   0   0   1   2  18   0   0  21   9  10   0   0   2  24  0.33 0.17
   51 E     0   2   0   2  -3   1   3  -3  -1  -3  -2   0  -2  -4  -2   0   2  -4  -3  -2    9  14   3  12   0   7  21   0   1   1   2   2   0   0   1   7  19   0   0   1  0.35 0.16
   52 Q     1   0   2   0  -3   4   0  -1  -2  -2  -3   3  -2  -4  -2   0   0  -4  -3  -2   12   4   9   3   0  30   4   3   0   3   1  19   0   0   0   6   4   0   0   2  0.41 0.19
   53 L     4  -3  -1   0   1  -1  -1   0  -3  -3  -2  -1  -2  -2   2   1   0  -4  -3  -1   48   0   2   7   2   2   2   4   0   0   4   2   0   2   8   9   4   0   0   3  0.40 0.19
   54 E    -3   5   0   2  -5   0   3  -1   0  -4  -4   1  -3   1  -3  -1  -2  -4  -3  -2    0  35   3  12   0   3  21   5   2   0   0   5   0   7   0   4   0   0   0   2  0.53 0.21
   55 T     1   1   1   1  -3   2   2  -2  -1  -3  -2   3  -2  -4  -2   1   1  -4  -3  -2   12   5   5   6   0   9  15   1   1   1   2  24   0   0   0  11   8   0   0   2  0.30 0.14
   56 H     0  -2  -3  -3  -3   3   0  -4   0   1   2  -1   5  -2  -4  -2  -1  -4  -3  -1   10   0   0   0   0  21   6   0   2   8  22   3  24   0   0   2   3   0   0   0  0.47 0.24
   57 L    -3  -5  -5  -5  -3  -4  -5  -6  -5   6   3  -5   3  -2  -5  -4  -2   0  -3   2    0   0   0   0   0   0   0   0   0  57  24   0   6   0   0   0   1   1   0  10  1.04 0.31
   58 L     1   0   1   0  -3   1   2  -1   0  -2   0   1  -1  -3   0   1   0  -3  -2  -2   13   5   8   2   0   9  15   3   3   1  11   7   0   0   3  13   6   0   0   0  0.16 0.09
   59 E     0   0   0   2  -4   3   3  -2   1  -4  -4   2  -3  -4  -3   0   0  -4  -3  -2    9   4   4  11   0  16  26   1   3   0   0  15   0   0   0   4   4   0   0   3  0.44 0.18
   60 M    -1  -4  -3  -4   0  -3  -4  -4  -3  -2   0  -3   0   5  -4  -2   4  -2   4   1    5   0   0   0   2   0   0   0   0   0   7   0   2  29   0   0  29   0  16  10  0.68 0.26
   61 K    -2   5   0  -1  -4   4   0  -2   0  -3  -3   2  -1  -4  -3  -1  -2  -4  -3  -4    2  34   4   1   0  27   4   2   2   1   2  15   2   0   0   1   2   0   0   0  0.70 0.25
   62 G     2   0   0   0  -3   2   1   1   1  -2  -2   1  -2  -3  -2   1   0  -4  -3  -1   23   5   5   4   0  10  12   8   3   1   2   8   0   0   0  13   3   0   0   3  0.21 0.11
   63 K    -1   1  -3  -4  -1   0  -2  -2   1  -1   4   0   1  -1  -4  -3  -2  -3  -2   0    6   9   0   0   1   4   2   4   4   0  56   6   2   1   0   0   0   0   0   5  0.41 0.20
   64 T    -1  -2   0   0  -2  -1   1   0   0  -2  -2   0  -2  -3   0   1   5  -3  -2  -2    3   1   2   4   0   2   8   6   2   1   3   6   0   1   5   8  46   0   1   1  0.42 0.17
   65 T     1   1   2   3  -2  -1   1  -1   0  -3  -3   0  -3  -3   0   1   1  -4  -1  -2   12   9  13  20   1   1   7   4   2   0   0   5   0   0   4  11   9   0   2   1  0.27 0.12
   66 K     0   4   3  -2  -4   2  -1   1   1  -4  -2   2  -3  -4  -3   0   0  -4  -3  -3    9  25  16   0   0   9   0  13   4   0   3  13   0   0   0   4   4   0   0   0  0.42 0.18
   67 P     0  -3   3  -3  -1  -3  -3  -3  -3  -1  -2  -2  -3  -4   6   0  -1  -5  -4   0    8   1  20   0   1   0   0   0   0   4   3   1   0   0  42   8   3   0   0   9  0.89 0.28
   68 F    -2  -5  -5  -5  -3  -4  -5  -5  -4   2   1  -5   1   6  -5  -4  -2  -3  -1   4    1   0   0   0   0   0   0   0   0  11   9   0   2  36   0   0   1   0   0  39  0.92 0.29
   69 N    -4  -3   8  -2  -6   0  -3  -3  -2  -6  -6  -3  -5  -6  -5  -2  -3  -7  -5  -6    0   0  94   0   0   5   0   0   0   0   0   0   0   0   0   1   0   0   0   0  2.34 0.57
   70 V    -2  -4  -5  -5   1  -4  -5  -5  -5   2   4  -4   0  -1  -5  -4  -2  -4  -3   5    2   0   0   0   3   0   0   0   0   9  41   0   0   1   0   0   0   0   0  44  0.87 0.29
   71 N    -5  -4   9  -2  -6  -3  -3  -4  -2  -7  -7  -3  -5  -6  -5  -2  -3  -7  -5  -6    0   0 100   0   0   0   0   0   0   0   0   0   0   0   0   0   0   0   0   0  2.58 0.61
   72 F    -4  -5  -6  -6  -4  -5  -5  -6  -4  -1   2  -5  -2   7  -6  -5  -4  -2   0   3    0   0   0   0   0   0   0   0   0   0  16   0   0  62   0   0   0   0   0  22  1.43 0.39
   73 F    -5  -6  -6  -7  -6  -6  -6  -6  -4  -3  -2  -6   0   9  -7  -6  -5  -2   0  -4    0   0   0   0   0   0   0   0   0   0   0   0   2  98   0   0   0   0   0   0  2.68 0.59
   74 A     0  -6  -5  -6  10  -5  -6  -5  -5  -4  -4  -5  -4  -5  -5  -1   1  -5  -2   0    8   0   0   0  73   0   0   0   0   0   0   0   0   0   0   4   9   0   2   6  2.27 0.51
   75 H    -5  -4  -3  -4  -6  -1  -3  -5  11  -6  -6  -4  -5   0  -6  -4  -5  -5   0  -6    0   0   0   0   0   2   0   0  92   0   0   0   0   4   0   0   0   0   2   0  3.03 0.65
   76 E     1   2  -1   3  -4   2   3  -3  -2  -4  -3   2  -3  -4   1  -1  -1  -4  -4  -3   11  10   1  22   0  10  22   0   0   0   2  12   0   0   6   2   2   0   0   0  0.48 0.19
   77 E    -2  -2  -2  -2  -4  -2   0  -4   0   2  -2   0  -2  -1   6  -2   0  -4   0   0    1   1   2   1   0   1   7   0   3  17   2   6   0   2  39   2   7   0   3   6  0.67 0.22
   78 F     3  -3  -2  -2  -3  -2   1  -3  -3  -2  -2   0  -3  -2   5  -2  -1  -4   0   1   27   0   1   2   0   0  11   0   0   0   2   7   0   2  28   0   1   0   4  14  0.54 0.22
   79 N    -1   3   2  -1  -4   3   2  -3   2  -1  -3   2  -2  -4   1   0  -1  -4  -3  -2    3  16  14   2   0  14  13   0   5   4   2  10   0   0   6   7   1   0   0   3  0.32 0.15
   80 V     1   3  -1   0  -3   2   1  -2  -1  -1  -1   1  -2  -2   0   0   0  -4  -2  -1   16  19   1   6   0  12   9   0   1   4   6   7   0   1   5   6   3   0   0   4  0.19 0.11
   81 D    -2  -1   3   5  -4   0   0  -1   0  -4  -4  -1  -3  -4  -1   1   3  -5  -4  -3    0   2  13  37   0   5   2   4   2   0   0   2   0   0   2   9  21   0   0   0  0.64 0.23
   82 H     2  -1   0   2  -3   1   1  -2   0  -2  -3   1  -3  -4   3   0   0  -4  -3  -3   19   2   5  14   0   6   7   0   2   2   2  10   0   0  18   7   6   0   0   0  0.35 0.14
   83 E     2  -1   0   1  -3   1   2  -2   1  -1  -1   0  -2  -3  -1   0   1  -4  -2  -1   20   2   3   8   0   7  19   1   5   4   5   4   0   0   1   5  10   0   0   4  0.19 0.11
   84 H    -1   2  -1  -1  -1   4   1  -3   0   1  -1   2  -1  -3  -3  -1  -1  -4  -3   1    3  11   2   1   2  26  10   0   3   8   5  12   0   0   0   3   2   0   0  12  0.30 0.16
   85 N    -1  -1   1   0  -4   1   4  -3   1   1  -2   0  -1  -3  -3  -2   0  -4  -3   1    5   1   8   4   0   5  36   0   4  13   1   6   1   0   0   0   6   0   0  10  0.35 0.18
   86 D     2   2   1   1  -3   3   2  -2  -1  -4  -3   1  -3  -4  -3   0  -1  -4  -3  -3   22  10   5   9   0  17  18   1   1   0   1   6   0   0   0   7   3   0   0   0  0.39 0.18
   87 K     3   1   5   0  -4   0   1  -2  -2  -3  -4   1  -2  -5  -3  -1  -1  -5  -4  -3   27   6  38   4   0   4   9   1   0   1   0   8   1   0   0   1   1   0   0   0  0.62 0.25
   88 W    -6  -6  -8  -8  -6  -6  -7  -6  -6  -6  -5  -7  -5  -3  -8  -7  -6  13   1  -7    0   0   0   0   0   0   0   0   0   0   0   0   0   0   0   0   0  97   3   0  4.54 0.81
   89 L    -1  -1  -2  -4   1  -1  -3  -4  -1   3   3   1   1   0  -4  -2  -2   0   1   1    3   2   2   0   3   1   0   0   2  21  36  12   2   3   0   1   1   1   4   5  0.28 0.15
   90 S     1   2   1   1  -4   3   2  -1  -1  -4  -4   3  -3  -4  -3   0  -1  -4  -3  -3   12  11   7   8   0  17  12   2   1   0   0  21   0   0   0   7   3   0   0   0  0.41 0.17
   91 L    -1   2  -3  -3  -2   1  -1  -3   3   0   3   0  -1   0  -4  -2  -2  -3   2  -1    4  15   0   0   1   6   2   1   9   4  36   7   0   3   0   2   1   0   9   1  0.28 0.16
   92 L    -3  -4  -5  -5  -4  -4  -5  -5  -2   1   3  -4   2   3  -5  -4  -3  -1   6   0    1   0   0   0   0   0   0   0   0   6  36   0   5  14   0   0   0   0  34   4  0.93 0.29
   93 K     1   2   0   0  -3   2   1   0   0  -3  -3   2  -2  -4  -2   2   0  -1  -3  -2   14  14   4   3   0  12   7   7   2   0   1  12   0   0   0  16   3   1   0   1  0.28 0.13
   94 P    -1   1   0  -1  -5   0  -1  -3  -3  -4  -4   4  -4  -5   6  -1  -1  -5  -4  -3    3   7   4   3   0   2   3   1   0   0   0  27   0   0  42   4   3   0   0   1  0.99 0.29
   95 Y     1  -2  -2  -1  -2   0   0  -2  -1   1   1  -1  -1   1  -3   0   0  -2   3   1   16   0   1   2   0   4   9   2   1   7  20   2   0   5   0   6   4   0  12  10  0.11 0.10
   96 Y    -3  -3  -4  -5  -4  -4  -4  -5  -3   1   0  -4   1   6  -2   0  -1  -1   4   0    0   1   0   0   0   0   0   0   0   7   9   0   4  48   2   9   4   0  13   5  0.84 0.28
   97 N     2  -1   2   0  -3   0   2   1   1  -2  -2   1  -2  -2   0   1   0  -4  -2  -2   20   1  11   4   0   2  16  10   5   2   4   7   0   2   4   8   3   0   0   0  0.19 0.11
   98 E     0   2   0   0  -1   2   2  -1  -2  -1  -3   2  -2  -3   0   0  -1  -4  -3   0    6  14   4   4   1   9  17   4   0   2   0  12   0   0   5   8   0   0   0  12  0.21 0.12
   99 L    -1  -2  -2  -2  -3  -1   0  -2  -1   0   0  -1   0   4   1   0  -1  -1   3   0    5   0   1   2   0   1   6   3   1   6   7   5   1  29   6   7   3   0  11   5  0.24 0.13
  100 H     0  -1   3   1  -3   0   0   4   0  -1  -3   1  -3  -3  -3   0  -1  -4  -3  -2    5   2  16   7   0   3   4  37   2   6   1   8   0   0   0   3   1   0   0   3  0.40 0.15
  101 Q     3  -1   0   0  -2   0   0   0  -2   1  -1   0  -1  -2  -1   0   0  -3  -2   0   34   3   3   6   0   3   4   6   0  12   6   4   0   0   2   3   6   0   0   4  0.13 0.09
  102 E     1  -1   0   1  -2   1   3  -2   0  -1  -1   0  -1  -2   0   0   0  -2  -1  -1   12   2   5   7   0   6  25   2   2   4   7   6   1   1   4   8   4   0   2   3  0.16 0.07
  103 A     1  -1  -1  -2  -2  -1  -1  -2  -2   0   0  -1  -1  -1   5   0  -1   0  -1   0   11   2   3   1   1   1   3   2   1   6   8   3   1   2  33   8   2   2   2   8  0.44 0.11
  104 P    -1  -1  -3  -2  -3  -1  -2  -3  -3   1  -2   0  -2  -3   6  -1  -1  -4  -3   1    4   3   1   2   0   2   2   1   0   9   2   7   0   0  50   2   4   0   0   9  0.95 0.24
  105 Q     1   0   0   1  -2   1   0  -1  -1   0  -2   1  -1  -2   2   1   0  -3  -2   0   18   3   2   7   0   7   6   2   1   8   2   8   1   1   9  12   6   0   0   5  0.14 0.08
  106 E     1   1   0   1  -3   2   2  -1   1  -3  -3   1  -2  -2  -2   2   1  -3  -2  -2    9  10   3   6   0  14  12   2   3   0   2   5   0   2   0  18  12   0   1   1  0.26 0.13
  107 L    -3  -4  -5  -5  -3  -4  -5  -5  -1   1   5  -4   2   5  -5  -4  -3   1  -1  -1    0   0   0   0   0   0   0   0   1   7  58   0   4  26   0   0   0   1   0   0  0.96 0.29
  108 T     0   2   2   1  -3   1   1  -2   0  -2  -3   2  -2  -1  -2   1   2  -3  -2  -2    8  12  13   6   0   6   7   0   3   2   0  12   0   3   0  11  17   0   1   0  0.26 0.13
  109 A    -1   1   4   1   2   0   4  -2  -2  -2  -2   0  -3  -4  -3  -1   0  -4  -3  -2    4   6  23   5   6   1  31   1   0   1   5   5   0   0   0   1   7   0   0   3  0.42 0.20
  110 G    -1  -1  -3  -4  -3  -4  -4   3  -4   5   0  -3  -1  -3   1  -2   0  -4  -4   0    5   3   0   0   0   0   0  23   0  47   4   0   0   0   7   2   7   0   0   2  0.56 0.25
  111 F    -4  -4   4  -3  -1  -3  -4  -1  -1  -4  -4  -4  -4   0  -5   0  -2  -1   8  -1    0   0  25   0   2   0   0   4   0   0   0   0   0   2   0   6   2   0  56   4  1.33 0.41
  112 I    -1   1  -2  -1  -1   1   0  -3  -1   2  -1   1  -1  -3   3  -1   1  -4  -3   2    2   8   0   3   1   7   5   0   2  13   3   8   0   0  16   1  10   0   0  22  0.24 0.14
  113 K    -2  -3  -2  -3  -4  -3  -3  -3  -4  -5  -5  -1  -4  -5  -1   6   2  -5  -4  -4    0   0   0   0   0   0   0   0   0   0   0   2   0   0   3  82  13   0   0   0  1.41 0.46
  114 S    -5  -6  -6  -6  -5  -6  -6  -6  -4  -1  -1  -6  -3   9  -6  -3  -5  -2   1  -3    0   0   0   0   0   0   0   0   0   3   4   0   0  89   0   2   0   0   1   1  2.20 0.51
  115 F     0   1   1  -1  -1   0  -1  -3  -1  -1   1   4   0  -1  -3  -2  -1  -4  -2   0    7   8  10   3   2   4   1   0   1   3  15  33   3   2   0   0   2   0   1   8  0.22 0.15
  116 D     1  -1  -1   4  -4   1   4  -1   0  -3  -3  -1  -2  -4  -3   1   0  -4  -3  -2   13   2   0  24   0   4  31   4   2   0   1   1   1   0   0   9   4   0   0   2  0.48 0.19
  117 E    -1   0  -2   2  -5   0   5  -2   0  -5  -4   0  -4  -5   2   0  -1  -5  -2  -3    4   5   0  12   0   2  49   2   2   0   0   2   0   0  10   6   2   0   2   1  0.71 0.26
  118 D     0   1   1   3  -3   1   2  -2   0  -3  -3   0  -3  -4   2   1   1  -1  -3  -3   11   7   4  19   0   6  16   1   2   0   2   5   0   0   8   9   8   1   0   0  0.31 0.13
  119 R    -2  -1  -3  -3  -3   0  -3  -3   0  -1   1  -3   6   4  -3  -2   0  -2   2   0    2   3   1   1   0   4   1   1   2   1  11   1  32  22   1   2   5   0   7   6  0.57 0.22
  120 C    -2  -4  -4  -5   0  -1  -4  -5  -2   2   4  -4   1   3  -4  -3  -2   0  -1   1    1   0   0   0   2   3   0   0   1  12  50   0   3  13   0   0   1   1   1  11  0.60 0.21
  121 S     1   0   1   3  -3   2   3  -1   0  -3  -3   1  -2  -3  -1   0  -1  -3  -2  -2   16   5   4  18   0   8  22   3   3   1   2   6   0   0   1   7   2   0   0   1  0.31 0.12
  122 V    -1   0  -2  -3   1   0  -2  -3  -2   1   2   0   3  -1  -2  -2   0  -2   1   1    3   6   1   1   3   4   1   1   0   9  28   5  13   0   1   1   6   0   7  11  0.20 0.11
  123 L    -2  -4  -3  -5  -3  -2  -4  -5  -4   1   5  -1   0   0  -4  -2  -2  -4  -3   1    1   0   1   0   0   1   0   0   0   7  71   5   0   3   0   3   1   0   0   6  0.80 0.28
  124 E    -1  -2   0   0  -1  -1   0  -1  -1   1   3   0   0  -2  -3  -2  -2  -3  -3   1    2   1   5   6   1   1   9   4   2  10  41   7   1   0   0   0   0   0   0  10  0.22 0.14
  125 K    -1   0   0   2  -5   1   4  -3   0  -4  -3   3  -2  -5  -3   0  -1  -5  -4  -4    3   2   4  11   0   6  39   1   2   0   1  22   1   0   0   4   4   0   0   0  0.61 0.23
  126 I     0  -3  -3  -2  -1  -1   0  -3  -1   1   2  -2   2   2  -3  -1   1   0   1   0    9   0   0   2   1   2   9   0   1   5  26   0   8  13   0   2  11   1   6   3  0.20 0.13
  127 C     0   4   1  -3   0   1  -1  -3  -2  -4  -3   5  -3  -5  -2  -1   0  -5  -4  -3    6  28   6   0   3   7   0   0   0   0   1  39   0   0   1   2   6   0   0   1  0.71 0.26
  128 P    -3  -5  -5  -5  -6  -4  -4  -5  -5  -5  -6  -4  -5  -7   8  -4  -4  -7  -6  -1    1   0   0   0   0   0   0   0   0   0   0   0   0   0  93   0   0   0   0   6  2.79 0.58
  129 R     2   1  -1  -2  -4   0   0   0   0  -4  -4   5  -3  -5   2  -1  -1  -5  -3  -3   22   5   1   1   0   3   4   6   2   0   0  42   0   0   9   3   2   0   0   0  0.55 0.23
  130 V     1  -5  -5  -5  -3  -4  -5  -5  -5   4  -1  -4   1  -1  -4  -3  -2  -5  -3   6   10   0   0   0   0   0   0   0   0  24   0   0   4   2   0   0   0   0   0  60  1.02 0.33
  131 V    -2  -5  -5  -6  -3  -5  -5  -6  -6   3  -1  -5  -2  -3  -5  -4  -3  -5  -4   6    2   0   0   0   0   0   0   0   0  16   2   0   0   0   0   0   0   0   0  79  1.41 0.40
  132 S    -2  -4  -2  -3  -4  -3  -3  -3  -4  -5  -4  -3  -4  -5  -4   7  -1  -6  -5  -5    0   0   0   0   0   0   0   0   0   0   2   0   0   0   0  97   1   0   0   0  1.81 0.54
  133 F    -5  -6  -6  -7  -6  -6  -6  -6  -4  -3  -3  -6  -3   9  -7  -6  -5  -2   0  -4    0   0   0   0   0   0   0   0   0   0   0   0   0 100   0   0   0   0   0   0  2.77 0.60
  134 H    -5  -4  -3  -5  -7  -3  -3  -6  11  -7  -6  -4  -5  -5  -6  -4  -5  -6  -2  -7    0   0   0   0   0   0   0   0 100   0   0   0   0   0   0   0   0   0   0   0  3.46 0.71
  135 F    -5  -6  -6  -7  -6  -6  -6  -6  -4  -3  -2  -6  -3   9  -7  -6  -5  -2   0  -4    0   0   0   0   0   0   0   0   0   0   1   0   0  99   0   0   0   0   0   0  2.71 0.59
  136 G    -3  -5   0  -4  -5  -4  -5   7  -5  -7  -7  -4  -5  -6  -5  -3  -4  -5  -6  -6    0   0   5   0   0   0   0  95   0   0   0   0   0   0   0   0   0   0   0   0  2.13 0.49
  137 L    -1  -4  -5  -5   2  -4  -4  -5   2   4   4  -4   0   0  -4  -4  -3  -3   1   0    4   0   0   0   4   0   0   0   6  24  52   0   0   2   0   0   0   0   4   3  0.70 0.25
  138 P    -3  -5  -5  -5  -6  -4  -4  -5  -5  -6  -6  -4  -6  -7   9  -4  -4  -7  -6  -6    1   0   0   0   0   0   0   0   0   0   0   0   0   0  99   0   0   0   0   0  3.11 0.63
  139 H     0  -1   1   1  -1   0   1   0   3  -4  -4   0  -3  -3   1   3  -1  -4  -3  -3    5   2   6   9   1   3   8   6  11   0   0   6   0   1   8  33   2   0   0   0  0.39 0.18
  140 Q     1   0   0  -1  -3   3   1  -2  -1  -2  -1   2  -2  -2   2   1  -1  -4  -3  -1   17   2   4   1   0  16   8   0   1   2   5  18   0   1  11   9   2   0   0   3  0.28 0.15
  141 R     1   1   0   2  -3   1   3  -1   2  -3  -3   0  -2  -4  -1   1   0  -4  -2  -2   18   6   4  10   0   7  21   3   6   0   1   3   0   0   2  13   3   0   1   1  0.29 0.14
  142 L     1  -1  -1  -3  -2   1  -2  -3  -3   1  -1  -1  -1   0  -3   0   3   4   1   2   10   3   1   0   0   9   0   0   0   7   4   1   0   5   0   7  27   6   4  16  0.26 0.16
  143 I    -4  -5  -6  -6  -4  -3  -5  -6  -6   7   1  -5   0  -2  -5  -5  -2  -5  -4   2    0   0   0   0   0   1   0   0   0  79  11   0   1   0   0   0   1   0   0   7  1.44 0.40
  144 K     0   1  -1   3  -4   2   3  -1  -1  -3  -3   3  -3  -4  -3  -1  -2  -4  -2  -3    9   8   1  15   0  12  23   5   1   1   2  19   0   0   0   1   1   0   1   0  0.43 0.18
  145 R     2   3  -2  -2  -3   1   1  -2  -1  -3  -2   2  -2  -1  -3   0   0   0   0  -2   25  19   0   1   0   7   9   2   1   0   2  16   0   2   0   6   4   1   4   2  0.30 0.16
  146 L    -4  -5  -6  -6  -4  -5  -5  -6  -5   2   6  -5   1   2  -5  -5  -3  -4  -3  -1    0   0   0   0   0   0   0   0   0   9  81   0   2   9   0   0   0   0   0   0  1.25 0.36
  147 K    -3   2  -2  -3  -5   6  -1  -4   4  -5  -5   5  -3  -5  -4  -2  -3  -5  -3  -5    0  11   0   0   0  38   0   0  11   0   0  39   0   0   0   1   0   0   0   0  1.20 0.38
  148 D     1   1   1   3  -3   2   3   0  -2  -4  -4   2  -3  -4  -2   1  -2  -4  -3  -3   17   5   6  16   0   8  20   5   0   0   0  14   0   0   0   9   0   0   0   0  0.39 0.16
  149 A     2   0   0  -2  -2   2  -1   0   2   0   1   0   0  -2  -3   0  -1  -3  -1  -1   29   5   4   0   0  11   3   6   6   6  15   5   2   0   0   5   3   0   1   1  0.15 0.12
  150 G    -2  -4   0  -2  -5  -2  -3   7  -4  -6  -6  -1  -5  -2  -5  -3  -4  -5  -5  -6    0   0   4   1   0   1   1  86   0   0   0   4   0   2   0   0   0   0   0   0  1.72 0.42
  151 M    -2  -5  -5  -5   1  -5  -5  -4  -5   7   0  -5   0  -3  -5  -2  -1  -5  -4   2    3   0   0   0   3   0   0   1   0  74   2   0   2   0   0   4   3   0   0   8  1.18 0.36
  152 K     0  -1  -2  -3   0  -2  -3  -3  -2   1   2   0   2   0  -2  -1   0  -2   2   2    5   3   1   0   2   0   0   0   0  10  24   9   6   2   1   5   6   0  10  16  0.17 0.11
  153 I    -2  -4  -4  -5  -3  -4  -4  -5  -5   2   3  -4   0  -2  -4  -3   2  -4  -3   4    0   0   0   0   0   0   0   0   0  12  30   0   2   0   0   0  17   0   0  39  0.71 0.26
  154 I    -4  -4  -5  -6  -4  -4  -5  -5  -1   2   3  -5   4   6  -5  -4  -3  -2   0  -1    0   0   0   0   0   0   0   0   2  11  27   0  14  44   0   0   0   0   0   2  1.05 0.31
  155 S     4  -4  -3  -4  -1  -3  -3   0  -4   1  -1  -3  -2  -3  -3   1  -1  -4  -3   3   44   0   0   0   1   0   0   7   0   9   3   0   0   0   0   8   1   0   0  27  0.54 0.24
  156 T    -2  -4  -2  -3   5  -3  -3  -4  -4  -4  -4  -3  -3  -5  -4   4   6  -5  -4  -3    1   0   0   0  11   0   0   0   0   0   0   0   0   0   0  33  55   0   0   0  1.24 0.41
  157 A     6  -4  -4  -4  -3  -3  -3  -3  -4   0  -3  -3  -3  -4  -3   0  -1  -5  -4   2   74   0   0   0   0   0   0   0   0   3   0   0   0   0   0   4   2   0   0  17  1.08 0.37
  158 T    -3  -4  -3  -4  -4  -4  -4  -5  -5  -4  -4  -4  -4  -5  -4  -2   8  -6  -5  -3    0   0   0   0   0   0   0   0   0   0   0   0   0   0   0   0 100   0   0   0  2.17 0.58
  159 T    -2  -3   5  -1   0  -2  -3  -3  -3  -5  -4  -3  -4  -5  -4   5   2  -5  -4  -4    0   0  35   1   2   0   0   0   0   0   1   0   0   0   0  49  11   0   0   0  1.06 0.37
  160 V    -2  -2  -5  -3  -3  -4  -2  -5  -4   1   4  -4   0  -2   0  -4  -2  -4  -3   3    3   2   0   2   0   0   3   0   0   3  55   0   0   0   4   0   1   0   0  28  0.69 0.26
  161 E     1   0   0   2  -4   2   3  -3   0  -3  -4   3  -3  -2  -1  -1   0  -4  -3  -2   18   2   2  12   0  10  23   0   2   1   0  19   0   3   2   1   4   0   0   1  0.38 0.18
  162 E    -4  -3  -3  -1  -7  -1   8  -5  -3  -6  -6  -2  -5  -6  -4  -3  -4  -6  -5  -6    0   0   0   1   0   0  99   0   0   0   0   0   0   0   0   0   0   0   0   0  2.20 0.56
  163 A     5  -4  -4  -4  -3  -3  -3   0  -4  -2  -2  -3  -3   1  -3  -1  -1  -4  -3   1   69   0   0   0   0   0   0   6   0   2   2   0   0   8   0   1   4   0   0   9  0.85 0.32
  164 C    -2   4  -2  -1   0   2   1  -4   1  -1   0   3  -2  -3  -3  -2  -1  -1  -1  -1    0  30   0   2   2  11   8   0   4   3   8  21   0   0   0   1   2   1   2   5  0.44 0.19
  165 W     2   0  -1  -2  -3   3   1  -3   2   0   1  -1   0  -1  -3  -1  -1   1   1   0   20   5   1   0   0  22   7   0   7   4  13   2   3   1   0   1   1   2   6   5  0.22 0.15
  166 L     2  -4  -4  -5   1  -4  -4  -4  -4   4   3  -4   0  -2  -4  -2  -2  -4  -3   2   23   0   0   0   3   0   0   0   0  29  35   0   0   0   0   1   0   0   0  10  0.61 0.24
  167 E     1  -2  -1  -1  -2   1   3  -3   0   1   1  -1   0  -2  -3  -1   0  -3  -1   1   15   1   2   1   1   8  27   0   2  12  12   1   1   0   0   3   4   0   3   9  0.20 0.14
  168 S     2   0   1   3  -3   1   3  -2   0  -4  -3   1  -3  -4  -2   1   0  -4  -3  -3   25   4   6  16   0   6  21   0   2   0   2   8   0   0   0   7   4   0   0   0  0.38 0.17
  169 R     4  -1   0  -3  -1  -1  -2  -2   0  -2   1  -1  -2  -1  -3   1  -2  -4  -1  -1   50   3   4   0   1   2   0   0   2   0  18   3   0   3   0  11   0   0   1   2  0.42 0.22
  170 G    -2  -4   1   0  -5  -2  -2   7  -4  -6  -6   0  -5  -5  -4  -2  -4  -5  -5  -5    0   0   6   5   0   1   3  79   0   0   0   7   0   0   0   0   0   0   0   0  1.48 0.38
  171 C     0  -4  -5  -5   0  -4  -4  -5  -5   5   1  -4   2   0  -4  -3  -2  -4  -3   4    8   0   0   0   2   0   0   0   0  37   9   0   4   3   0   0   0   0   0  37  0.76 0.26
  172 D    -3  -4   1   8  -6  -2  -1  -4   2  -6  -6  -3  -6  -6  -4  -3  -4  -7  -5  -6    1   0   5  87   0   1   1   0   5   0   0   0   0   0   0   0   0   0   0   0  2.00 0.49
  173 A     3  -4  -3  -4  -3  -3  -4   5  -4   0  -3  -3  -3   0  -4  -2  -3  -4  -1   0   30   0   0   0   0   0   0  49   0   5   0   0   0   5   0   0   0   0   2   9  0.82 0.28
  174 I    -3  -5  -5  -5  -3  -5  -5  -6  -5   6   2  -5  -1  -2  -5  -4  -3  -5  -3   4    0   0   0   0   0   0   0   0   0  56  14   0   0   0   0   0   0   0   0  30  1.17 0.34
  175 I    -3  -5  -5  -6  -3  -5  -5  -6  -6   5  -1  -5  -1  -3  -5  -4  -3  -5  -4   6    0   0   0   0   0   0   0   0   0  33   2   0   0   0   0   0   0   0   0  65  1.36 0.39
  176 A     5  -4  -4  -5   6  -3  -4  -3  -4  -2   2  -4  -2  -4  -4  -1  -2  -4  -4  -1   54   0   0   0  20   0   0   0   0   0  21   0   0   0   0   3   0   0   0   3  0.93 0.33
  177 Q    -4  -2  -3  -4  -6   9  -1  -5  -3  -6  -5  -2  -4  -7  -5  -3  -4  -5  -5  -6    0   0   0   0   0 100   0   0   0   0   0   0   0   0   0   0   0   0   0   0  2.60 0.66
  178 G    -2  -5  -3  -4  -5  -4  -5   7  -5  -7  -6  -4  -5  -6  -5  -1  -4  -5  -6  -6    0   0   0   0   0   0   0  97   0   0   0   0   0   0   0   3   0   0   0   0  2.17 0.49
  179 Y    -3  -3  -5  -2  -4  -4  -5  -5  -2   3  -2  -4  -1   3  -5  -4  -4   7   7  -2    1   1   0   3   0   0   0   0   0  19   0   0   1  13   0   0   0  16  44   1  1.35 0.37
  180 E    -4  -3  -1  -1  -7   0   8  -5  -3  -6  -6  -2  -5  -6  -4  -3  -4  -6  -5  -5    0   0   2   0   0   1  97   0   0   0   0   0   0   0   0   0   0   0   0   0  2.11 0.55
  181 A     7  -4  -4  -5  -3  -4  -4  -3  -4  -4  -4  -4  -4  -5  -4  -2  -3  -5  -5  -3  100   0   0   0   0   0   0   0   0   0   0   0   0   0   0   0   0   0   0   0  1.81 0.51
  182 G    -3  -5  -3  -4  -5  -5  -5   7  -5  -7  -7  -4  -6  -6  -5  -3  -4  -5  -6  -6    0   0   0   0   0   0   0 100   0   0   0   0   0   0   0   0   0   0   0   0  2.31 0.51
  183 G    -3  -5  -3  -4  -5  -5  -5   7  -5  -7  -7  -4  -6  -6  -5  -3  -4  -5  -6  -6    0   0   0   0   0   0   0 100   0   0   0   0   0   0   0   0   0   0   0   0  2.31 0.51
  184 H    -5  -4  -3  -5  -7  -3  -3  -6  11  -7  -6  -4  -5  -5  -6  -4  -5  -6  -2  -7    0   0   0   0   0   0   0   0 100   0   0   0   0   0   0   0   0   0   0   0  3.46 0.71
  185 R    -4   8  -3  -5  -7  -2  -3  -5  -3  -6  -5  -1  -4  -6  -5  -3  -4  -6  -5  -6    0  99   0   0   0   0   0   0   0   0   0   0   0   0   0   1   0   0   0   0  2.40 0.57
  186 G    -3  -5  -3  -4  -5  -5  -5   7  -5  -7  -7  -4  -6  -6  -5  -3  -4  -5  -6  -6    0   0   0   0   0   0   0 100   0   0   0   0   0   0   0   0   0   0   0   0  2.31 0.51
  187 M    -1  -2   5  -1   1   0  -2  -3  -2   2  -1  -2   4  -3  -4   0   0  -4  -3   1    4   1  34   1   3   4   0   0   0  14   2   0  14   0   0   7   6   0   0   9  0.46 0.23
  188 F    -5  -6  -6  -7  -6  -6  -6  -6  -4  -3  -3  -6  -3   9  -7  -5  -5  -2   2  -4    0   0   0   0   0   0   0   0   0   0   0   0   0  97   0   0   0   0   3   0  2.66 0.58
  189 L    -2  -3   2   4  -4  -2   0  -3  -1   0   2  -1  -1  -3  -1  -1  -1  -4  -3  -2    3   0   9  35   0   0   3   0   2   7  31   3   0   0   3   2   2   0   0   1  0.45 0.21
  190 S     1  -2  -2   0  -3   0   0  -2  -2   0  -1  -2  -2  -4   5   1  -1  -4  -3   1   13   2   0   6   0   3   6   3   1   5   5   0   0   0  33  11   2   0   0  10  0.51 0.18
  191 K    -1  -1   3   3  -4   1   1  -2  -1  -3  -3   0  -3  -2   0   1   2  -4  -3  -3    1   1  19  22   0   7   7   2   1   1   1   6   0   1   3  14  13   0   0   0  0.41 0.18
  192 N     1   0   1   2  -2   1   1   0   1  -2  -1   0  -2   0  -1   0  -1  -2   1  -1   18   4   6  18   0   7  10   6   3   1   6   2   0   4   2   3   1   0   6   4  0.13 0.08
  193 T    -1  -1   0   2  -3   0   1  -2   0  -1   0   0  -1   1   2   0   0   0  -1  -1    2   1   4  16   0   3  13   2   2   2  15   5   0   7  10   4   8   2   2   2  0.15 0.08
  194 H    -4  -4   0   8  -5  -2   0  -3   0  -5  -5  -3  -5  -5  -3  -2  -2  -5  -5  -5    1   0   2  85   0   0   4   1   2   0   1   0   0   0   0   1   2   0   0   0  1.81 0.42
  195 T     0  -2  -1   2  -2   1   5   0  -2  -4  -4  -1  -3  -5   0   1   0  -5  -4  -4    9   1   1   9   1   3  49   7   0   0   1   2   0   0   3   9   6   0   0   0  0.63 0.25
  196 Q     0   2   3   0   2   4   1  -2  -1  -4  -4   3  -3  -5  -3  -1  -2  -4  -3  -4    7   9  19   4   5  24   8   2   1   0   1  19   0   0   0   2   0   0   0   0  0.52 0.22
  197 I    -4  -4  -5  -6  -3  -3  -5  -6  -5   2   5  -5   3  -1  -5  -5  -3  -1  -3   0    0   0   0   0   0   1   0   0   0  11  77   0   7   1   0   0   0   1   0   3  1.16 0.34
  198 G    -1  -2   0  -1  -3  -2  -2   3  -3  -4  -5   0  -4  -5   1   4   1  -5  -4  -4    1   1   2   3   0   1   0  25   0   0   0   6   0   0   5  46   9   0   0   0  0.68 0.27
  199 T    -1  -4  -3  -4  -4  -4  -4  -4  -5  -3  -1  -4  -3  -5  -4  -1   7  -5  -4  -2    3   0   0   0   0   0   0   0   0   0   7   0   0   0   0   0  89   0   0   1  1.72 0.51
  200 M     0  -1  -2  -3  -1   1  -1  -3   1   0   2  -1   1   3  -3  -1  -1   1   2   0    9   3   2   0   1   7   5   0   5   2  21   4   5  19   0   5   1   1   6   5  0.16 0.11
  201 S     3  -2   0   1   1   1   1  -1   0  -1  -2  -1  -2  -3   0   2   0  -4  -3  -1   29   0   2   8   4   6  10   1   3   4   2   1   0   0   3  18   5   0   0   3  0.25 0.14
  202 L    -4  -5  -6  -6  -4  -5  -6  -6  -6  -1   6  -5   0  -2  -6  -5  -4  -4  -4  -2    0   0   0   0   0   0   0   0   0   0 100   0   0   0   0   0   0   0   0   0  1.72 0.46
  203 V    -3  -4  -4  -5  -1  -4  -4  -5  -4   0   1  -4  -1   5  -4  -3   3  -3  -1   4    0   0   0   0   1   0   0   0   0   3  11   0   0  30   0   0  21   0   0  34  0.74 0.28
  204 P    -1   3   0   1  -4   2   1  -2   0  -2  -2   2  -2  -4   0   0   0  -4  -3  -2    3  22   3   7   0  14   6   1   2   3   3  17   0   0   5   7   6   0   0   1  0.33 0.15
  205 Q    -1   1  -2  -1  -2   4   0  -4  -2   0   2   1   0  -3  -3  -1   0  -4  -3   0    5   9   0   3   1  24   5   0   0   5  29   7   1   0   0   2   4   0   0   4  0.29 0.17
  206 I    -1  -4  -4  -5  -1  -4  -4  -5  -4   4   3  -4   0  -2  -4  -1   0  -4  -3   3    3   0   0   0   1   0   0   0   0  26  38   0   0   0   0   5   5   0   0  23  0.64 0.23
  207 V     0   0  -2  -3  -1   0  -2  -3  -2   1   0   3   0  -3  -3  -1  -1  -4  -3   4   10   4   1   0   1   4   0   0   1   4   9  21   1   0   0   2   2   0   0  39  0.34 0.19
  208 D     0   2   0   1  -2   3   1   0  -1  -3  -3   2  -2  -4  -1   0  -1  -4  -3  -3   10  14   2  10   1  15   7   5   1   1   1  18   0   0   2   8   2   0   0   0  0.30 0.13
  209 A     0   0   0  -2  -3   2   1  -2   3  -1  -1   0  -2   0  -3  -1  -1  -2   4  -1   11   6   5   0   0   9  11   2  10   2   7   7   0   3   0   2   3   0  20   2  0.23 0.13
  210 V    -2  -3  -3  -4   4  -3  -3  -3  -3   2   3  -1   0   0  -3  -1   1  -3  -2   3    1   0   0   0  10   0   0   2   0  14  29   4   0   4   0   3   8   0   0  23  0.36 0.15
  211 D     0   0   2   3  -1   0   1  -1  -2  -1  -2   0  -2  -3   1   1   0  -4  -3  -1    4   4  12  18   2   4   8   3   0   5   2   5   0   0   8  15   6   0   0   5  0.23 0.11
  212 I    -2  -4  -4  -4   1  -3  -3  -2  -2   2   3  -2   0  -2   5  -2   0  -4  -3   2    1   0   0   0   3   0   0   2   1  13  29   2   1   0  28   3   5   0   0  13  0.59 0.21
  213 P    -4  -3  -5  -5  -5  -4  -4  -5  -3  -4  -2  -2  -4   5   7  -4  -4  -3   4  -3    0   1   0   0   0   0   0   0   0   0   3   2   0  26  53   0   0   0  15   2  1.56 0.40
  214 V    -3  -5  -5  -5  -3  -4  -5  -6  -5   4   2  -5  -1  -2  -5  -4  -2  -5  -3   5    0   0   0   0   0   0   0   0   0  30  21   0   0   0   0   0   0   0   0  49  1.03 0.31
  215 I    -3  -5  -6  -6  -4  -5  -6  -6  -6   7  -1  -5  -1  -3  -5  -5  -3  -5  -4   4    0   0   0   0   0   0   0   0   0  75   1   0   0   0   0   0   0   0   0  24  1.56 0.42
  216 A     5  -4  -4  -4  -3  -3  -3  -3  -4  -4  -4  -3  -4  -5   5   0  -2  -5  -5  -3   64   0   0   0   0   0   0   0   0   0   0   0   0   0  31   4   1   0   0   0  1.34 0.40
  217 A     7  -4  -4  -4  -3  -3  -3  -2  -4  -4  -4  -3  -4  -5  -3   0   0  -5  -4  -3   93   0   0   0   0   0   0   0   0   0   0   0   0   0   0   3   4   0   0   0  1.58 0.47
  218 G    -3  -5  -3  -4  -5  -5  -5   7  -5  -7  -7  -4  -6  -6  -5  -3  -4  -5  -6  -6    0   0   0   0   0   0   0 100   0   0   0   0   0   0   0   0   0   0   0   0  2.31 0.51
  219 G    -2  -5  -3  -4  -5  -5  -5   7  -5  -7  -7  -4  -6  -6  -5  -2  -4  -5  -6  -6    0   0   0   0   0   0   0  98   0   0   0   0   0   0   0   2   0   0   0   0  2.22 0.50
  220 I    -4  -6  -6  -6  -4  -5  -6  -6  -6   8   1  -5   1  -3  -5  -5  -3  -5  -4   1    0   0   0   0   0   0   0   0   0  90   6   0   2   0   0   0   0   0   0   2  1.78 0.46
  221 A    -1  -4  -1  -3  -4  -3  -4  -2   0  -1  -1  -4   9  -3  -5  -2  -1  -4   0   2    5   0   3   1   0   0   0   3   3   2   0   0  61   0   0   2   3   0   4  14  1.24 0.41
  222 D    -3  -4   3   7  -5  -3  -1  -2  -3  -5  -6  -3  -5  -6  -4   1   1  -6  -5  -5    0   0  13  67   0   0   1   2   0   0   0   0   0   0   0   8   9   0   0   0  1.38 0.39
  223 P     1  -4  -2  -2  -4  -3  -4   6  -4  -5  -5  -3  -4  -5  -1   2  -2  -5  -5  -5    8   0   0   1   0   0   0  68   0   0   0   0   0   0   3  18   1   0   0   0  1.26 0.35
  224 R     2   2   0   0  -3   2   1  -2   0  -3  -3   3  -2  -3  -2   0   0  -4  -2  -2   22   9   3   3   0  12  11   2   2   0   0  22   1   1   0   6   4   0   1   2  0.32 0.16
  225 G     0  -3  -1   3  -3   1  -1   3   0  -2  -3  -2  -3  -4  -3   1   2  -4  -4  -2    6   0   0  22   0   8   1  28   2   2   1   0   0   0   0  10  18   0   0   2  0.46 0.20
  226 V     1  -5  -5  -5  -3  -5  -5  -5  -5   7  -1  -5   1  -3  -5  -4  -3  -5  -4   3   12   0   0   0   0   0   0   0   0  69   0   0   2   0   0   0   0   0   0  16  1.23 0.37
  227 A     2   3   2  -1  -2   1   0  -1  -2  -3  -2   2  -2  -2  -3   0  -1  -1  -3  -2   26  19  10   1   1   4   5   3   0   0   4  15   0   1   0   7   1   1   0   2  0.30 0.16
  228 A     3   0   0  -2  -3   1   1  -1   2  -3  -3   0  -2   0  -3   0  -1   1   4  -2   33   3   4   1   0   5   8   3   5   1   1   7   0   3   0   4   3   1  18   0  0.32 0.18
  229 A     3  -4  -4  -5   0  -3  -4  -4  -2  -2   0  -3   4   0  -4  -2  -2  -2   6   0   30   0   0   0   2   0   0   0   0   1   6   0  16   2   0   0   2   0  36   6  0.82 0.31
  230 F    -4  -3  -5  -6  -3  -4  -5  -6  -5   2   6  -4   3   0  -5  -5  -3  -4  -3   0    0   1   0   0   0   0   0   0   0   7  79   0   6   4   0   0   0   0   0   3  1.17 0.34
  231 I     1   0   2   3  -3   2   1  -2  -2  -2  -3   1   0  -4  -2   1   0  -4  -3  -3   12   5   9  21   0  11   8   1   0   2   0  11   3   0   0  14   3   0   0   0  0.35 0.16
  232 L    -2  -2   1  -3  -2   2  -1  -4   1  -1   4   0   0   0  -2  -1  -2  -3   0  -2    3   0  10   0   1  10   4   0   4   1  50   5   0   3   2   3   1   0   2   0  0.36 0.20
  233 G    -2  -5  -1  -4  -5   0  -4   7  -4  -7  -6  -4  -5  -6  -5  -3  -4  -5  -6  -6    0   0   3   0   0   4   0  93   0   0   0   0   0   0   0   0   0   0   0   0  2.02 0.47
  234 A     6  -4  -4  -4   0  -3  -4  -3  -4   0  -4  -3  -3  -5  -3  -1  -2  -5  -4   0   87   0   0   0   1   0   0   0   0   5   0   0   0   0   0   1   0   0   0   6  1.35 0.43
  235 S     3  -2  -2   2  -3   0   0  -1  -3  -2  -3  -1  -1  -4  -3   3  -1  -4  -3   0   32   0   0  12   0   4   6   2   0   1   1   3   1   0   0  28   1   0   0   8  0.40 0.21
  236 A     6  -4  -4  -4  -3  -3  -3   3  -4  -4  -4  -3  -4  -5  -3  -1  -3  -5  -4  -3   76   0   0   0   0   0   0  22   0   0   0   0   0   0   0   2   0   0   0   0  1.28 0.40
  237 V     2  -5  -5  -5   1  -4  -4  -4  -5   0  -2  -4  -2  -3  -4  -3  -1  -5  -4   6   21   0   0   0   3   0   0   0   0   1   0   0   0   0   0   0   3   0   0  72  1.13 0.37
  238 Q    -4  -2  -3  -3  -1   9  -1  -5  -3  -6  -5  -2  -1  -6  -4  -1  -4  -5  -5  -5    0   0   0   0   1  94   0   0   0   0   0   0   2   0   0   3   0   0   0   0  2.31 0.61
  239 V    -3  -4  -5  -6  -3  -4  -5  -6  -5   0   5  -4   6  -2  -5  -4  -3  -4  -3   1    0   0   0   0   0   0   0   0   0   2  68   0  22   0   0   0   0   0   0   8  1.21 0.36
  240 G    -3  -5  -3  -4  -5  -5  -5   7  -5  -7  -7  -4  -6  -6  -5  -3  -4  -5  -6  -6    0   0   0   0   0   0   0 100   0   0   0   0   0   0   0   0   0   0   0   0  2.31 0.51
  241 T    -3  -4  -3  -4  -4  -4  -4  -5  -5  -4  -4  -4  -4  -5  -4   0   8  -6  -5  -3    0   0   0   0   0   0   0   0   0   0   0   0   0   0   0   3  97   0   0   0  2.06 0.56
  242 A     6  -4  -4  -4  -3  -3  -3  -3  -4   1  -2  -3  -3  -4  -3  -2  -1  -5  -4   2   74   0   0   0   0   0   0   0   0   7   2   0   0   0   0   0   1   0   0  15  1.05 0.37
  243 Y    -5  -6  -6  -7  -5  -6  -6  -6  -4  -3  -2  -6  -3   9  -7  -5  -5   4   2  -4    0   0   0   0   0   0   0   0   0   0   2   0   0  89   0   0   0   5   4   0  2.38 0.53
  244 L    -3  -4  -5  -5  -3  -4  -5  -6  -5   4   4  -4   0  -2  -5  -4  -3  -4  -3   3    0   0   0   0   0   0   0   0   0  27  51   0   0   0   0   0   0   0   0  23  0.96 0.29
  245 H     3  -1  -2  -1  -3   0  -2   1  -1  -2   1  -1  -2  -2   3   0   0  -4  -3  -2   30   3   0   2   0   6   0  12   2   0  18   2   0   2  15   4   7   0   0   0  0.28 0.16
  246 T    -1  -5  -4  -5   9  -4  -4  -4  -5  -3  -4  -4  -3  -5  -4   0   5  -5  -5   0    5   0   0   0  48   0   0   0   0   0   0   0   0   0   0   6  36   0   0   5  1.62 0.43
  247 K     0  -1  -1   1  -4  -1  -1  -4  -3  -4  -5   2  -4  -5   7   0  -1  -5  -4  -3    7   2   2   8   0   3   2   0   0   0   0  13   0   0  51   6   4   0   0   2  1.12 0.30
  248 E    -3  -3  -3   0  -6   2   7  -2  -3  -6  -5  -2  -4  -6  -4  -1  -2  -5  -5  -5    0   0   0   2   0   8  83   3   0   0   0   0   0   0   0   2   2   0   0   0  1.62 0.46
  249 S     1  -4  -2  -3   3  -3  -3  -3  -4  -5  -5  -3  -4  -5  -4   6  -1  -5  -4  -4    9   0   0   0   6   0   0   0   0   0   0   0   0   0   0  84   1   0   0   0  1.46 0.47
  250 T     2  -1   3  -2  -3   0  -2  -1  -1  -1   0   0  -2  -3  -3   2   2  -4  -3  -1   22   1  17   0   0   3   0   1   1   3  11   5   0   0   0  21  12   0   0   1  0.28 0.17
  251 I     5  -3   0  -3  -2  -3  -3  -2  -4   1  -3  -3  -2  -4  -3   1   1  -5  -4   1   56   0   5   0   0   0   0   0   0   8   0   0   0   0   0   9   9   0   0  13  0.65 0.28
  252 S    -1  -3   4   4  -1  -2  -2  -1   1  -5  -5  -1  -4  -5   2   3  -1  -5  -4  -4    4   0  25  22   1   0   0   2   3   0   0   2   0   0  10  30   1   0   0   0  0.69 0.26
  253 P     2   0  -1   1  -3   1   1  -1  -1  -3  -4   1  -3  -4   3   2   0  -4  -3  -2   18   5   0   7   0   7  11   2   1   0   0  12   0   0  18  15   3   0   0   1  0.40 0.16
  254 I     2  -2  -1  -2  -3  -2   0   2   0  -1  -1   0  -2   4  -3  -1  -1  -2   2  -2   19   0   3   1   0   0   6  16   2   4   3   5   0  25   0   2   4   0   8   0  0.26 0.15
  255 Y    -4  -4  -3  -5  -5  -4  -4  -5   5   2  -3  -4  -3   5  -5  -4  -4   3   7  -2    0   0   1   0   0   0   0   0  13  12   0   0   0  23   0   0   0   4  46   1  1.41 0.38
  256 R    -1   6   1  -2  -4   0  -1   0  -1  -4  -2   2  -3  -4  -4   1  -1  -5  -4  -4    3  50   5   2   0   1   1   7   1   0   4  13   0   0   0   9   4   0   0   0  0.73 0.26
  257 A     2   1   2   2  -3   2   2  -2  -1  -4  -4   2  -3  -4  -2   0   0  -4  -3  -3   20   6  13  12   0   9  11   1   1   0   0  18   0   0   0   5   4   0   0   1  0.36 0.16
  258 S     3  -1  -2  -3   1   0  -1  -2  -2  -1   1   0   0  -1   0   1   0  -3  -1  -1   36   3   1   0   3   4   2   0   1   2  17   6   3   1   4   8   4   0   1   3  0.19 0.14
  259 L    -3  -4  -4  -5  -3  -4  -4  -3  -4   3   4  -3   0   2  -4  -2  -3  -3  -2   1    0   0   0   0   0   0   0   1   0  15  58   1   1   9   0   2   0   0   0  10  0.72 0.24
  260 K     0   1   0   0  -3   1   0  -1  -1  -2  -1   2   0   2  -2   0   1  -3  -1  -2   10   7   3   4   0   6   4   3   1   1   6  19   2  13   0   8  11   0   0   1  0.12 0.09
  261 S     0   0   2   0  -3   0   1   1  -1  -3  -2   0  -2  -3  -1   3   0  -3  -3  -2    4   5   9   4   0   4  10   9   1   1   3   5   0   0   2  38   4   0   0   2  0.31 0.15
  262 A     1   0   1   2   0   1   1  -1   0  -1  -2   1  -1  -2   2   1  -1  -2  -1  -1   11   3   5  12   2  10   6   4   3   3   3   8   1   1  11  10   2   0   1   4  0.15 0.05
  263 T     1   1   2   0  -2   1   0   0  -1  -2  -2   1  -2  -2   2   0   1  -3  -1  -1   16   8  11   3   0   6   5   5   1   2   3   9   0   1  11   6   8   0   2   2  0.16 0.07
  264 A     3   1  -1   0  -2   0   1   1   0  -3  -1   0  -2  -3   0   1  -1  -3  -1  -2   30   8   2   4   0   3   8  12   2   0   8   3   0   0   5  11   0   0   2   0  0.19 0.12
  265 H     0   0   0   0  -2   0   0   0   2  -1  -1   1  -1  -1   1   0   1   0   0  -1   10   6   3   4   0   5   7   6   8   5   4   8   1   3   8   5  10   1   3   3  0.07 0.04
  266 D    -1   0   1   2  -1   1   2  -1   4  -3  -2   0  -1  -4   3   0   0  -4  -2  -3    4   3   5  13   1   4  13   5  14   1   3   4   1   0  14   6   7   0   0   0  0.32 0.14
  267 T    -3  -4  -3  -4  -4  -4  -4  -5  -5  -4  -4  -4  -4  -5  -4  -2   8  -6  -5  -3    0   0   0   0   0   0   0   0   0   0   0   0   0   0   0   0 100   0   0   0  2.19 0.60
  268 C     0   1  -3  -3   0   1  -1  -4  -3   3   0  -1   0  -2  -3  -2   0  -4  -3   3    8  11   0   0   2   9   4   0   0  25   5   3   1   0   0   1   5   0   0  26  0.29 0.17
  269 L    -4  -4  -5  -6  -4  -4  -5  -6  -5   3   2  -4   9  -3  -5  -5  -3  -4  -4   0    0   0   0   0   0   0   0   0   0  14  12   0  69   0   0   0   0   0   0   5  1.83 0.51
  270 S    -3  -4  -3  -4  -3  -3  -4  -4  -4   0  -3  -3  -3  -4  -4   0   7  -5  -4   1    0   0   0   0   0   0   0   0   0   5   1   0   0   0   0   6  80   0   0   9  1.44 0.46
  271 N     2   2   1   2   0  -1   0  -2  -2  -4  -4   0  -3  -4   3   2  -1  -4  -3  -3   26  15   7  11   2   0   3   0   1   0   0   5   0   0  14  15   1   0   0   0  0.41 0.19
  272 V     3  -3  -2  -4  -1  -3  -2  -2  -3   1   3  -3   0  -1  -3   1  -1  -3  -1   1   30   0   1   0   1   0   1   1   0   6  33   0   1   1   0  10   1   0   2  12  0.33 0.18
  273 F    -3  -5  -5  -5   0  -5  -5  -6  -5   6   0  -5  -1   1  -1  -4  -3  -4  -3   4    0   0   0   0   2   0   0   0   0  51   2   0   0   7   3   0   0   0   0  35  1.06 0.33
  274 S    -2  -4  -2  -3  -4  -3  -3  -3  -4  -5  -5  -3  -4  -5  -4   7   1  -6  -5  -4    0   0   0   0   0   0   0   0   0   0   0   0   0   0   0  94   6   0   0   0  1.77 0.54
  275 G    -3  -5  -3  -4  -5  -5  -5   7  -5  -7  -7  -4  -6  -6  -5  -3  -4  -5  -6  -6    0   0   0   0   0   0   0 100   0   0   0   0   0   0   0   0   0   0   0   0  2.33 0.53
  276 R    -4   7  -3  -4  -6  -1  -2  -5  -3  -5  -3   4  -4  -5  -4  -3  -4  -5  -4  -5    0  68   0   0   0   0   0   0   0   0   3  29   0   0   0   0   0   0   0   0  1.66 0.46
  277 P    -1  -1   1  -4  -5  -2  -3  -4   0  -2  -5  -3  -4  -1   8  -1  -3  -6  -4  -4    4   3   8   0   0   2   0   0   3   3   0   0   0   4  69   4   0   0   0   0  1.72 0.43
  278 T     7  -4  -4  -4  -3  -3  -4  -3  -4  -4  -1  -3  -3  -5  -4  -1  -1  -5  -4  -3   92   0   0   0   0   0   0   0   0   0   5   0   0   0   0   1   2   0   0   0  1.50 0.47
  279 R    -5   8  -3  -5  -7  -2  -3  -5  -3  -6  -5  -1  -4  -6  -5  -4  -4  -6  -5  -6    0 100   0   0   0   0   0   0   0   0   0   0   0   0   0   0   0   0   0   0  2.48 0.60
  280 C     2  -4  -3  -4   7  -3  -4   3  -4  -4  -4  -3  -3  -5  -4   0   3  -5  -4  -3   18   0   0   0  27   0   0  26   0   0   0   0   0   0   0   4  26   0   0   0  0.97 0.32
  281 R    -3  -2  -5  -5  -3  -4  -5  -5  -5   5   4  -4   1   0  -5  -4  -3  -4  -3   2    0   2   0   0   0   0   0   0   0  37  42   0   3   3   0   0   0   0   0  12  0.85 0.27
  282 M     1   2  -1  -1   0  -1   0  -2  -1   1   0   2   0  -2  -1   0   0  -3  -2   1   12  12   1   2   2   1   6   1   1   8  10  15   2   0   3   9   2   0   1  13  0.09 0.08
  283 N    -3  -3   6  -2  -4  -3  -3  -2  -3  -3  -5  -3  -4  -5  -4   0   5  -6  -4  -4    0   0  50   0   0   0   0   1   0   1   0   0   0   0   0   4  44   0   0   0  1.37 0.44
  284 R     0   3  -3   0  -4   1  -1  -2   1  -4  -3   0  -3  -4   6  -1  -1  -5  -2  -3   10  18   0   6   0   6   3   2   3   0   2   3   0   0  40   3   2   0   2   1  0.80 0.25
  285 F    -5  -6  -4  -6  -5  -6  -6  -6  -4  -2   0  -6  -1   8  -6  -5  -5   5   1  -3    0   0   1   0   0   0   0   0   0   1   7   0   1  82   0   0   0   7   1   0  2.08 0.50
  286 I    -2  -3  -4  -4   2  -2  -4  -5   1   5   1  -3   1  -1  -4  -3   3   0  -2   0    1   1   0   0   4   2   0   0   4  45  12   0   2   2   0   0  22   1   1   3  0.60 0.26
  287 R     0   3   0   2  -1   2   2  -3   1  -4  -4   1  -3  -4  -3   0   0  -4  -3  -2    8  23   4  14   2  11  18   0   3   0   0   4   0   0   0   6   6   0   0   2  0.41 0.18
  288 E     0   0   1   1  -3   0   1  -1   0  -1   0   1   0   0  -3   0  -1   4  -1  -2    8   4   7  11   0   4  11   2   2   2  13  10   2   6   0   7   3   7   1   0  0.12 0.08
  289 H     0  -3  -3  -4  -3  -3  -1   1   0   1   3  -3   1   0  -4  -2   0  -3  -2   0   10   0   0   0   0   0   4  13   2   8  45   1   2   3   0   1   5   0   0   6  0.31 0.17
  290 G     0   0  -1   1  -2   1   1  -1   0   1   0  -1  -1  -2  -2  -1   0  -1  -1   1    8   5   2  11   1  10  13   4   3  14   6   1   0   0   0   2   6   1   2  11  0.08 0.08
  291 P     1   1   1   1  -1   2   1   1   0  -2  -2   1  -2  -3   0   1   1  -4  -3  -2   10   7   6   8   1  11   7  11   2   2   4   6   0   0   4  13   8   0   0   0  0.17 0.09
  292 I     0   0   0   1  -2   2   0   0   1  -1  -2   1  -2  -3   2   0   0  -3  -2  -1    7   5   3  11   0  14   4   8   4   6   2   8   0   1  12   7   4   0   1   2  0.18 0.07
  293 S     0   1   0   1   0   0   0   1   0  -2   0   0  -1  -3   2   1   0  -3  -2  -1   10  10   4  10   3   2   5  11   2   0  10   2   1   0   9   9   7   0   0   4  0.11 0.06
  294 D     0  -2   0   3  -3   0   2  -1  -1  -2   0   0  -2  -2   2   0   0  -3  -1   0    6   0   3  18   0   1  16   3   1   0  11   7   0   2  11   7   4   0   3   8  0.19 0.11
  295 K     1   0   0   2  -1   1   3  -1  -2  -2  -2   1  -1  -4   1   0   0  -4  -3  -2   14   4   5  11   1   5  24   4   0   2   2   8   2   0   7   6   4   0   0   2  0.26 0.12
  296 S    -2  -4  -4  -5  -3  -2  -4  -5  -4   4   4  -4   1  -1   1  -2  -2  -4  -3   2    2   0   0   0   0   2   0   0   0  28  45   0   1   1   6   2   2   0   0  11  0.63 0.23
  297 P    -2  -5  -5  -5  -6  -4  -4  -5  -5  -6  -4  -4  -6  -7   9  -4  -4  -7  -6  -5    2   0   0   0   0   0   0   0   0   0   1   0   0   0  96   0   0   0   0   0  2.96 0.63
  298 Q     0  -4  -2   6  -5  -1  -1   0  -3  -5  -3  -3  -4  -5   4   0  -3  -6  -5  -4   10   0   0  52   0   2   1   6   0   0   3   0   0   0  18   7   0   0   0   0  0.98 0.32
  299 F    -5  -5  -5  -6  -6  -5  -5  -6  -1  -4  -4  -5  -4   4  -6  -5  -5  -1   9  -4    0   0   0   0   0   0   0   0   0   0   0   0   0  11   0   0   0   0  89   0  2.68 0.62
  300 P    -3  -5  -4  -4  -5  -2  -4   4  -5  -5  -6  -4  -5  -6   7  -1  -4  -6  -5  -3    0   0   0   0   0   2   0  31   0   0   0   0   0   0  61   5   0   0   0   2  1.77 0.44
  301 L    -3  -3  -4  -5   0  -4  -4  -5  -2   3   2  -4   0   0  -5  -3  -2  -1   7   0    1   1   0   0   2   0   0   0   0  21  20   0   2   1   0   2   2   0  43   5  0.91 0.31
  302 G     4   1  -3  -3  -3  -2  -3  -1  -3  -2  -2  -2   2  -4   2   0   2  -4  -3   0   45  10   0   0   0   0   0   4   0   1   2   0   8   0   8   4  12   0   0   6  0.46 0.23
  303 F    -3  -5  -5  -6  -5  -4  -5  -2  -1  -4  -4  -5  -4   1  -6  -4  -1  -1   9  -4    2   0   0   0   0   0   0   3   0   0   0   0   0   2   0   0   4   0  88   0  2.41 0.59
  304 S    -1  -3   3   6  -4  -2  -1  -2   0  -4  -5  -2  -4  -4  -4   2  -2  -5   2  -2    4   0  14  49   0   0   0   2   2   0   0   1   0   0   0  18   0   0   8   3  0.89 0.31
  305 A     5  -2  -3  -4  -3  -3  -1   0  -4   0   1  -3   0  -3  -3   0  -2  -4  -3   0   59   1   0   0   0   0   3   6   0   5  13   0   2   0   0   4   0   0   0   6  0.59 0.27
  306 M     1  -4  -3  -4  -4  -3  -4   4  -2  -1  -3  -4   0   4  -4  -2  -3  -2   5  -3   14   0   0   0   0   1   0  30   0   3   0   0   2  21   0   1   1   0  26   0  0.79 0.29
  307 S    -3   2  -3  -4  -6  -1  -2  -4  -3  -6  -5   7  -4  -6  -4  -2  -3  -6  -5  -5    0   8   0   0   0   0   0   0   0   0   0  90   0   0   0   2   0   0   0   0  1.85 0.51
  308 A     3   0  -2   0  -3   4   0  -1  -2  -4  -3   1  -2  -4   0   1   0  -4  -3  -3   30   4   0   4   0  23   2   2   0   0   1  10   0   0   3  12   6   0   0   0  0.43 0.21
  309 L    -2  -4  -6  -6  -3  -4  -5  -6  -5   1   6  -5   2   0  -5  -4  -3   0  -3   0    3   0   0   0   0   0   0   0   0   5  80   0   3   3   0   0   0   2   0   4  1.14 0.35
  310 R     2   2   4  -2  -4  -1  -2  -2   4  -4  -3   2  -3  -4  -3   0  -2  -5  -3  -2   23  12  25   0   0   0   0   1  14   0   3  16   0   0   0   4   1   0   0   3  0.51 0.23
  311 I     3  -1   1  -2  -3   0  -1   2  -2  -2  -3   0  -2  -3   0   2   0  -4  -3  -2   38   2   9   0   0   3   2  13   0   2   2   4   0   1   4  15   4   0   0   1  0.35 0.18
  312 E     4  -2  -2   0  -2  -1   1  -2   0  -2   1   1  -2  -3  -2   0   0  -4  -3  -1   43   0   0   6   0   2   9   0   2   1  15  10   0   0   0   3   4   0   0   4  0.31 0.18
  313 G     5  -3  -2  -2  -2  -2  -2   0  -3  -1   0  -2  -2   0  -3  -1  -2  -3   2   0   55   0   2   2   0   0   1   4   0   3  12   2   0   3   0   1   0   0   8   6  0.47 0.22
  314 E     0   1  -1  -1  -2   0   0   0  -2  -1  -1   3   0  -1   0   1  -1  -2  -2   0    7   5   2   1   0   2   4   5   0   2   5  32   3   4   3  15   2   0   1   7  0.18 0.10
  315 Q     2   0   1  -1  -2   2   0  -1  -1  -2  -1   1  -1  -2  -1   1   0  -2  -1  -1   22   4   7   2   1  15   5   4   1   2   5   9   1   1   2  10   4   0   3   3  0.15 0.07
  316 Q     1   1   1  -1  -1   2   0  -1   0  -1  -1   2   0  -1  -1   1   0  -2  -1  -1   11   4   6   3   1  13   5   3   3   3   3  21   2   3   1   8   5   0   1   4  0.13 0.06
  317 G    -1  -1   0  -1   0   0  -1   5  -2  -2  -3  -1  -2  -3  -2  -1  -2  -2  -2  -2    2   3   3   3   2   5   3  57   1   3   3   4   1   1   2   3   2   0   1   2  0.65 0.16
  318 K    -1   1   2   3   0   0   2   0   0  -3  -3   0  -3  -4   3   0  -1  -4  -3  -2    2   7  10  17   2   3  19   5   2   0   1   4   0   0  15   6   1   0   0   3  0.36 0.13
  319 R     0   0   0   1  -3   1   1   0   2  -2  -1   0  -1   0   2   0   0   0   1  -1    6   4   3  10   0   8  10   8   6   1   4   3   1   4  10   5   5   1   6   2  0.12 0.06
  320 D    -1   0  -1   4  -4  -1   1   4  -3  -4  -2  -1  -1  -4  -3  -1  -2  -4  -4  -3    5   6   1  28   0   2  10  33   0   0   6   3   1   0   0   4   0   0   0   1  0.54 0.21
  321 F    -1  -4  -2  -5   1  -4  -5  -5  -2   1  -1  -4  -2   6  -5  -4  -2  -1   6   0    4   0   3   0   3   0   0   0   0  10   3   0   0  33   0   0   2   0  38   5  1.08 0.33
  322 S     1  -4   2   0  -4  -1  -3   5  -3  -5  -3  -3  -4  -5  -4   1  -2  -5  -4  -4   10   0   9   5   0   3   0  58   0   0   3   0   0   0   0  10   1   0   0   0  0.92 0.29
  323 P     4  -4  -4  -4  -3  -4  -4  -3  -4  -3  -2  -4   0   6   0  -1  -3  -3  -1   0   48   0   0   0   0   0   0   0   0   0   2   0   2  36   4   3   0   0   0   5  0.89 0.34
  324 H    -4  -3   0  -4  -1   4  -3  -5   5  -1  -1  -3  -3   3  -5  -3  -3  -2   6  -2    0   0   5   0   1  20   0   0  16   5   5   0   0  11   0   0   0   0  35   2  0.94 0.33
  325 Y    -5  -5  -6  -7  -5  -5  -6  -6  -5  -3   4  -6  -2  -1  -6  -6  -5  11   0  -3    0   0   0   0   0   0   0   0   0   0  46   0   0   1   0   0   0  51   2   0  2.30 0.53
  326 C     6  -4  -4  -4   3  -3  -4  -3  -4  -3  -4  -3  -3  -5  -3  -1  -1  -5  -4   0   85   0   0   0   5   0   0   0   0   0   0   0   0   0   0   2   2   0   0   7  1.35 0.44
  327 G    -3  -5  -3  -4  -5  -5  -5   7  -5  -7  -7  -4  -6  -6  -5  -2  -4  -5  -6  -6    0   0   0   0   0   0   0  99   0   0   0   0   0   0   0   1   0   0   0   0  2.26 0.52
  328 Q     0  -2  -2  -2  -5   7   0  -4  -2  -5  -5  -2  -2  -6  -4   2   0  -5  -4  -4    9   0   0   1   0  67   3   0   0   0   0   0   1   0   0  14   5   0   0   0  1.34 0.45
  329 S    -1  -3   6  -2  -5  -2  -3   5  -1  -6  -6  -1  -4  -5  -4   1  -3  -5  -5  -5    2   0  39   0   0   1   0  45   1   0   0   2   0   0   0   9   0   0   0   0  1.16 0.35
  330 V     4  -4  -4  -5  -3  -1  -4  -3   0  -2  -3  -3  -3   1  -4  -2  -3  -2   6   2   39   0   0   0   0   2   0   0   2   0   0   0   0   4   0   0   0   0  36  17  0.92 0.35
  331 A     1  -2  -1   0  -4   1  -2  -1   4  -3  -3  -1  -1  -1   5  -1   0  -4   0  -3   17   0   1   7   0   7   0   5  14   1   2   3   2   2  28   3   4   0   4   0  0.52 0.20
  332 M    -2   1   0  -3  -3   3  -2  -4  -1  -2   3   2   3  -1  -3   0  -2  -4  -3  -2    0   6   5   0   0  16   0   0   1   0  36  15   9   3   0  10   0   0   0   0  0.38 0.22
  333 K     3  -3  -2  -4   1  -3  -3  -3  -4   4  -1  -2   1  -3  -3   1  -1  -4  -3   2   33   0   2   0   3   0   0   0   0  29   2   2   3   0   0  10   1   0   0  15  0.46 0.22
  334 S    -3   6   1   0  -5   2   1  -4  -2  -5  -3   0  -3  -5  -4   0  -1   3  -3  -4    0  54   8   4   0   8   8   0   0   0   1   3   0   0   0   7   3   4   0   0  0.89 0.31
  335 S     1  -2   2   2  -2   0   3   2  -2  -4  -4  -1  -3  -4   0   0   1   0  -2  -3   14   1  10  10   1   2  21  18   0   0   0   2   0   0   4   6   8   1   1   0  0.33 0.15
  336 E    -2   0  -1  -4  -3  -2  -2  -4  -3   1   4   0   5  -1  -4  -2  -2  -4  -3   0    1   6   4   0   0   0   2   0   0   8  41   8  24   2   0   1   0   0   0   2  0.57 0.24
  337 S    -1  -3   1   1  -4  -2   0  -1  -3  -4  -3  -1  -3  -4   5   3   2  -5  -4  -2    3   0   6   8   0   0   5   3   0   0   3   3   0   0  32  24  12   0   0   2  0.68 0.24
  338 A     5  -3  -3  -3  -2  -3  -3  -2  -4  -1  -3  -3  -1  -4  -3   1   3  -4  -3   1   60   0   0   0   0   0   0   0   0   3   0   0   2   0   0   6  19   0   0   9  0.77 0.30
  339 T     2   0  -1   0  -1   2   2   2  -2  -3  -2   2  -2  -4  -2   0   0  -3  -3  -2   23   3   1   3   1   9  15  14   0   0   2  13   0   0   1   5   5   0   0   2  0.25 0.13
  340 Q    -1  -1   0   2  -5   3   5  -4  -1  -4  -4   1  -3  -5  -3  -2  -1  -5  -4  -2    5   2   2  13   0  14  48   0   1   0   1   7   0   0   0   0   2   0   0   4  0.77 0.28
  341 L    -3  -4  -5  -5  -3  -4  -4  -5  -5   3   4  -2   1  -1  -5  -4  -2  -4  -3   2    0   0   0   0   0   0   0   0   0  21  54   3   2   1   0   0   1   0   0  17  0.81 0.27
  342 T    -3  -4  -5  -5  -3  -4  -4  -5  -4   3   2  -4   6   2  -5  -4  -1  -4  -2   3    0   0   0   0   0   0   0   0   0  16  13   0  30   9   0   0   4   0   0  27  0.83 0.29
  343 R     2   1   2   1  -3   2   2  -1   0  -3  -2   2  -2  -4  -2   1  -1  -4  -3  -2   18   9  10   6   0  10  13   3   2   0   3  14   0   0   0   9   1   0   0   1  0.28 0.14
  344 D     0   1   1   0  -1   2   1  -2  -2   0  -1   1  -1  -3  -2   0   2  -4  -3   0    7   7   8   4   1  11   8   1   0   4   5   8   1   0   0   5  21   0   0   7  0.17 0.11
  345 L    -4  -5  -6  -6  -4  -5  -5  -6  -5   1   6  -5   1  -1  -5  -5  -3  -1  -3   0    0   0   0   0   0   0   0   0   0   5  88   0   2   2   0   0   0   1   0   3  1.36 0.39
  346 A     1  -1  -3  -3  -1  -2  -2   0  -3   3  -1  -1  -1  -2  -3  -1   2   2  -3   3   12   2   0   0   1   1   2   7   0  18   3   5   1   0   0   1  13   3   0  31  0.27 0.16
  347 L     0   2   1   1  -4   2   2  -3   0  -3  -1   3  -2  -4  -3   0   0  -4  -3  -3    9  12   7   5   0  11  16   0   2   0   9  20   0   0   0   5   4   0   0   0  0.31 0.15
  348 K    -2  -1   0   1  -6   0   6   2  -3  -6  -5   0  -4  -6  -4  -2  -3  -5  -4  -5    1   2   3   5   0   3  66  15   0   0   0   4   0   0   0   2   0   0   0   0  1.12 0.37
  349 A    -1  -4  -5  -5   1  -3  -4  -4  -4   2   4  -4   5  -1  -4  -3  -1   3  -1   0    5   0   0   0   3   0   0   1   0   8  47   0  19   1   0   0   3   5   2   5  0.69 0.26
  350 R     0   1   1  -1  -3   2   1  -1   1  -1  -2   2   0  -2  -2   1   0  -1  -2  -2   10   7   9   1   0  14  10   4   3   3   1  16   3   2   0   8   7   1   0   1  0.20 0.11
  351 S     1   0   1   1  -2   1   0   0   0   0  -1   0  -1  -1   0   1   0   1  -2   0   15   4   7   7   0   7   5   5   2   8   5   7   0   3   3  10   2   2   0   8  0.05 0.04
  352 L     2   1   0  -1   0   1   0  -1   1   0  -1  -1  -1  -1  -1   0   0  -3  -1   0   28   8   6   2   3   6   7   3   5   9   4   0   0   2   2   4   4   0   2   6  0.08 0.07
  353 L     0   0   0   0  -2   1   0   2  -2  -1   0   1   0   1  -1   0   0  -2  -1  -1    9   4   3   4   0   6   5  16   0   3  12  10   3   8   1   9   7   0   0   1  0.06 0.04
  354 K     0   3   0  -2  -3   1   1   2   1  -3  -3   2  -2  -1  -3   0  -2   2  -2  -1    8  20   5   0   0   8   8  18   5   0   0  12   0   4   0   3   0   3   0   6  0.24 0.10
  355 G     1   0   1   1   0   1  -1   1  -1  -2  -3   1  -2  -2   1   0   0  -2   1  -1   15   2   9   7   3   8   0  11   0   0   0  16   0   0   6   7   4   0   9   3  0.15 0.06
  356 F     0  -2  -2  -2  -2  -1   1  -2  -2   1   1  -2   0   3   0   0   0  -2   0   1   10   0   0   0   0   0  13   0   0  12  13   0   0  20   5  12   6   0   0   9  0.11 0.04
  357 A     0   3   1  -1  -2   1   0   1  -1  -2  -2   1  -2  -3   1   1   0  -3  -2  -1   10  27   8   0   0   7   0  10   0   0   0   8   0   0   6  11   7   0   0   6  0.22 0.04
  358 T     0   2   2  -1  -2  -1  -1  -2  -1   0  -1   0  -1   1   1   0   1  -3  -1   1   13  17  20   0   0   0   0   0   0   9   0   0   0   9   8   0  12   0   0  12  0.12 0.03
  359 D     0   0   0   4  -2   1   0  -2  -1  -1  -2   0  -2  -3   1   1   1  -4  -2   0    9   8   0  34   0   9   0   0   0   0   0   0   0   0   8  10  10   0   0  13  0.26 0.04
  360 H     0   0   0  -1  -3   2   0   2   4  -3  -3   2  -2  -3  -2   1   0  -3  -1  -3    0   0   0   0   0  18   0  18  23   0   0  18   0   0   0  23   0   0   0   0  0.31 0.02
  361 D    -1  -2   0   4  -2  -1   0  -2  -2   1   0  -1   2  -2  -2   1   0  -3  -2   0    0   0   0  41   0   0   0   0   0  23   0   0  18   0   0  18   0   0   0   0  0.23 0.02

                      K         Lambda
PSI Ungapped         0.1755     0.3177
PSI Gapped           0.0537     0.2670
