
Last position-specific scoring matrix computed, weighted observed percentages rounded down, information per position, and relative weight of gapless real matches to pseudocounts
            A   R   N   D   C   Q   E   G   H   I   L   K   M   F   P   S   T   W   Y   V   A   R   N   D   C   Q   E   G   H   I   L   K   M   F   P   S   T   W   Y   V
    1 I    -2  -4  -5  -6  -4  -5  -5  -5  -2   1   4  -5   1   6  -5  -4  -3  -2   0  -2    3   0   0   0   0   0   0   0   1   7  43   0   2  44   0   0   0   0   0   0  1.07 0.31
    2 A     0  -2  -3  -4   3   0  -3  -4  -4   2   4  -3   3  -1  -4  -1   0  -3  -3   1    6   1   0   0   6   4   0   0   0  10  45   0   7   1   0   5   8   0   0   6  0.41 0.18
    3 S    -1   1  -1   1  -4   4   2  -2   1  -4  -3   3  -2  -4  -3   1   1  -4  -1  -3    4   4   1   9   0  20  11   1   4   0   2  26   0   0   0  10   8   0   2   0  0.43 0.18
    4 L    -1   4   0  -2   1   1  -2  -2   0  -3   0   2  -2  -3  -3   0   1  -1  -3  -2    5  32   3   2   4   4   0   1   2   0  13  17   0   0   0   4  10   1   0   1  0.36 0.18
    5 F    -3  -5  -6  -6  -4  -5  -5  -6  -5   1   5  -5   0   4  -5  -5  -3  -3  -2  -1    1   0   0   0   0   0   0   0   0   5  74   0   0  20   0   0   0   0   0   0  1.20 0.35
    6 D    -1  -1   3   1  -4   0  -1   5  -3  -5  -5   0  -4  -5  -4  -1  -2  -5  -4  -5    3   3  13   7   0   4   3  58   0   0   0   5   0   0   0   4   1   0   0   0  0.92 0.27
    7 I    -3  -4  -5  -5  -3  -4  -5  -6  -5   5   4  -4   1  -2  -5  -4  -3  -4  -3   3    0   0   0   0   0   0   0   0   0  39  39   0   1   0   0   0   0   0   0  20  0.95 0.28
    8 E    -1   4  -2   1  -4   2   2  -3  -2  -3  -4   4  -3  -4  -1   0  -1  -4  -3  -2    5  22   0   8   0  10  13   0   0   1   0  32   0   0   2   4   3   0   0   2  0.56 0.21
    9 L    -2  -4  -4  -5  -4  -3  -4  -5   5   0   0  -3  -2   2  -5  -4  -2   4   7   1    2   0   0   0   0   0   0   0  15   4  10   1   0   6   0   0   2   5  44  10  1.01 0.31
   10 P    -4  -5  -5  -5  -6  -4  -4  -5  -5  -6  -6  -4  -6  -7   9  -4  -4  -7  -6  -6    0   0   0   0   0   0   0   0   0   0   0   0   0   0 100   0   0   0   0   0  3.15 0.62
   11 I    -4  -6  -6  -6  -4  -5  -6  -6  -6   7   1  -5  -1  -3  -5  -5  -3  -5  -4   1    0   0   0   0   0   0   0   0   0  88   8   0   0   0   0   0   0   0   0   4  1.71 0.44
   12 I    -3  -5  -5  -5  -3  -5  -5  -6  -5   6   1  -5   2   3  -5  -4  -3  -4  -2   2    0   0   0   0   0   0   0   0   0  65   7   0   4  13   0   0   0   0   0  10  1.15 0.33
   13 Q    -4  -2  -3  -3  -6   8  -1  -5  -3  -5   0  -2  -3  -5  -4  -3  -4  -5  -4  -3    0   0   0   0   0  87   0   0   0   0  12   0   0   0   0   0   0   0   0   1  1.98 0.55
   14 A     6  -4  -4  -4  -3  -3  -3  -2  -4  -4  -4  -3  -4  -5  -3   2  -2  -5  -4  -3   85   0   0   0   0   0   0   0   0   0   0   0   0   0   0  15   0   0   0   0  1.42 0.43
   15 P    -4  -5  -5  -5  -6  -4  -4  -5  -5  -6  -6  -4  -6  -7   9  -4  -4  -7  -6  -6    0   0   0   0   0   0   0   0   0   0   0   0   0   0 100   0   0   0   0   0  3.15 0.62
   16 M    -4  -5  -6  -7  -5  -4  -6  -6  -5  -2  -1  -5  11  -3  -6  -5  -4  -5  -4  -3    0   0   0   0   0   0   0   0   0   0   0   0 100   0   0   0   0   0   0   0  3.12 0.72
   17 A     7  -4  -4  -5  -3  -4  -4  -3  -4  -4  -4  -3  -4  -5  -4  -1  -2  -5  -4  -1   96   0   0   0   0   0   0   0   0   0   0   0   0   0   0   0   1   0   0   3  1.64 0.48
   18 G    -2  -5  -1  -4  -5  -4  -5   7  -5  -7  -6  -4  -5  -6  -5  -1  -4  -5  -6  -6    0   0   3   0   0   0   0  94   0   0   0   0   0   0   0   3   0   0   0   0  2.06 0.47
   19 S     1  -4  -4  -5  -3  -4  -4  -4  -5   2  -1  -4  -1  -3  -4  -2   0  -5  -3   6   14   0   0   0   0   0   0   0   0  11   1   0   0   0   0   2   6   0   0  66  0.96 0.33
   20 S     1  -3  -2  -3   0  -3  -3  -2  -4  -5  -4  -3  -4  -5  -3   6   2  -5  -4  -4    7   0   0   0   2   0   0   1   0   0   1   0   0   0   0  80   9   0   0   0  1.30 0.44
   21 G    -3  -4  -1  -2  -4  -3  -3  -2  -4  -4  -4  -3  -3  -5  -2   1   7  -5  -4  -3    0   0   1   2   0   0   0   2   0   0   0   0   0   0   2  10  83   0   0   0  1.54 0.47
   22 I    -2  -5  -5  -4  -4  -4  -4  -5  -5   2  -1  -4  -3  -5   7  -3  -3  -6  -5   2    2   0   0   0   0   0   0   0   0  15   4   0   0   0  64   1   0   0   0  14  1.64 0.40
   23 E     2   0  -2   1  -4   2   5  -2  -2  -4  -3   1  -3  -5  -3   0  -2  -5  -4  -3   18   3   0   6   0   9  45   2   0   0   3   9   0   0   0   5   1   0   0   0  0.63 0.25
   24 M    -4  -4  -5  -6  -4  -4  -5  -6  -5   0   5  -4   7  -1  -5  -4  -3  -4  -3   0    0   0   0   0   0   0   0   0   0   2  59   0  35   1   0   0   0   0   0   3  1.35 0.39
   25 A     6  -4  -4  -4  -3  -3  -3  -2  -4  -2  -4  -3  -3  -5  -3   0  -2  -5  -4  -1   91   0   0   0   0   0   0   0   0   1   0   0   0   0   0   4   0   0   0   4  1.48 0.45
   26 L     6  -4  -3  -4  -3  -3  -3  -2  -4  -2  -1  -2  -3  -2  -3   2  -1  -5  -4  -2   73   0   0   0   0   0   0   0   0   1   5   1   0   1   0  18   1   0   0   0  1.04 0.37
   27 S     5  -2  -1  -1  -3   0   2  -2  -3  -2  -3   0  -3  -4  -3   0   1  -4  -4  -1   55   0   2   2   0   3  14   0   0   2   0   5   0   0   0   5  10   0   0   2  0.59 0.26
   28 V    -1  -5  -5  -6  -3  -5  -5  -6  -6   3  -2  -5  -2  -3  -5  -4  -3  -5  -4   7    4   0   0   0   0   0   0   0   0  13   0   0   0   0   0   0   0   0   0  83  1.46 0.42
   29 S     1  -3  -1  -3   4  -3  -3  -3  -1  -4  -4  -3  -3  -4  -3   5   4  -5  -2  -2    9   0   1   0   9   0   0   0   1   0   0   0   0   0   0  48  28   0   1   2  0.86 0.33
   30 K    -1   2   7  -1  -5  -2   1  -2  -2  -3  -4   1  -1  -5  -4  -1  -2  -5  -4  -4    5  10  57   1   0   0  10   1   0   2   1  10   2   0   0   2   0   0   0   0  0.98 0.33
   31 I     5  -2   2  -3  -3   0  -2  -1   1  -2  -1  -2  -2  -2  -3   1  -2  -4  -1  -2   54   1  11   0   0   5   0   2   3   2   6   1   0   2   0  11   0   0   1   0  0.52 0.25
   32 G    -3  -5  -2  -4  -2  -5  -5   7  -5  -7  -7  -4  -6  -6  -5  -3  -4  -5  -6  -6    0   0   1   0   1   0   0  98   0   0   0   0   0   0   0   0   0   0   0   0  2.22 0.50
   33 G     3  -5  -3  -4  -4  -4  -4   6  -4  -5  -5  -4  -5  -5  -4  -2  -4  -5  -5  -5   26   0   0   0   0   0   0  74   0   0   0   0   0   0   0   0   0   0   0   0  1.59 0.41
   34 L    -4  -5  -6  -6  -4  -4  -5  -6  -5   2   6  -5   2  -2  -5  -5  -3  -4  -3  -1    0   0   0   0   0   0   0   0   0  10  85   0   4   0   0   0   0   0   0   1  1.35 0.38
   35 G     0  -5  -3  -4  -5  -4  -5   7  -5  -6  -6  -4  -5  -6  -5  -3  -4  -5  -6  -6    5   0   0   0   0   0   0  95   0   0   0   0   0   0   0   0   0   0   0   0  2.11 0.48
   36 S     1  -4  -2  -3  -4  -3  -3  -3  -4  -5  -5  -3  -4  -5  -4   7  -1  -6  -5  -4    8   0   0   0   0   0   0   0   0   0   0   0   0   0   0  92   0   0   0   0  1.67 0.51
   37 L    -4  -5  -6  -6  -3  -5  -5  -6  -5   5   5  -5   0  -2  -5  -5  -3  -4  -3   0    0   0   0   0   0   0   0   0   0  39  58   0   1   0   0   0   0   0   0   1  1.18 0.34
   38 A     1  -4  -3  -4  -4  -4  -4   5  -4  -5  -5  -3  -5  -5   6   0  -3  -5  -5  -5   12   0   0   0   0   0   0  42   0   0   0   0   0   0  41   6   0   0   0   0  1.35 0.35
   39 C    -3  -4  -5  -5   0  -4  -5  -5  -5   3   5  -4   3   1  -5  -4  -3  -4  -3   2    0   0   0   0   2   0   0   0   0  13  58   0   7   4   0   0   0   0   0  16  0.85 0.27
   40 A     2  -4  -2  -3  -1  -3  -3   6  -4  -5  -5  -3  -4  -5  -4   3  -2  -5  -5  -4   16   0   0   0   1   0   0  58   0   0   0   0   0   0   0  24   0   0   0   0  1.16 0.34
   41 T     4  -3  -2  -3  -3  -2  -3   1   4  -4  -4  -3  -3  -4   1   2   0  -4   0  -3   46   0   0   0   0   0   0   8  12   0   0   0   0   0   7  21   3   0   3   0  0.66 0.27
   42 M     1  -3  -1  -3   0  -2  -3  -3   1   3   1  -3   2   0  -3   2  -1  -3  -1   1   10   0   2   0   2   0   0   0   4  20  12   0   7   4   0  26   1   0   2  11  0.25 0.16
   43 D    -2  -2   3   5  -3  -2  -1  -2  -2  -4  -3   0  -3  -4  -2   2   2  -4  -4  -3    2   1  13  38   0   0   0   1   0   0   2   7   0   0   1  17  15   0   0   0  0.65 0.23
   44 V     0  -3  -2  -4  -3  -2  -3  -3  -1   0   2  -3  -1   4   2   0  -2  -3   0   2   10   0   1   0   0   1   0   0   1   2  18   0   0  21   9  10   0   0   2  24  0.33 0.17
   45 E     0   2   0   2  -3   1   3  -3  -1  -3  -2   0  -2  -4  -2   0   2  -4  -3  -2    9  14   3  12   0   7  21   0   1   1   2   2   0   0   1   7  19   0   0   1  0.35 0.16
   46 Q     1   0   2   0  -3   4   0  -1  -2  -2  -3   3  -2  -4  -2   0   0  -4  -3  -2   12   4   9   3   0  30   4   3   0   3   1  19   0   0   0   6   4   0   0   2  0.41 0.19
   47 L     4  -3  -1   0   1  -1  -1   0  -3  -3  -2  -1  -2  -2   2   1   0  -4  -3  -1   48   0   2   7   2   2   2   4   0   0   4   2   0   2   8   9   4   0   0   3  0.40 0.19
   48 E    -3   5   0   2  -5   0   3  -1   0  -4  -4   1  -3   1  -3  -1  -2  -4  -3  -2    0  35   3  12   0   3  21   5   2   0   0   5   0   7   0   4   0   0   0   2  0.53 0.21
   49 T     1   1   1   1  -3   2   2  -2  -1  -3  -2   3  -2  -4  -2   1   1  -4  -3  -2   12   5   5   6   0   9  15   1   1   1   2  24   0   0   0  11   8   0   0   2  0.30 0.14
   50 H     0  -2  -3  -3  -3   3   0  -4   0   1   2  -1   5  -2  -4  -2  -1  -4  -3  -1   10   0   0   0   0  21   6   0   2   8  22   3  24   0   0   2   3   0   0   0  0.47 0.24
   51 L    -3  -5  -5  -5  -3  -4  -5  -6  -5   6   3  -5   3  -2  -5  -4  -2   0  -3   2    0   0   0   0   0   0   0   0   0  57  24   0   6   0   0   0   1   1   0  10  1.04 0.31
   52 L     1   0   1   0  -3   1   2  -1   0  -2   0   1  -1  -3   0   1   0  -3  -2  -2   13   5   8   2   0   9  15   3   3   1  11   7   0   0   3  13   6   0   0   0  0.16 0.09
   53 E     0   0   0   2  -4   3   3  -2   1  -4  -4   2  -3  -4  -3   0   0  -4  -3  -2    9   4   4  11   0  16  26   1   3   0   0  15   0   0   0   4   4   0   0   3  0.44 0.18
   54 M    -1  -4  -3  -4   0  -3  -4  -4  -3  -2   0  -3   0   5  -4  -2   4  -2   4   1    5   0   0   0   2   0   0   0   0   0   7   0   2  29   0   0  29   0  16  10  0.68 0.26
   55 K    -2   5   0  -1  -4   4   0  -2   0  -3  -3   2  -1  -4  -3  -1  -2  -4  -3  -4    2  34   4   1   0  27   4   2   2   1   2  15   2   0   0   1   2   0   0   0  0.70 0.25
   56 G     2   0   0   0  -3   2   1   1   1  -2  -2   1  -2  -3  -2   1   0  -4  -3  -1   23   5   5   4   0  10  12   8   3   1   2   8   0   0   0  13   3   0   0   3  0.21 0.11
   57 K    -1   1  -3  -4  -1   0  -2  -2   1  -1   4   0   1  -1  -4  -3  -2  -3  -2   0    6   9   0   0   1   4   2   4   4   0  56   6   2   1   0   0   0   0   0   5  0.41 0.20
   58 T    -1  -2   0   0  -2  -1   1   0   0  -2  -2   0  -2  -3   0   1   5  -3  -2  -2    3   1   2   4   0   2   8   6   2   1   3   6   0   1   5   8  46   0   1   1  0.42 0.17
   59 T     1   1   2   3  -2  -1   1  -1   0  -3  -3   0  -3  -3   0   1   1  -4  -1  -2   12   9  13  20   1   1   7   4   2   0   0   5   0   0   4  11   9   0   2   1  0.27 0.12
   60 K     0   4   3  -2  -4   2  -1   1   1  -4  -2   2  -3  -4  -3   0   0  -4  -3  -3    9  25  16   0   0   9   0  13   4   0   3  13   0   0   0   4   4   0   0   0  0.42 0.18
   61 P     0  -3   3  -3  -1  -3  -3  -3  -3  -1  -2  -2  -3  -4   6   0  -1  -5  -4   0    8   1  20   0   1   0   0   0   0   4   3   1   0   0  42   8   3   0   0   9  0.89 0.28
   62 F    -2  -5  -5  -5  -3  -4  -5  -5  -4   2   1  -5   1   6  -5  -4  -2  -3  -1   4    1   0   0   0   0   0   0   0   0  11   9   0   2  36   0   0   1   0   0  39  0.92 0.29
   63 N    -4  -3   8  -2  -6   0  -3  -3  -2  -6  -6  -3  -5  -6  -5  -2  -3  -7  -5  -6    0   0  94   0   0   5   0   0   0   0   0   0   0   0   0   1   0   0   0   0  2.34 0.57
   64 V    -2  -4  -5  -5   1  -4  -5  -5  -5   2   4  -4   0  -1  -5  -4  -2  -4  -3   5    2   0   0   0   3   0   0   0   0   9  41   0   0   1   0   0   0   0   0  44  0.87 0.29
   65 N    -5  -4   9  -2  -6  -3  -3  -4  -2  -7  -7  -3  -5  -6  -5  -2  -3  -7  -5  -6    0   0 100   0   0   0   0   0   0   0   0   0   0   0   0   0   0   0   0   0  2.58 0.61
   66 F    -4  -5  -6  -6  -4  -5  -5  -6  -4  -1   2  -5  -2   7  -6  -5  -4  -2   0   3    0   0   0   0   0   0   0   0   0   0  16   0   0  62   0   0   0   0   0  22  1.43 0.39
   67 F    -5  -6  -6  -7  -6  -6  -6  -6  -4  -3  -2  -6   0   9  -7  -6  -5  -2   0  -4    0   0   0   0   0   0   0   0   0   0   0   0   2  98   0   0   0   0   0   0  2.68 0.59
   68 A     0  -6  -5  -6  10  -5  -6  -5  -5  -4  -4  -5  -4  -5  -5  -1   1  -5  -2   0    8   0   0   0  73   0   0   0   0   0   0   0   0   0   0   4   9   0   2   6  2.27 0.51
   69 H    -5  -4  -3  -4  -6  -1  -3  -5  11  -6  -6  -4  -5   0  -6  -4  -5  -5   0  -6    0   0   0   0   0   2   0   0  92   0   0   0   0   4   0   0   0   0   2   0  3.03 0.65
   70 E     1   2  -1   3  -4   2   3  -3  -2  -4  -3   2  -3  -4   1  -1  -1  -4  -4  -3   11  10   1  22   0  10  22   0   0   0   2  12   0   0   6   2   2   0   0   0  0.48 0.19
   71 E    -2  -2  -2  -2  -4  -2   0  -4   0   2  -2   0  -2  -1   6  -2   0  -4   0   0    1   1   2   1   0   1   7   0   3  17   2   6   0   2  39   2   7   0   3   6  0.67 0.22
   72 F     3  -3  -2  -2  -3  -2   1  -3  -3  -2  -2   0  -3  -2   5  -2  -1  -4   0   1   27   0   1   2   0   0  11   0   0   0   2   7   0   2  28   0   1   0   4  14  0.54 0.22
   73 N    -1   3   2  -1  -4   3   2  -3   2  -1  -3   2  -2  -4   1   0  -1  -4  -3  -2    3  16  14   2   0  14  13   0   5   4   2  10   0   0   6   7   1   0   0   3  0.32 0.15
   74 V     1   3  -1   0  -3   2   1  -2  -1  -1  -1   1  -2  -2   0   0   0  -4  -2  -1   16  19   1   6   0  12   9   0   1   4   6   7   0   1   5   6   3   0   0   4  0.19 0.11
   75 D    -2  -1   3   5  -4   0   0  -1   0  -4  -4  -1  -3  -4  -1   1   3  -5  -4  -3    0   2  13  37   0   5   2   4   2   0   0   2   0   0   2   9  21   0   0   0  0.64 0.23
   76 H     2  -1   0   2  -3   1   1  -2   0  -2  -3   1  -3  -4   3   0   0  -4  -3  -3   19   2   5  14   0   6   7   0   2   2   2  10   0   0  18   7   6   0   0   0  0.35 0.14
   77 E     2  -1   0   1  -3   1   2  -2   1  -1  -1   0  -2  -3  -1   0   1  -4  -2  -1   20   2   3   8   0   7  19   1   5   4   5   4   0   0   1   5  10   0   0   4  0.19 0.11
   78 H    -1   2  -1  -1  -1   4   1  -3   0   1  -1   2  -1  -3  -3  -1  -1  -4  -3   1    3  11   2   1   2  26  10   0   3   8   5  12   0   0   0   3   2   0   0  12  0.30 0.16
   79 N    -1  -1   1   0  -4   1   4  -3   1   1  -2   0  -1  -3  -3  -2   0  -4  -3   1    5   1   8   4   0   5  36   0   4  13   1   6   1   0   0   0   6   0   0  10  0.35 0.18
   80 D     2   2   1   1  -3   3   2  -2  -1  -4  -3   1  -3  -4  -3   0  -1  -4  -3  -3   22  10   5   9   0  17  18   1   1   0   1   6   0   0   0   7   3   0   0   0  0.39 0.18
   81 K     3   1   5   0  -4   0   1  -2  -2  -3  -4   1  -2  -5  -3  -1  -1  -5  -4  -3   27   6  38   4   0   4   9   1   0   1   0   8   1   0   0   1   1   0   0   0  0.62 0.25
   82 W    -6  -6  -8  -8  -6  -6  -7  -6  -6  -6  -5  -7  -5  -3  -8  -7  -6  13   1  -7    0   0   0   0   0   0   0   0   0   0   0   0   0   0   0   0   0  97   3   0  4.54 0.81
   83 L    -1  -1  -2  -4   1  -1  -3  -4  -1   3   3   1   1   0  -4  -2  -2   0   1   1    3   2   2   0   3   1   0   0   2  21  36  12   2   3   0   1   1   1   4   5  0.28 0.15
   84 S     1   2   1   1  -4   3   2  -1  -1  -4  -4   3  -3  -4  -3   0  -1  -4  -3  -3   12  11   7   8   0  17  12   2   1   0   0  21   0   0   0   7   3   0   0   0  0.41 0.17
   85 L    -1   2  -3  -3  -2   1  -1  -3   3   0   3   0  -1   0  -4  -2  -2  -3   2  -1    4  15   0   0   1   6   2   1   9   4  36   7   0   3   0   2   1   0   9   1  0.28 0.16
   86 L    -3  -4  -5  -5  -4  -4  -5  -5  -2   1   3  -4   2   3  -5  -4  -3  -1   6   0    1   0   0   0   0   0   0   0   0   6  36   0   5  14   0   0   0   0  34   4  0.93 0.29
   87 K     1   2   0   0  -3   2   1   0   0  -3  -3   2  -2  -4  -2   2   0  -1  -3  -2   14  14   4   3   0  12   7   7   2   0   1  12   0   0   0  16   3   1   0   1  0.28 0.13
   88 P    -1   1   0  -1  -5   0  -1  -3  -3  -4  -4   4  -4  -5   6  -1  -1  -5  -4  -3    3   7   4   3   0   2   3   1   0   0   0  27   0   0  42   4   3   0   0   1  0.99 0.29
   89 Y     1  -2  -2  -1  -2   0   0  -2  -1   1   1  -1  -1   1  -3   0   0  -2   3   1   16   0   1   2   0   4   9   2   1   7  20   2   0   5   0   6   4   0  12  10  0.11 0.10
   90 Y    -3  -3  -4  -5  -4  -4  -4  -5  -3   1   0  -4   1   6  -2   0  -1  -1   4   0    0   1   0   0   0   0   0   0   0   7   9   0   4  48   2   9   4   0  13   5  0.84 0.28
   91 N     2  -1   2   0  -3   0   2   1   1  -2  -2   1  -2  -2   0   1   0  -4  -2  -2   20   1  11   4   0   2  16  10   5   2   4   7   0   2   4   8   3   0   0   0  0.19 0.11
   92 E     0   2   0   0  -1   2   2  -1  -2  -1  -3   2  -2  -3   0   0  -1  -4  -3   0    6  14   4   4   1   9  17   4   0   2   0  12   0   0   5   8   0   0   0  12  0.21 0.12
   93 L    -1  -2  -2  -2  -3  -1   0  -2  -1   0   0  -1   0   4   1   0  -1  -1   3   0    5   0   1   2   0   1   6   3   1   6   7   5   1  29   6   7   3   0  11   5  0.24 0.13
   94 H     0  -1   3   1  -3   0   0   4   0  -1  -3   1  -3  -3  -3   0  -1  -4  -3  -2    5   2  16   7   0   3   4  37   2   6   1   8   0   0   0   3   1   0   0   3  0.40 0.15
   95 Q     3  -1   0   0  -2   0   0   0  -2   1  -1   0  -1  -2  -1   0   0  -3  -2   0   34   3   3   6   0   3   4   6   0  12   6   4   0   0   2   3   6   0   0   4  0.13 0.09
   96 E     1  -1   0   1  -2   1   3  -2   0  -1  -1   0  -1  -2   0   0   0  -2  -1  -1   12   2   5   7   0   6  25   2   2   4   7   6   1   1   4   8   4   0   2   3  0.16 0.07
   97 A     1  -1  -1  -2  -2  -1  -1  -2  -2   0   0  -1  -1  -1   5   0  -1   0  -1   0   11   2   3   1   1   1   3   2   1   6   8   3   1   2  33   8   2   2   2   8  0.44 0.11
   98 P    -1  -1  -3  -2  -3  -1  -2  -3  -3   1  -2   0  -2  -3   6  -1  -1  -4  -3   1    4   3   1   2   0   2   2   1   0   9   2   7   0   0  50   2   4   0   0   9  0.95 0.24
   99 Q     1   0   0   1  -2   1   0  -1  -1   0  -2   1  -1  -2   2   1   0  -3  -2   0   18   3   2   7   0   7   6   2   1   8   2   8   1   1   9  12   6   0   0   5  0.14 0.08
  100 E     1   1   0   1  -3   2   2  -1   1  -3  -3   1  -2  -2  -2   2   1  -3  -2  -2    9  10   3   6   0  14  12   2   3   0   2   5   0   2   0  18  12   0   1   1  0.26 0.13
  101 L    -3  -4  -5  -5  -3  -4  -5  -5  -1   1   5  -4   2   5  -5  -4  -3   1  -1  -1    0   0   0   0   0   0   0   0   1   7  58   0   4  26   0   0   0   1   0   0  0.96 0.29
  102 T     0   2   2   1  -3   1   1  -2   0  -2  -3   2  -2  -1  -2   1   2  -3  -2  -2    8  12  13   6   0   6   7   0   3   2   0  12   0   3   0  11  17   0   1   0  0.26 0.13
  103 A    -1   1   4   1   2   0   4  -2  -2  -2  -2   0  -3  -4  -3  -1   0  -4  -3  -2    4   6  23   5   6   1  31   1   0   1   5   5   0   0   0   1   7   0   0   3  0.42 0.20
  104 G    -1  -1  -3  -4  -3  -4  -4   3  -4   5   0  -3  -1  -3   1  -2   0  -4  -4   0    5   3   0   0   0   0   0  23   0  47   4   0   0   0   7   2   7   0   0   2  0.56 0.25
  105 F    -4  -4   4  -3  -1  -3  -4  -1  -1  -4  -4  -4  -4   0  -5   0  -2  -1   8  -1    0   0  25   0   2   0   0   4   0   0   0   0   0   2   0   6   2   0  56   4  1.33 0.41
  106 I    -1   1  -2  -1  -1   1   0  -3  -1   2  -1   1  -1  -3   3  -1   1  -4  -3   2    2   8   0   3   1   7   5   0   2  13   3   8   0   0  16   1  10   0   0  22  0.24 0.14
  107 K    -2  -3  -2  -3  -4  -3  -3  -3  -4  -5  -5  -1  -4  -5  -1   6   2  -5  -4  -4    0   0   0   0   0   0   0   0   0   0   0   2   0   0   3  82  13   0   0   0  1.41 0.46
  108 S    -5  -6  -6  -6  -5  -6  -6  -6  -4  -1  -1  -6  -3   9  -6  -3  -5  -2   1  -3    0   0   0   0   0   0   0   0   0   3   4   0   0  89   0   2   0   0   1   1  2.20 0.51
  109 F     0   1   1  -1  -1   0  -1  -3  -1  -1   1   4   0  -1  -3  -2  -1  -4  -2   0    7   8  10   3   2   4   1   0   1   3  15  33   3   2   0   0   2   0   1   8  0.22 0.15
  110 D     1  -1  -1   4  -4   1   4  -1   0  -3  -3  -1  -2  -4  -3   1   0  -4  -3  -2   13   2   0  24   0   4  31   4   2   0   1   1   1   0   0   9   4   0   0   2  0.48 0.19
  111 E    -1   0  -2   2  -5   0   5  -2   0  -5  -4   0  -4  -5   2   0  -1  -5  -2  -3    4   5   0  12   0   2  49   2   2   0   0   2   0   0  10   6   2   0   2   1  0.71 0.26
  112 D     0   1   1   3  -3   1   2  -2   0  -3  -3   0  -3  -4   2   1   1  -1  -3  -3   11   7   4  19   0   6  16   1   2   0   2   5   0   0   8   9   8   1   0   0  0.31 0.13
  113 R    -2  -1  -3  -3  -3   0  -3  -3   0  -1   1  -3   6   4  -3  -2   0  -2   2   0    2   3   1   1   0   4   1   1   2   1  11   1  32  22   1   2   5   0   7   6  0.57 0.22
  114 C    -2  -4  -4  -5   0  -1  -4  -5  -2   2   4  -4   1   3  -4  -3  -2   0  -1   1    1   0   0   0   2   3   0   0   1  12  50   0   3  13   0   0   1   1   1  11  0.60 0.21
  115 S     1   0   1   3  -3   2   3  -1   0  -3  -3   1  -2  -3  -1   0  -1  -3  -2  -2   16   5   4  18   0   8  22   3   3   1   2   6   0   0   1   7   2   0   0   1  0.31 0.12
  116 V    -1   0  -2  -3   1   0  -2  -3  -2   1   2   0   3  -1  -2  -2   0  -2   1   1    3   6   1   1   3   4   1   1   0   9  28   5  13   0   1   1   6   0   7  11  0.20 0.11
  117 L    -2  -4  -3  -5  -3  -2  -4  -5  -4   1   5  -1   0   0  -4  -2  -2  -4  -3   1    1   0   1   0   0   1   0   0   0   7  71   5   0   3   0   3   1   0   0   6  0.80 0.28
  118 E    -1  -2   0   0  -1  -1   0  -1  -1   1   3   0   0  -2  -3  -2  -2  -3  -3   1    2   1   5   6   1   1   9   4   2  10  41   7   1   0   0   0   0   0   0  10  0.22 0.14
  119 K    -1   0   0   2  -5   1   4  -3   0  -4  -3   3  -2  -5  -3   0  -1  -5  -4  -4    3   2   4  11   0   6  39   1   2   0   1  22   1   0   0   4   4   0   0   0  0.61 0.23
  120 I     0  -3  -3  -2  -1  -1   0  -3  -1   1   2  -2   2   2  -3  -1   1   0   1   0    9   0   0   2   1   2   9   0   1   5  26   0   8  13   0   2  11   1   6   3  0.20 0.13
  121 C     0   4   1  -3   0   1  -1  -3  -2  -4  -3   5  -3  -5  -2  -1   0  -5  -4  -3    6  28   6   0   3   7   0   0   0   0   1  39   0   0   1   2   6   0   0   1  0.71 0.26
  122 P    -3  -5  -5  -5  -6  -4  -4  -5  -5  -5  -6  -4  -5  -7   8  -4  -4  -7  -6  -1    1   0   0   0   0   0   0   0   0   0   0   0   0   0  93   0   0   0   0   6  2.79 0.58
  123 R     2   1  -1  -2  -4   0   0   0   0  -4  -4   5  -3  -5   2  -1  -1  -5  -3  -3   22   5   1   1   0   3   4   6   2   0   0  42   0   0   9   3   2   0   0   0  0.55 0.23
  124 V     1  -5  -5  -5  -3  -4  -5  -5  -5   4  -1  -4   1  -1  -4  -3  -2  -5  -3   6   10   0   0   0   0   0   0   0   0  24   0   0   4   2   0   0   0   0   0  60  1.02 0.33
  125 V    -2  -5  -5  -6  -3  -5  -5  -6  -6   3  -1  -5  -2  -3  -5  -4  -3  -5  -4   6    2   0   0   0   0   0   0   0   0  16   2   0   0   0   0   0   0   0   0  79  1.41 0.40
  126 S    -2  -4  -2  -3  -4  -3  -3  -3  -4  -5  -4  -3  -4  -5  -4   7  -1  -6  -5  -5    0   0   0   0   0   0   0   0   0   0   2   0   0   0   0  97   1   0   0   0  1.81 0.54
  127 F    -5  -6  -6  -7  -6  -6  -6  -6  -4  -3  -3  -6  -3   9  -7  -6  -5  -2   0  -4    0   0   0   0   0   0   0   0   0   0   0   0   0 100   0   0   0   0   0   0  2.77 0.60
  128 H    -5  -4  -3  -5  -7  -3  -3  -6  11  -7  -6  -4  -5  -5  -6  -4  -5  -6  -2  -7    0   0   0   0   0   0   0   0 100   0   0   0   0   0   0   0   0   0   0   0  3.46 0.71
  129 F    -5  -6  -6  -7  -6  -6  -6  -6  -4  -3  -2  -6  -3   9  -7  -6  -5  -2   0  -4    0   0   0   0   0   0   0   0   0   0   1   0   0  99   0   0   0   0   0   0  2.71 0.59
  130 G    -3  -5   0  -4  -5  -4  -5   7  -5  -7  -7  -4  -5  -6  -5  -3  -4  -5  -6  -6    0   0   5   0   0   0   0  95   0   0   0   0   0   0   0   0   0   0   0   0  2.13 0.49
  131 L    -1  -4  -5  -5   2  -4  -4  -5   2   4   4  -4   0   0  -4  -4  -3  -3   1   0    4   0   0   0   4   0   0   0   6  24  52   0   0   2   0   0   0   0   4   3  0.70 0.25
  132 P    -3  -5  -5  -5  -6  -4  -4  -5  -5  -6  -6  -4  -6  -7   9  -4  -4  -7  -6  -6    1   0   0   0   0   0   0   0   0   0   0   0   0   0  99   0   0   0   0   0  3.11 0.63
  133 H     0  -1   1   1  -1   0   1   0   3  -4  -4   0  -3  -3   1   3  -1  -4  -3  -3    5   2   6   9   1   3   8   6  11   0   0   6   0   1   8  33   2   0   0   0  0.39 0.18
  134 Q     1   0   0  -1  -3   3   1  -2  -1  -2  -1   2  -2  -2   2   1  -1  -4  -3  -1   17   2   4   1   0  16   8   0   1   2   5  18   0   1  11   9   2   0   0   3  0.28 0.15
  135 R     1   1   0   2  -3   1   3  -1   2  -3  -3   0  -2  -4  -1   1   0  -4  -2  -2   18   6   4  10   0   7  21   3   6   0   1   3   0   0   2  13   3   0   1   1  0.29 0.14
  136 L     1  -1  -1  -3  -2   1  -2  -3  -3   1  -1  -1  -1   0  -3   0   3   4   1   2   10   3   1   0   0   9   0   0   0   7   4   1   0   5   0   7  27   6   4  16  0.26 0.16
  137 I    -4  -5  -6  -6  -4  -3  -5  -6  -6   7   1  -5   0  -2  -5  -5  -2  -5  -4   2    0   0   0   0   0   1   0   0   0  79  11   0   1   0   0   0   1   0   0   7  1.44 0.40
  138 K     0   1  -1   3  -4   2   3  -1  -1  -3  -3   3  -3  -4  -3  -1  -2  -4  -2  -3    9   8   1  15   0  12  23   5   1   1   2  19   0   0   0   1   1   0   1   0  0.43 0.18
  139 R     2   3  -2  -2  -3   1   1  -2  -1  -3  -2   2  -2  -1  -3   0   0   0   0  -2   25  19   0   1   0   7   9   2   1   0   2  16   0   2   0   6   4   1   4   2  0.30 0.16
  140 L    -4  -5  -6  -6  -4  -5  -5  -6  -5   2   6  -5   1   2  -5  -5  -3  -4  -3  -1    0   0   0   0   0   0   0   0   0   9  81   0   2   9   0   0   0   0   0   0  1.25 0.36
  141 K    -3   2  -2  -3  -5   6  -1  -4   4  -5  -5   5  -3  -5  -4  -2  -3  -5  -3  -5    0  11   0   0   0  38   0   0  11   0   0  39   0   0   0   1   0   0   0   0  1.20 0.38
  142 D     1   1   1   3  -3   2   3   0  -2  -4  -4   2  -3  -4  -2   1  -2  -4  -3  -3   17   5   6  16   0   8  20   5   0   0   0  14   0   0   0   9   0   0   0   0  0.39 0.16
  143 A     2   0   0  -2  -2   2  -1   0   2   0   1   0   0  -2  -3   0  -1  -3  -1  -1   29   5   4   0   0  11   3   6   6   6  15   5   2   0   0   5   3   0   1   1  0.15 0.12
  144 G    -2  -4   0  -2  -5  -2  -3   7  -4  -6  -6  -1  -5  -2  -5  -3  -4  -5  -5  -6    0   0   4   1   0   1   1  86   0   0   0   4   0   2   0   0   0   0   0   0  1.72 0.42
  145 M    -2  -5  -5  -5   1  -5  -5  -4  -5   7   0  -5   0  -3  -5  -2  -1  -5  -4   2    3   0   0   0   3   0   0   1   0  74   2   0   2   0   0   4   3   0   0   8  1.18 0.36
  146 K     0  -1  -2  -3   0  -2  -3  -3  -2   1   2   0   2   0  -2  -1   0  -2   2   2    5   3   1   0   2   0   0   0   0  10  24   9   6   2   1   5   6   0  10  16  0.17 0.11
  147 I    -2  -4  -4  -5  -3  -4  -4  -5  -5   2   3  -4   0  -2  -4  -3   2  -4  -3   4    0   0   0   0   0   0   0   0   0  12  30   0   2   0   0   0  17   0   0  39  0.71 0.26
  148 I    -4  -4  -5  -6  -4  -4  -5  -5  -1   2   3  -5   4   6  -5  -4  -3  -2   0  -1    0   0   0   0   0   0   0   0   2  11  27   0  14  44   0   0   0   0   0   2  1.05 0.31
  149 S     4  -4  -3  -4  -1  -3  -3   0  -4   1  -1  -3  -2  -3  -3   1  -1  -4  -3   3   44   0   0   0   1   0   0   7   0   9   3   0   0   0   0   8   1   0   0  27  0.54 0.24
  150 T    -2  -4  -2  -3   5  -3  -3  -4  -4  -4  -4  -3  -3  -5  -4   4   6  -5  -4  -3    1   0   0   0  11   0   0   0   0   0   0   0   0   0   0  33  55   0   0   0  1.24 0.41
  151 A     6  -4  -4  -4  -3  -3  -3  -3  -4   0  -3  -3  -3  -4  -3   0  -1  -5  -4   2   74   0   0   0   0   0   0   0   0   3   0   0   0   0   0   4   2   0   0  17  1.08 0.37
  152 T    -3  -4  -3  -4  -4  -4  -4  -5  -5  -4  -4  -4  -4  -5  -4  -2   8  -6  -5  -3    0   0   0   0   0   0   0   0   0   0   0   0   0   0   0   0 100   0   0   0  2.17 0.58
  153 T    -2  -3   5  -1   0  -2  -3  -3  -3  -5  -4  -3  -4  -5  -4   5   2  -5  -4  -4    0   0  35   1   2   0   0   0   0   0   1   0   0   0   0  49  11   0   0   0  1.06 0.37
  154 V    -2  -2  -5  -3  -3  -4  -2  -5  -4   1   4  -4   0  -2   0  -4  -2  -4  -3   3    3   2   0   2   0   0   3   0   0   3  55   0   0   0   4   0   1   0   0  28  0.69 0.26
  155 E     1   0   0   2  -4   2   3  -3   0  -3  -4   3  -3  -2  -1  -1   0  -4  -3  -2   18   2   2  12   0  10  23   0   2   1   0  19   0   3   2   1   4   0   0   1  0.38 0.18
  156 E    -4  -3  -3  -1  -7  -1   8  -5  -3  -6  -6  -2  -5  -6  -4  -3  -4  -6  -5  -6    0   0   0   1   0   0  99   0   0   0   0   0   0   0   0   0   0   0   0   0  2.20 0.56
  157 A     5  -4  -4  -4  -3  -3  -3   0  -4  -2  -2  -3  -3   1  -3  -1  -1  -4  -3   1   69   0   0   0   0   0   0   6   0   2   2   0   0   8   0   1   4   0   0   9  0.85 0.32
  158 C    -2   4  -2  -1   0   2   1  -4   1  -1   0   3  -2  -3  -3  -2  -1  -1  -1  -1    0  30   0   2   2  11   8   0   4   3   8  21   0   0   0   1   2   1   2   5  0.44 0.19
  159 W     2   0  -1  -2  -3   3   1  -3   2   0   1  -1   0  -1  -3  -1  -1   1   1   0   20   5   1   0   0  22   7   0   7   4  13   2   3   1   0   1   1   2   6   5  0.22 0.15
  160 L     2  -4  -4  -5   1  -4  -4  -4  -4   4   3  -4   0  -2  -4  -2  -2  -4  -3   2   23   0   0   0   3   0   0   0   0  29  35   0   0   0   0   1   0   0   0  10  0.61 0.24
  161 E     1  -2  -1  -1  -2   1   3  -3   0   1   1  -1   0  -2  -3  -1   0  -3  -1   1   15   1   2   1   1   8  27   0   2  12  12   1   1   0   0   3   4   0   3   9  0.20 0.14
  162 S     2   0   1   3  -3   1   3  -2   0  -4  -3   1  -3  -4  -2   1   0  -4  -3  -3   25   4   6  16   0   6  21   0   2   0   2   8   0   0   0   7   4   0   0   0  0.38 0.17
  163 R     4  -1   0  -3  -1  -1  -2  -2   0  -2   1  -1  -2  -1  -3   1  -2  -4  -1  -1   50   3   4   0   1   2   0   0   2   0  18   3   0   3   0  11   0   0   1   2  0.42 0.22
  164 G    -2  -4   1   0  -5  -2  -2   7  -4  -6  -6   0  -5  -5  -4  -2  -4  -5  -5  -5    0   0   6   5   0   1   3  79   0   0   0   7   0   0   0   0   0   0   0   0  1.48 0.38
  165 C     0  -4  -5  -5   0  -4  -4  -5  -5   5   1  -4   2   0  -4  -3  -2  -4  -3   4    8   0   0   0   2   0   0   0   0  37   9   0   4   3   0   0   0   0   0  37  0.76 0.26
  166 D    -3  -4   1   8  -6  -2  -1  -4   2  -6  -6  -3  -6  -6  -4  -3  -4  -7  -5  -6    1   0   5  87   0   1   1   0   5   0   0   0   0   0   0   0   0   0   0   0  2.00 0.49
  167 A     3  -4  -3  -4  -3  -3  -4   5  -4   0  -3  -3  -3   0  -4  -2  -3  -4  -1   0   30   0   0   0   0   0   0  49   0   5   0   0   0   5   0   0   0   0   2   9  0.82 0.28
  168 I    -3  -5  -5  -5  -3  -5  -5  -6  -5   6   2  -5  -1  -2  -5  -4  -3  -5  -3   4    0   0   0   0   0   0   0   0   0  56  14   0   0   0   0   0   0   0   0  30  1.17 0.34
  169 I    -3  -5  -5  -6  -3  -5  -5  -6  -6   5  -1  -5  -1  -3  -5  -4  -3  -5  -4   6    0   0   0   0   0   0   0   0   0  33   2   0   0   0   0   0   0   0   0  65  1.36 0.39
  170 A     5  -4  -4  -5   6  -3  -4  -3  -4  -2   2  -4  -2  -4  -4  -1  -2  -4  -4  -1   54   0   0   0  20   0   0   0   0   0  21   0   0   0   0   3   0   0   0   3  0.93 0.33
  171 Q    -4  -2  -3  -4  -6   9  -1  -5  -3  -6  -5  -2  -4  -7  -5  -3  -4  -5  -5  -6    0   0   0   0   0 100   0   0   0   0   0   0   0   0   0   0   0   0   0   0  2.60 0.66
  172 G    -2  -5  -3  -4  -5  -4  -5   7  -5  -7  -6  -4  -5  -6  -5  -1  -4  -5  -6  -6    0   0   0   0   0   0   0  97   0   0   0   0   0   0   0   3   0   0   0   0  2.17 0.49
  173 Y    -3  -3  -5  -2  -4  -4  -5  -5  -2   3  -2  -4  -1   3  -5  -4  -4   7   7  -2    1   1   0   3   0   0   0   0   0  19   0   0   1  13   0   0   0  16  44   1  1.35 0.37
  174 E    -4  -3  -1  -1  -7   0   8  -5  -3  -6  -6  -2  -5  -6  -4  -3  -4  -6  -5  -5    0   0   2   0   0   1  97   0   0   0   0   0   0   0   0   0   0   0   0   0  2.11 0.55
  175 A     7  -4  -4  -5  -3  -4  -4  -3  -4  -4  -4  -4  -4  -5  -4  -2  -3  -5  -5  -3  100   0   0   0   0   0   0   0   0   0   0   0   0   0   0   0   0   0   0   0  1.81 0.51
  176 G    -3  -5  -3  -4  -5  -5  -5   7  -5  -7  -7  -4  -6  -6  -5  -3  -4  -5  -6  -6    0   0   0   0   0   0   0 100   0   0   0   0   0   0   0   0   0   0   0   0  2.31 0.51
  177 G    -3  -5  -3  -4  -5  -5  -5   7  -5  -7  -7  -4  -6  -6  -5  -3  -4  -5  -6  -6    0   0   0   0   0   0   0 100   0   0   0   0   0   0   0   0   0   0   0   0  2.31 0.51
  178 H    -5  -4  -3  -5  -7  -3  -3  -6  11  -7  -6  -4  -5  -5  -6  -4  -5  -6  -2  -7    0   0   0   0   0   0   0   0 100   0   0   0   0   0   0   0   0   0   0   0  3.46 0.71
  179 R    -4   8  -3  -5  -7  -2  -3  -5  -3  -6  -5  -1  -4  -6  -5  -3  -4  -6  -5  -6    0  99   0   0   0   0   0   0   0   0   0   0   0   0   0   1   0   0   0   0  2.40 0.57
  180 G    -3  -5  -3  -4  -5  -5  -5   7  -5  -7  -7  -4  -6  -6  -5  -3  -4  -5  -6  -6    0   0   0   0   0   0   0 100   0   0   0   0   0   0   0   0   0   0   0   0  2.31 0.51
  181 M    -1  -2   5  -1   1   0  -2  -3  -2   2  -1  -2   4  -3  -4   0   0  -4  -3   1    4   1  34   1   3   4   0   0   0  14   2   0  14   0   0   7   6   0   0   9  0.46 0.23
  182 F    -5  -6  -6  -7  -6  -6  -6  -6  -4  -3  -3  -6  -3   9  -7  -5  -5  -2   2  -4    0   0   0   0   0   0   0   0   0   0   0   0   0  97   0   0   0   0   3   0  2.66 0.58
  183 L    -2  -3   2   4  -4  -2   0  -3  -1   0   2  -1  -1  -3  -1  -1  -1  -4  -3  -2    3   0   9  35   0   0   3   0   2   7  31   3   0   0   3   2   2   0   0   1  0.45 0.21
  184 S     1  -2  -2   0  -3   0   0  -2  -2   0  -1  -2  -2  -4   5   1  -1  -4  -3   1   13   2   0   6   0   3   6   3   1   5   5   0   0   0  33  11   2   0   0  10  0.51 0.18
  185 K    -1  -1   3   3  -4   1   1  -2  -1  -3  -3   0  -3  -2   0   1   2  -4  -3  -3    1   1  19  22   0   7   7   2   1   1   1   6   0   1   3  14  13   0   0   0  0.41 0.18
  186 N     1   0   1   2  -2   1   1   0   1  -2  -1   0  -2   0  -1   0  -1  -2   1  -1   18   4   6  18   0   7  10   6   3   1   6   2   0   4   2   3   1   0   6   4  0.13 0.08
  187 T    -1  -1   0   2  -3   0   1  -2   0  -1   0   0  -1   1   2   0   0   0  -1  -1    2   1   4  16   0   3  13   2   2   2  15   5   0   7  10   4   8   2   2   2  0.15 0.08
  188 H    -4  -4   0   8  -5  -2   0  -3   0  -5  -5  -3  -5  -5  -3  -2  -2  -5  -5  -5    1   0   2  85   0   0   4   1   2   0   1   0   0   0   0   1   2   0   0   0  1.81 0.42
  189 T     0  -2  -1   2  -2   1   5   0  -2  -4  -4  -1  -3  -5   0   1   0  -5  -4  -4    9   1   1   9   1   3  49   7   0   0   1   2   0   0   3   9   6   0   0   0  0.63 0.25
  190 Q     0   2   3   0   2   4   1  -2  -1  -4  -4   3  -3  -5  -3  -1  -2  -4  -3  -4    7   9  19   4   5  24   8   2   1   0   1  19   0   0   0   2   0   0   0   0  0.52 0.22
  191 I    -4  -4  -5  -6  -3  -3  -5  -6  -5   2   5  -5   3  -1  -5  -5  -3  -1  -3   0    0   0   0   0   0   1   0   0   0  11  77   0   7   1   0   0   0   1   0   3  1.16 0.34
  192 G    -1  -2   0  -1  -3  -2  -2   3  -3  -4  -5   0  -4  -5   1   4   1  -5  -4  -4    1   1   2   3   0   1   0  25   0   0   0   6   0   0   5  46   9   0   0   0  0.68 0.27
  193 T    -1  -4  -3  -4  -4  -4  -4  -4  -5  -3  -1  -4  -3  -5  -4  -1   7  -5  -4  -2    3   0   0   0   0   0   0   0   0   0   7   0   0   0   0   0  89   0   0   1  1.72 0.51
  194 M     0  -1  -2  -3  -1   1  -1  -3   1   0   2  -1   1   3  -3  -1  -1   1   2   0    9   3   2   0   1   7   5   0   5   2  21   4   5  19   0   5   1   1   6   5  0.16 0.11
  195 S     3  -2   0   1   1   1   1  -1   0  -1  -2  -1  -2  -3   0   2   0  -4  -3  -1   29   0   2   8   4   6  10   1   3   4   2   1   0   0   3  18   5   0   0   3  0.25 0.14
  196 L    -4  -5  -6  -6  -4  -5  -6  -6  -6  -1   6  -5   0  -2  -6  -5  -4  -4  -4  -2    0   0   0   0   0   0   0   0   0   0 100   0   0   0   0   0   0   0   0   0  1.72 0.46
  197 V    -3  -4  -4  -5  -1  -4  -4  -5  -4   0   1  -4  -1   5  -4  -3   3  -3  -1   4    0   0   0   0   1   0   0   0   0   3  11   0   0  30   0   0  21   0   0  34  0.74 0.28
  198 P    -1   3   0   1  -4   2   1  -2   0  -2  -2   2  -2  -4   0   0   0  -4  -3  -2    3  22   3   7   0  14   6   1   2   3   3  17   0   0   5   7   6   0   0   1  0.33 0.15
  199 Q    -1   1  -2  -1  -2   4   0  -4  -2   0   2   1   0  -3  -3  -1   0  -4  -3   0    5   9   0   3   1  24   5   0   0   5  29   7   1   0   0   2   4   0   0   4  0.29 0.17
  200 I    -1  -4  -4  -5  -1  -4  -4  -5  -4   4   3  -4   0  -2  -4  -1   0  -4  -3   3    3   0   0   0   1   0   0   0   0  26  38   0   0   0   0   5   5   0   0  23  0.64 0.23
  201 V     0   0  -2  -3  -1   0  -2  -3  -2   1   0   3   0  -3  -3  -1  -1  -4  -3   4   10   4   1   0   1   4   0   0   1   4   9  21   1   0   0   2   2   0   0  39  0.34 0.19
  202 D     0   2   0   1  -2   3   1   0  -1  -3  -3   2  -2  -4  -1   0  -1  -4  -3  -3   10  14   2  10   1  15   7   5   1   1   1  18   0   0   2   8   2   0   0   0  0.30 0.13
  203 A     0   0   0  -2  -3   2   1  -2   3  -1  -1   0  -2   0  -3  -1  -1  -2   4  -1   11   6   5   0   0   9  11   2  10   2   7   7   0   3   0   2   3   0  20   2  0.23 0.13
  204 V    -2  -3  -3  -4   4  -3  -3  -3  -3   2   3  -1   0   0  -3  -1   1  -3  -2   3    1   0   0   0  10   0   0   2   0  14  29   4   0   4   0   3   8   0   0  23  0.36 0.15
  205 D     0   0   2   3  -1   0   1  -1  -2  -1  -2   0  -2  -3   1   1   0  -4  -3  -1    4   4  12  18   2   4   8   3   0   5   2   5   0   0   8  15   6   0   0   5  0.23 0.11
  206 I    -2  -4  -4  -4   1  -3  -3  -2  -2   2   3  -2   0  -2   5  -2   0  -4  -3   2    1   0   0   0   3   0   0   2   1  13  29   2   1   0  28   3   5   0   0  13  0.59 0.21
  207 P    -4  -3  -5  -5  -5  -4  -4  -5  -3  -4  -2  -2  -4   5   7  -4  -4  -3   4  -3    0   1   0   0   0   0   0   0   0   0   3   2   0  26  53   0   0   0  15   2  1.56 0.40
  208 V    -3  -5  -5  -5  -3  -4  -5  -6  -5   4   2  -5  -1  -2  -5  -4  -2  -5  -3   5    0   0   0   0   0   0   0   0   0  30  21   0   0   0   0   0   0   0   0  49  1.03 0.31
  209 I    -3  -5  -6  -6  -4  -5  -6  -6  -6   7  -1  -5  -1  -3  -5  -5  -3  -5  -4   4    0   0   0   0   0   0   0   0   0  75   1   0   0   0   0   0   0   0   0  24  1.56 0.42
  210 A     5  -4  -4  -4  -3  -3  -3  -3  -4  -4  -4  -3  -4  -5   5   0  -2  -5  -5  -3   64   0   0   0   0   0   0   0   0   0   0   0   0   0  31   4   1   0   0   0  1.34 0.40
  211 A     7  -4  -4  -4  -3  -3  -3  -2  -4  -4  -4  -3  -4  -5  -3   0   0  -5  -4  -3   93   0   0   0   0   0   0   0   0   0   0   0   0   0   0   3   4   0   0   0  1.58 0.47
  212 G    -3  -5  -3  -4  -5  -5  -5   7  -5  -7  -7  -4  -6  -6  -5  -3  -4  -5  -6  -6    0   0   0   0   0   0   0 100   0   0   0   0   0   0   0   0   0   0   0   0  2.31 0.51
  213 G    -2  -5  -3  -4  -5  -5  -5   7  -5  -7  -7  -4  -6  -6  -5  -2  -4  -5  -6  -6    0   0   0   0   0   0   0  98   0   0   0   0   0   0   0   2   0   0   0   0  2.22 0.50
  214 I    -4  -6  -6  -6  -4  -5  -6  -6  -6   8   1  -5   1  -3  -5  -5  -3  -5  -4   1    0   0   0   0   0   0   0   0   0  90   6   0   2   0   0   0   0   0   0   2  1.78 0.46
  215 A    -1  -4  -1  -3  -4  -3  -4  -2   0  -1  -1  -4   9  -3  -5  -2  -1  -4   0   2    5   0   3   1   0   0   0   3   3   2   0   0  61   0   0   2   3   0   4  14  1.24 0.41
  216 D    -3  -4   3   7  -5  -3  -1  -2  -3  -5  -6  -3  -5  -6  -4   1   1  -6  -5  -5    0   0  13  67   0   0   1   2   0   0   0   0   0   0   0   8   9   0   0   0  1.38 0.39
  217 P     1  -4  -2  -2  -4  -3  -4   6  -4  -5  -5  -3  -4  -5  -1   2  -2  -5  -5  -5    8   0   0   1   0   0   0  68   0   0   0   0   0   0   3  18   1   0   0   0  1.26 0.35
  218 R     2   2   0   0  -3   2   1  -2   0  -3  -3   3  -2  -3  -2   0   0  -4  -2  -2   22   9   3   3   0  12  11   2   2   0   0  22   1   1   0   6   4   0   1   2  0.32 0.16
  219 G     0  -3  -1   3  -3   1  -1   3   0  -2  -3  -2  -3  -4  -3   1   2  -4  -4  -2    6   0   0  22   0   8   1  28   2   2   1   0   0   0   0  10  18   0   0   2  0.46 0.20
  220 V     1  -5  -5  -5  -3  -5  -5  -5  -5   7  -1  -5   1  -3  -5  -4  -3  -5  -4   3   12   0   0   0   0   0   0   0   0  69   0   0   2   0   0   0   0   0   0  16  1.23 0.37
  221 A     2   3   2  -1  -2   1   0  -1  -2  -3  -2   2  -2  -2  -3   0  -1  -1  -3  -2   26  19  10   1   1   4   5   3   0   0   4  15   0   1   0   7   1   1   0   2  0.30 0.16
  222 A     3   0   0  -2  -3   1   1  -1   2  -3  -3   0  -2   0  -3   0  -1   1   4  -2   33   3   4   1   0   5   8   3   5   1   1   7   0   3   0   4   3   1  18   0  0.32 0.18
  223 A     3  -4  -4  -5   0  -3  -4  -4  -2  -2   0  -3   4   0  -4  -2  -2  -2   6   0   30   0   0   0   2   0   0   0   0   1   6   0  16   2   0   0   2   0  36   6  0.82 0.31
  224 F    -4  -3  -5  -6  -3  -4  -5  -6  -5   2   6  -4   3   0  -5  -5  -3  -4  -3   0    0   1   0   0   0   0   0   0   0   7  79   0   6   4   0   0   0   0   0   3  1.17 0.34
  225 I     1   0   2   3  -3   2   1  -2  -2  -2  -3   1   0  -4  -2   1   0  -4  -3  -3   12   5   9  21   0  11   8   1   0   2   0  11   3   0   0  14   3   0   0   0  0.35 0.16
  226 L    -2  -2   1  -3  -2   2  -1  -4   1  -1   4   0   0   0  -2  -1  -2  -3   0  -2    3   0  10   0   1  10   4   0   4   1  50   5   0   3   2   3   1   0   2   0  0.36 0.20
  227 G    -2  -5  -1  -4  -5   0  -4   7  -4  -7  -6  -4  -5  -6  -5  -3  -4  -5  -6  -6    0   0   3   0   0   4   0  93   0   0   0   0   0   0   0   0   0   0   0   0  2.02 0.47
  228 A     6  -4  -4  -4   0  -3  -4  -3  -4   0  -4  -3  -3  -5  -3  -1  -2  -5  -4   0   87   0   0   0   1   0   0   0   0   5   0   0   0   0   0   1   0   0   0   6  1.35 0.43
  229 S     3  -2  -2   2  -3   0   0  -1  -3  -2  -3  -1  -1  -4  -3   3  -1  -4  -3   0   32   0   0  12   0   4   6   2   0   1   1   3   1   0   0  28   1   0   0   8  0.40 0.21
  230 A     6  -4  -4  -4  -3  -3  -3   3  -4  -4  -4  -3  -4  -5  -3  -1  -3  -5  -4  -3   76   0   0   0   0   0   0  22   0   0   0   0   0   0   0   2   0   0   0   0  1.28 0.40
  231 V     2  -5  -5  -5   1  -4  -4  -4  -5   0  -2  -4  -2  -3  -4  -3  -1  -5  -4   6   21   0   0   0   3   0   0   0   0   1   0   0   0   0   0   0   3   0   0  72  1.13 0.37
  232 Q    -4  -2  -3  -3  -1   9  -1  -5  -3  -6  -5  -2  -1  -6  -4  -1  -4  -5  -5  -5    0   0   0   0   1  94   0   0   0   0   0   0   2   0   0   3   0   0   0   0  2.31 0.61
  233 V    -3  -4  -5  -6  -3  -4  -5  -6  -5   0   5  -4   6  -2  -5  -4  -3  -4  -3   1    0   0   0   0   0   0   0   0   0   2  68   0  22   0   0   0   0   0   0   8  1.21 0.36
  234 G    -3  -5  -3  -4  -5  -5  -5   7  -5  -7  -7  -4  -6  -6  -5  -3  -4  -5  -6  -6    0   0   0   0   0   0   0 100   0   0   0   0   0   0   0   0   0   0   0   0  2.31 0.51
  235 T    -3  -4  -3  -4  -4  -4  -4  -5  -5  -4  -4  -4  -4  -5  -4   0   8  -6  -5  -3    0   0   0   0   0   0   0   0   0   0   0   0   0   0   0   3  97   0   0   0  2.06 0.56
  236 A     6  -4  -4  -4  -3  -3  -3  -3  -4   1  -2  -3  -3  -4  -3  -2  -1  -5  -4   2   74   0   0   0   0   0   0   0   0   7   2   0   0   0   0   0   1   0   0  15  1.05 0.37
  237 Y    -5  -6  -6  -7  -5  -6  -6  -6  -4  -3  -2  -6  -3   9  -7  -5  -5   4   2  -4    0   0   0   0   0   0   0   0   0   0   2   0   0  89   0   0   0   5   4   0  2.38 0.53
  238 L    -3  -4  -5  -5  -3  -4  -5  -6  -5   4   4  -4   0  -2  -5  -4  -3  -4  -3   3    0   0   0   0   0   0   0   0   0  27  51   0   0   0   0   0   0   0   0  23  0.96 0.29
  239 H     3  -1  -2  -1  -3   0  -2   1  -1  -2   1  -1  -2  -2   3   0   0  -4  -3  -2   30   3   0   2   0   6   0  12   2   0  18   2   0   2  15   4   7   0   0   0  0.28 0.16
  240 T    -1  -5  -4  -5   9  -4  -4  -4  -5  -3  -4  -4  -3  -5  -4   0   5  -5  -5   0    5   0   0   0  48   0   0   0   0   0   0   0   0   0   0   6  36   0   0   5  1.62 0.43
  241 K     0  -1  -1   1  -4  -1  -1  -4  -3  -4  -5   2  -4  -5   7   0  -1  -5  -4  -3    7   2   2   8   0   3   2   0   0   0   0  13   0   0  51   6   4   0   0   2  1.12 0.30
  242 E    -3  -3  -3   0  -6   2   7  -2  -3  -6  -5  -2  -4  -6  -4  -1  -2  -5  -5  -5    0   0   0   2   0   8  83   3   0   0   0   0   0   0   0   2   2   0   0   0  1.62 0.46
  243 S     1  -4  -2  -3   3  -3  -3  -3  -4  -5  -5  -3  -4  -5  -4   6  -1  -5  -4  -4    9   0   0   0   6   0   0   0   0   0   0   0   0   0   0  84   1   0   0   0  1.46 0.47
  244 T     2  -1   3  -2  -3   0  -2  -1  -1  -1   0   0  -2  -3  -3   2   2  -4  -3  -1   22   1  17   0   0   3   0   1   1   3  11   5   0   0   0  21  12   0   0   1  0.28 0.17
  245 I     5  -3   0  -3  -2  -3  -3  -2  -4   1  -3  -3  -2  -4  -3   1   1  -5  -4   1   56   0   5   0   0   0   0   0   0   8   0   0   0   0   0   9   9   0   0  13  0.65 0.28
  246 S    -1  -3   4   4  -1  -2  -2  -1   1  -5  -5  -1  -4  -5   2   3  -1  -5  -4  -4    4   0  25  22   1   0   0   2   3   0   0   2   0   0  10  30   1   0   0   0  0.69 0.26
  247 P     2   0  -1   1  -3   1   1  -1  -1  -3  -4   1  -3  -4   3   2   0  -4  -3  -2   18   5   0   7   0   7  11   2   1   0   0  12   0   0  18  15   3   0   0   1  0.40 0.16
  248 I     2  -2  -1  -2  -3  -2   0   2   0  -1  -1   0  -2   4  -3  -1  -1  -2   2  -2   19   0   3   1   0   0   6  16   2   4   3   5   0  25   0   2   4   0   8   0  0.26 0.15
  249 Y    -4  -4  -3  -5  -5  -4  -4  -5   5   2  -3  -4  -3   5  -5  -4  -4   3   7  -2    0   0   1   0   0   0   0   0  13  12   0   0   0  23   0   0   0   4  46   1  1.41 0.38
  250 R    -1   6   1  -2  -4   0  -1   0  -1  -4  -2   2  -3  -4  -4   1  -1  -5  -4  -4    3  50   5   2   0   1   1   7   1   0   4  13   0   0   0   9   4   0   0   0  0.73 0.26
  251 A     2   1   2   2  -3   2   2  -2  -1  -4  -4   2  -3  -4  -2   0   0  -4  -3  -3   20   6  13  12   0   9  11   1   1   0   0  18   0   0   0   5   4   0   0   1  0.36 0.16
  252 S     3  -1  -2  -3   1   0  -1  -2  -2  -1   1   0   0  -1   0   1   0  -3  -1  -1   36   3   1   0   3   4   2   0   1   2  17   6   3   1   4   8   4   0   1   3  0.19 0.14
  253 L    -3  -4  -4  -5  -3  -4  -4  -3  -4   3   4  -3   0   2  -4  -2  -3  -3  -2   1    0   0   0   0   0   0   0   1   0  15  58   1   1   9   0   2   0   0   0  10  0.72 0.24
  254 K     0   1   0   0  -3   1   0  -1  -1  -2  -1   2   0   2  -2   0   1  -3  -1  -2   10   7   3   4   0   6   4   3   1   1   6  19   2  13   0   8  11   0   0   1  0.12 0.09
  255 S     0   0   2   0  -3   0   1   1  -1  -3  -2   0  -2  -3  -1   3   0  -3  -3  -2    4   5   9   4   0   4  10   9   1   1   3   5   0   0   2  38   4   0   0   2  0.31 0.15
  256 A     1   0   1   2   0   1   1  -1   0  -1  -2   1  -1  -2   2   1  -1  -2  -1  -1   11   3   5  12   2  10   6   4   3   3   3   8   1   1  11  10   2   0   1   4  0.15 0.05
  257 T     1   1   2   0  -2   1   0   0  -1  -2  -2   1  -2  -2   2   0   1  -3  -1  -1   16   8  11   3   0   6   5   5   1   2   3   9   0   1  11   6   8   0   2   2  0.16 0.07
  258 A     3   1  -1   0  -2   0   1   1   0  -3  -1   0  -2  -3   0   1  -1  -3  -1  -2   30   8   2   4   0   3   8  12   2   0   8   3   0   0   5  11   0   0   2   0  0.19 0.12
  259 H     0   0   0   0  -2   0   0   0   2  -1  -1   1  -1  -1   1   0   1   0   0  -1   10   6   3   4   0   5   7   6   8   5   4   8   1   3   8   5  10   1   3   3  0.07 0.04
  260 D    -1   0   1   2  -1   1   2  -1   4  -3  -2   0  -1  -4   3   0   0  -4  -2  -3    4   3   5  13   1   4  13   5  14   1   3   4   1   0  14   6   7   0   0   0  0.32 0.14
  261 T    -3  -4  -3  -4  -4  -4  -4  -5  -5  -4  -4  -4  -4  -5  -4  -2   8  -6  -5  -3    0   0   0   0   0   0   0   0   0   0   0   0   0   0   0   0 100   0   0   0  2.19 0.60
  262 C     0   1  -3  -3   0   1  -1  -4  -3   3   0  -1   0  -2  -3  -2   0  -4  -3   3    8  11   0   0   2   9   4   0   0  25   5   3   1   0   0   1   5   0   0  26  0.29 0.17
  263 L    -4  -4  -5  -6  -4  -4  -5  -6  -5   3   2  -4   9  -3  -5  -5  -3  -4  -4   0    0   0   0   0   0   0   0   0   0  14  12   0  69   0   0   0   0   0   0   5  1.83 0.51
  264 S    -3  -4  -3  -4  -3  -3  -4  -4  -4   0  -3  -3  -3  -4  -4   0   7  -5  -4   1    0   0   0   0   0   0   0   0   0   5   1   0   0   0   0   6  80   0   0   9  1.44 0.46
  265 N     2   2   1   2   0  -1   0  -2  -2  -4  -4   0  -3  -4   3   2  -1  -4  -3  -3   26  15   7  11   2   0   3   0   1   0   0   5   0   0  14  15   1   0   0   0  0.41 0.19
  266 V     3  -3  -2  -4  -1  -3  -2  -2  -3   1   3  -3   0  -1  -3   1  -1  -3  -1   1   30   0   1   0   1   0   1   1   0   6  33   0   1   1   0  10   1   0   2  12  0.33 0.18
  267 F    -3  -5  -5  -5   0  -5  -5  -6  -5   6   0  -5  -1   1  -1  -4  -3  -4  -3   4    0   0   0   0   2   0   0   0   0  51   2   0   0   7   3   0   0   0   0  35  1.06 0.33
  268 S    -2  -4  -2  -3  -4  -3  -3  -3  -4  -5  -5  -3  -4  -5  -4   7   1  -6  -5  -4    0   0   0   0   0   0   0   0   0   0   0   0   0   0   0  94   6   0   0   0  1.77 0.54
  269 G    -3  -5  -3  -4  -5  -5  -5   7  -5  -7  -7  -4  -6  -6  -5  -3  -4  -5  -6  -6    0   0   0   0   0   0   0 100   0   0   0   0   0   0   0   0   0   0   0   0  2.33 0.53
  270 R    -4   7  -3  -4  -6  -1  -2  -5  -3  -5  -3   4  -4  -5  -4  -3  -4  -5  -4  -5    0  68   0   0   0   0   0   0   0   0   3  29   0   0   0   0   0   0   0   0  1.66 0.46
  271 P    -1  -1   1  -4  -5  -2  -3  -4   0  -2  -5  -3  -4  -1   8  -1  -3  -6  -4  -4    4   3   8   0   0   2   0   0   3   3   0   0   0   4  69   4   0   0   0   0  1.72 0.43
  272 T     7  -4  -4  -4  -3  -3  -4  -3  -4  -4  -1  -3  -3  -5  -4  -1  -1  -5  -4  -3   92   0   0   0   0   0   0   0   0   0   5   0   0   0   0   1   2   0   0   0  1.50 0.47
  273 R    -5   8  -3  -5  -7  -2  -3  -5  -3  -6  -5  -1  -4  -6  -5  -4  -4  -6  -5  -6    0 100   0   0   0   0   0   0   0   0   0   0   0   0   0   0   0   0   0   0  2.48 0.60
  274 C     2  -4  -3  -4   7  -3  -4   3  -4  -4  -4  -3  -3  -5  -4   0   3  -5  -4  -3   18   0   0   0  27   0   0  26   0   0   0   0   0   0   0   4  26   0   0   0  0.97 0.32
  275 R    -3  -2  -5  -5  -3  -4  -5  -5  -5   5   4  -4   1   0  -5  -4  -3  -4  -3   2    0   2   0   0   0   0   0   0   0  37  42   0   3   3   0   0   0   0   0  12  0.85 0.27
  276 M     1   2  -1  -1   0  -1   0  -2  -1   1   0   2   0  -2  -1   0   0  -3  -2   1   12  12   1   2   2   1   6   1   1   8  10  15   2   0   3   9   2   0   1  13  0.09 0.08
  277 N    -3  -3   6  -2  -4  -3  -3  -2  -3  -3  -5  -3  -4  -5  -4   0   5  -6  -4  -4    0   0  50   0   0   0   0   1   0   1   0   0   0   0   0   4  44   0   0   0  1.37 0.44
  278 R     0   3  -3   0  -4   1  -1  -2   1  -4  -3   0  -3  -4   6  -1  -1  -5  -2  -3   10  18   0   6   0   6   3   2   3   0   2   3   0   0  40   3   2   0   2   1  0.80 0.25
  279 F    -5  -6  -4  -6  -5  -6  -6  -6  -4  -2   0  -6  -1   8  -6  -5  -5   5   1  -3    0   0   1   0   0   0   0   0   0   1   7   0   1  82   0   0   0   7   1   0  2.08 0.50
  280 I    -2  -3  -4  -4   2  -2  -4  -5   1   5   1  -3   1  -1  -4  -3   3   0  -2   0    1   1   0   0   4   2   0   0   4  45  12   0   2   2   0   0  22   1   1   3  0.60 0.26
  281 R     0   3   0   2  -1   2   2  -3   1  -4  -4   1  -3  -4  -3   0   0  -4  -3  -2    8  23   4  14   2  11  18   0   3   0   0   4   0   0   0   6   6   0   0   2  0.41 0.18
  282 E     0   0   1   1  -3   0   1  -1   0  -1   0   1   0   0  -3   0  -1   4  -1  -2    8   4   7  11   0   4  11   2   2   2  13  10   2   6   0   7   3   7   1   0  0.12 0.08
  283 H     0  -3  -3  -4  -3  -3  -1   1   0   1   3  -3   1   0  -4  -2   0  -3  -2   0   10   0   0   0   0   0   4  13   2   8  45   1   2   3   0   1   5   0   0   6  0.31 0.17
  284 G     0   0  -1   1  -2   1   1  -1   0   1   0  -1  -1  -2  -2  -1   0  -1  -1   1    8   5   2  11   1  10  13   4   3  14   6   1   0   0   0   2   6   1   2  11  0.08 0.08
  285 P     1   1   1   1  -1   2   1   1   0  -2  -2   1  -2  -3   0   1   1  -4  -3  -2   10   7   6   8   1  11   7  11   2   2   4   6   0   0   4  13   8   0   0   0  0.17 0.09
  286 I     0   0   0   1  -2   2   0   0   1  -1  -2   1  -2  -3   2   0   0  -3  -2  -1    7   5   3  11   0  14   4   8   4   6   2   8   0   1  12   7   4   0   1   2  0.18 0.07
  287 S     0   1   0   1   0   0   0   1   0  -2   0   0  -1  -3   2   1   0  -3  -2  -1   10  10   4  10   3   2   5  11   2   0  10   2   1   0   9   9   7   0   0   4  0.11 0.06
  288 D     0  -2   0   3  -3   0   2  -1  -1  -2   0   0  -2  -2   2   0   0  -3  -1   0    6   0   3  18   0   1  16   3   1   0  11   7   0   2  11   7   4   0   3   8  0.19 0.11
  289 K     1   0   0   2  -1   1   3  -1  -2  -2  -2   1  -1  -4   1   0   0  -4  -3  -2   14   4   5  11   1   5  24   4   0   2   2   8   2   0   7   6   4   0   0   2  0.26 0.12
  290 S    -2  -4  -4  -5  -3  -2  -4  -5  -4   4   4  -4   1  -1   1  -2  -2  -4  -3   2    2   0   0   0   0   2   0   0   0  28  45   0   1   1   6   2   2   0   0  11  0.63 0.23
  291 P    -2  -5  -5  -5  -6  -4  -4  -5  -5  -6  -4  -4  -6  -7   9  -4  -4  -7  -6  -5    2   0   0   0   0   0   0   0   0   0   1   0   0   0  96   0   0   0   0   0  2.96 0.63
  292 Q     0  -4  -2   6  -5  -1  -1   0  -3  -5  -3  -3  -4  -5   4   0  -3  -6  -5  -4   10   0   0  52   0   2   1   6   0   0   3   0   0   0  18   7   0   0   0   0  0.98 0.32
  293 F    -5  -5  -5  -6  -6  -5  -5  -6  -1  -4  -4  -5  -4   4  -6  -5  -5  -1   9  -4    0   0   0   0   0   0   0   0   0   0   0   0   0  11   0   0   0   0  89   0  2.68 0.62
  294 P    -3  -5  -4  -4  -5  -2  -4   4  -5  -5  -6  -4  -5  -6   7  -1  -4  -6  -5  -3    0   0   0   0   0   2   0  31   0   0   0   0   0   0  61   5   0   0   0   2  1.77 0.44
  295 L    -3  -3  -4  -5   0  -4  -4  -5  -2   3   2  -4   0   0  -5  -3  -2  -1   7   0    1   1   0   0   2   0   0   0   0  21  20   0   2   1   0   2   2   0  43   5  0.91 0.31
  296 G     4   1  -3  -3  -3  -2  -3  -1  -3  -2  -2  -2   2  -4   2   0   2  -4  -3   0   45  10   0   0   0   0   0   4   0   1   2   0   8   0   8   4  12   0   0   6  0.46 0.23
  297 F    -3  -5  -5  -6  -5  -4  -5  -2  -1  -4  -4  -5  -4   1  -6  -4  -1  -1   9  -4    2   0   0   0   0   0   0   3   0   0   0   0   0   2   0   0   4   0  88   0  2.41 0.59
  298 S    -1  -3   3   6  -4  -2  -1  -2   0  -4  -5  -2  -4  -4  -4   2  -2  -5   2  -2    4   0  14  49   0   0   0   2   2   0   0   1   0   0   0  18   0   0   8   3  0.89 0.31
  299 A     5  -2  -3  -4  -3  -3  -1   0  -4   0   1  -3   0  -3  -3   0  -2  -4  -3   0   59   1   0   0   0   0   3   6   0   5  13   0   2   0   0   4   0   0   0   6  0.59 0.27
  300 M     1  -4  -3  -4  -4  -3  -4   4  -2  -1  -3  -4   0   4  -4  -2  -3  -2   5  -3   14   0   0   0   0   1   0  30   0   3   0   0   2  21   0   1   1   0  26   0  0.79 0.29
  301 S    -3   2  -3  -4  -6  -1  -2  -4  -3  -6  -5   7  -4  -6  -4  -2  -3  -6  -5  -5    0   8   0   0   0   0   0   0   0   0   0  90   0   0   0   2   0   0   0   0  1.85 0.51
  302 A     3   0  -2   0  -3   4   0  -1  -2  -4  -3   1  -2  -4   0   1   0  -4  -3  -3   30   4   0   4   0  23   2   2   0   0   1  10   0   0   3  12   6   0   0   0  0.43 0.21
  303 L    -2  -4  -6  -6  -3  -4  -5  -6  -5   1   6  -5   2   0  -5  -4  -3   0  -3   0    3   0   0   0   0   0   0   0   0   5  80   0   3   3   0   0   0   2   0   4  1.14 0.35
  304 R     2   2   4  -2  -4  -1  -2  -2   4  -4  -3   2  -3  -4  -3   0  -2  -5  -3  -2   23  12  25   0   0   0   0   1  14   0   3  16   0   0   0   4   1   0   0   3  0.51 0.23
  305 I     3  -1   1  -2  -3   0  -1   2  -2  -2  -3   0  -2  -3   0   2   0  -4  -3  -2   38   2   9   0   0   3   2  13   0   2   2   4   0   1   4  15   4   0   0   1  0.35 0.18
  306 E     4  -2  -2   0  -2  -1   1  -2   0  -2   1   1  -2  -3  -2   0   0  -4  -3  -1   43   0   0   6   0   2   9   0   2   1  15  10   0   0   0   3   4   0   0   4  0.31 0.18
  307 G     5  -3  -2  -2  -2  -2  -2   0  -3  -1   0  -2  -2   0  -3  -1  -2  -3   2   0   55   0   2   2   0   0   1   4   0   3  12   2   0   3   0   1   0   0   8   6  0.47 0.22
  308 E     0   1  -1  -1  -2   0   0   0  -2  -1  -1   3   0  -1   0   1  -1  -2  -2   0    7   5   2   1   0   2   4   5   0   2   5  32   3   4   3  15   2   0   1   7  0.18 0.10
  309 Q     2   0   1  -1  -2   2   0  -1  -1  -2  -1   1  -1  -2  -1   1   0  -2  -1  -1   22   4   7   2   1  15   5   4   1   2   5   9   1   1   2  10   4   0   3   3  0.15 0.07
  310 Q     1   1   1  -1  -1   2   0  -1   0  -1  -1   2   0  -1  -1   1   0  -2  -1  -1   11   4   6   3   1  13   5   3   3   3   3  21   2   3   1   8   5   0   1   4  0.13 0.06
  311 G    -1  -1   0  -1   0   0  -1   5  -2  -2  -3  -1  -2  -3  -2  -1  -2  -2  -2  -2    2   3   3   3   2   5   3  57   1   3   3   4   1   1   2   3   2   0   1   2  0.65 0.16
  312 K    -1   1   2   3   0   0   2   0   0  -3  -3   0  -3  -4   3   0  -1  -4  -3  -2    2   7  10  17   2   3  19   5   2   0   1   4   0   0  15   6   1   0   0   3  0.36 0.13
  313 R     0   0   0   1  -3   1   1   0   2  -2  -1   0  -1   0   2   0   0   0   1  -1    6   4   3  10   0   8  10   8   6   1   4   3   1   4  10   5   5   1   6   2  0.12 0.06
  314 D    -1   0  -1   4  -4  -1   1   4  -3  -4  -2  -1  -1  -4  -3  -1  -2  -4  -4  -3    5   6   1  28   0   2  10  33   0   0   6   3   1   0   0   4   0   0   0   1  0.54 0.21
  315 F    -1  -4  -2  -5   1  -4  -5  -5  -2   1  -1  -4  -2   6  -5  -4  -2  -1   6   0    4   0   3   0   3   0   0   0   0  10   3   0   0  33   0   0   2   0  38   5  1.08 0.33
  316 S     1  -4   2   0  -4  -1  -3   5  -3  -5  -3  -3  -4  -5  -4   1  -2  -5  -4  -4   10   0   9   5   0   3   0  58   0   0   3   0   0   0   0  10   1   0   0   0  0.92 0.29
  317 P     4  -4  -4  -4  -3  -4  -4  -3  -4  -3  -2  -4   0   6   0  -1  -3  -3  -1   0   48   0   0   0   0   0   0   0   0   0   2   0   2  36   4   3   0   0   0   5  0.89 0.34
  318 H    -4  -3   0  -4  -1   4  -3  -5   5  -1  -1  -3  -3   3  -5  -3  -3  -2   6  -2    0   0   5   0   1  20   0   0  16   5   5   0   0  11   0   0   0   0  35   2  0.94 0.33
  319 Y    -5  -5  -6  -7  -5  -5  -6  -6  -5  -3   4  -6  -2  -1  -6  -6  -5  11   0  -3    0   0   0   0   0   0   0   0   0   0  46   0   0   1   0   0   0  51   2   0  2.30 0.53
  320 C     6  -4  -4  -4   3  -3  -4  -3  -4  -3  -4  -3  -3  -5  -3  -1  -1  -5  -4   0   85   0   0   0   5   0   0   0   0   0   0   0   0   0   0   2   2   0   0   7  1.35 0.44
  321 G    -3  -5  -3  -4  -5  -5  -5   7  -5  -7  -7  -4  -6  -6  -5  -2  -4  -5  -6  -6    0   0   0   0   0   0   0  99   0   0   0   0   0   0   0   1   0   0   0   0  2.26 0.52
  322 Q     0  -2  -2  -2  -5   7   0  -4  -2  -5  -5  -2  -2  -6  -4   2   0  -5  -4  -4    9   0   0   1   0  67   3   0   0   0   0   0   1   0   0  14   5   0   0   0  1.34 0.45
  323 S    -1  -3   6  -2  -5  -2  -3   5  -1  -6  -6  -1  -4  -5  -4   1  -3  -5  -5  -5    2   0  39   0   0   1   0  45   1   0   0   2   0   0   0   9   0   0   0   0  1.16 0.35
  324 V     4  -4  -4  -5  -3  -1  -4  -3   0  -2  -3  -3  -3   1  -4  -2  -3  -2   6   2   39   0   0   0   0   2   0   0   2   0   0   0   0   4   0   0   0   0  36  17  0.92 0.35
  325 A     1  -2  -1   0  -4   1  -2  -1   4  -3  -3  -1  -1  -1   5  -1   0  -4   0  -3   17   0   1   7   0   7   0   5  14   1   2   3   2   2  28   3   4   0   4   0  0.52 0.20
  326 M    -2   1   0  -3  -3   3  -2  -4  -1  -2   3   2   3  -1  -3   0  -2  -4  -3  -2    0   6   5   0   0  16   0   0   1   0  36  15   9   3   0  10   0   0   0   0  0.38 0.22
  327 K     3  -3  -2  -4   1  -3  -3  -3  -4   4  -1  -2   1  -3  -3   1  -1  -4  -3   2   33   0   2   0   3   0   0   0   0  29   2   2   3   0   0  10   1   0   0  15  0.46 0.22
  328 S    -3   6   1   0  -5   2   1  -4  -2  -5  -3   0  -3  -5  -4   0  -1   3  -3  -4    0  54   8   4   0   8   8   0   0   0   1   3   0   0   0   7   3   4   0   0  0.89 0.31
  329 S     1  -2   2   2  -2   0   3   2  -2  -4  -4  -1  -3  -4   0   0   1   0  -2  -3   14   1  10  10   1   2  21  18   0   0   0   2   0   0   4   6   8   1   1   0  0.33 0.15
  330 E    -2   0  -1  -4  -3  -2  -2  -4  -3   1   4   0   5  -1  -4  -2  -2  -4  -3   0    1   6   4   0   0   0   2   0   0   8  41   8  24   2   0   1   0   0   0   2  0.57 0.24
  331 S    -1  -3   1   1  -4  -2   0  -1  -3  -4  -3  -1  -3  -4   5   3   2  -5  -4  -2    3   0   6   8   0   0   5   3   0   0   3   3   0   0  32  24  12   0   0   2  0.68 0.24
  332 A     5  -3  -3  -3  -2  -3  -3  -2  -4  -1  -3  -3  -1  -4  -3   1   3  -4  -3   1   60   0   0   0   0   0   0   0   0   3   0   0   2   0   0   6  19   0   0   9  0.77 0.30
  333 T     2   0  -1   0  -1   2   2   2  -2  -3  -2   2  -2  -4  -2   0   0  -3  -3  -2   23   3   1   3   1   9  15  14   0   0   2  13   0   0   1   5   5   0   0   2  0.25 0.13
  334 Q    -1  -1   0   2  -5   3   5  -4  -1  -4  -4   1  -3  -5  -3  -2  -1  -5  -4  -2    5   2   2  13   0  14  48   0   1   0   1   7   0   0   0   0   2   0   0   4  0.77 0.28
  335 L    -3  -4  -5  -5  -3  -4  -4  -5  -5   3   4  -2   1  -1  -5  -4  -2  -4  -3   2    0   0   0   0   0   0   0   0   0  21  54   3   2   1   0   0   1   0   0  17  0.81 0.27
  336 T    -3  -4  -5  -5  -3  -4  -4  -5  -4   3   2  -4   6   2  -5  -4  -1  -4  -2   3    0   0   0   0   0   0   0   0   0  16  13   0  30   9   0   0   4   0   0  27  0.83 0.29
  337 R     2   1   2   1  -3   2   2  -1   0  -3  -2   2  -2  -4  -2   1  -1  -4  -3  -2   18   9  10   6   0  10  13   3   2   0   3  14   0   0   0   9   1   0   0   1  0.28 0.14
  338 D     0   1   1   0  -1   2   1  -2  -2   0  -1   1  -1  -3  -2   0   2  -4  -3   0    7   7   8   4   1  11   8   1   0   4   5   8   1   0   0   5  21   0   0   7  0.17 0.11
  339 L    -4  -5  -6  -6  -4  -5  -5  -6  -5   1   6  -5   1  -1  -5  -5  -3  -1  -3   0    0   0   0   0   0   0   0   0   0   5  88   0   2   2   0   0   0   1   0   3  1.36 0.39
  340 A     1  -1  -3  -3  -1  -2  -2   0  -3   3  -1  -1  -1  -2  -3  -1   2   2  -3   3   12   2   0   0   1   1   3   7   0  18   3   4   1   0   0   1  13   3   0  31  0.27 0.16
  341 L     0   2   1   1  -4   2   2  -3   0  -3  -1   3  -2  -4  -3   0   0  -4  -3  -3    9  12   7   5   0  11  16   0   2   0   9  20   0   0   0   5   4   0   0   0  0.31 0.15
  342 K    -2  -1   0   1  -6   0   6   2  -3  -6  -5   0  -4  -6  -4  -2  -3  -5  -4  -5    1   2   3   5   0   3  66  15   0   0   0   4   0   0   0   2   0   0   0   0  1.12 0.37

                      K         Lambda
PSI Ungapped         0.1808     0.3179
PSI Gapped           0.0553     0.2670
