
Last position-specific scoring matrix computed, weighted observed percentages rounded down, information per position, and relative weight of gapless real matches to pseudocounts
            A   R   N   D   C   Q   E   G   H   I   L   K   M   F   P   S   T   W   Y   V   A   R   N   D   C   Q   E   G   H   I   L   K   M   F   P   S   T   W   Y   V
    1 M    -1   0   0  -1  -3  -1  -2  -2  -3  -1   0   0   6  -2   1   1   1  -4  -3  -1    3   5   4   3   0   2   1   3   0   1   8   6  34   0   7  10  11   0   0   2  0.33 0.18
    2 R    -1   0   0  -1  -2  -1  -1  -2   1   0   0   0   6  -1   0   0  -1  -3   0  -1    2   5   4   4   1   2   4   3   3   4   3   6  33   1   4  10   3   0   4   4  0.28 0.19
    3 W     0  -1   1  -1  -3   0  -2  -2   0  -2  -1   0   4  -2  -2   2   1   6  -2  -2    7   3   9   3   0   5   1   2   2   1   3   6  17   0   1  19   7  13   0   1  0.37 0.20
    4 F     0   0   1  -1  -3   1   0  -2   1  -2  -2   1   4   0   1   1   0  -3  -1  -1    9   4   6   2   0   7   4   2   4   0   1   7  19   4   7  15   5   0   2   2  0.19 0.15
    5 D    -1   0   0   1   2   0   0  -2   0  -1  -1   0   2  -1  -1   2   1  -3   1  -1    3   6   2  10   5   4   4   2   2   3   2   7   8   3   2  21   9   0   5   2  0.12 0.11
    6 N    -1   1   3  -2  -1   1  -1  -3   1  -1  -1   1   4  -2  -1   1   1  -4  -3  -2    4   9  18   1   1   5   2   0   4   3   3  10  14   1   3  11  11   0   0   0  0.26 0.18
    7 V     0   2   1   0  -3   1  -1  -2   1  -2  -2   1   1  -3   1   2   1  -2  -2  -2   10  14   6   5   0   6   2   1   3   1   3   9   4   0   5  17  10   0   1   1  0.19 0.13
    8 L    -2  -4  -5  -6  -4  -5  -5  -6  -2   2   4  -4   1   6  -5  -4  -3  -3  -1  -1    2   0   0   0   0   0   0   0   1   9  46   1   3  35   0   0   1   0   0   2  1.02 0.34
    9 T    -1  -1  -4  -4   4  -1  -3  -4  -2   1   4  -3   2  -1  -4  -2   1  -4  -3   0    5   3   0   0   9   4   1   0   1   5  46   0   5   2   0   3  12   0   0   5  0.47 0.23
   10 K     0   0   0   2  -4   3   2  -3   0  -4  -3   3  -3  -4  -3   1   1  -4  -3  -3    6   3   4  14   0  15  13   1   2   0   1  21   0   0   0  10   7   0   1   1  0.43 0.20
   11 N    -1   4  -1  -2   0   0  -1  -3   0  -2   2   2  -1  -3  -3  -1   1  -3  -3  -2    5  31   2   1   3   4   1   1   2   0  22  13   0   1   0   3   9   0   0   1  0.37 0.21
   12 L    -3  -5  -6  -6  -4  -5  -6  -6  -5   0   6  -5   0   4  -6  -5  -4  -4  -2  -2    1   0   0   0   0   0   0   0   0   4  76   0   0  18   0   0   0   0   0   1  1.37 0.43
   13 N    -1  -1   3   0  -5  -1  -1   6  -3  -6  -6  -1  -3  -5  -4  -1  -3  -5  -5  -4    3   3  15   6   0   3   3  57   0   0   0   4   0   0   0   4   1   0   0   1  0.98 0.33
   14 I    -3  -5  -6  -6  -3  -5  -5  -6  -5   5   4  -5   0  -2  -4  -4  -2  -5  -4   3    0   0   0   0   0   0   0   0   0  44  35   0   1   0   1   0   2   0   0  17  1.05 0.34
   15 K    -1   4  -1   1  -4   2   2  -3  -1  -4  -4   3  -3  -5  -2   0   0  -5  -4  -3    4  21   2   9   0   8  17   0   1   1   0  23   0   0   2   5   6   0   0   1  0.52 0.23
   16 Y    -3  -3  -3  -5  -3  -3  -3  -5   5   0   1  -2  -1   2  -5  -4  -2   3   6   1    1   1   0   0   0   0   1   0  16   5  17   3   1   6   0   0   2   4  35   9  0.84 0.31
   17 P    -5  -6  -4  -5  -7  -5  -5  -6  -6  -7  -7  -5  -6  -8   9  -5  -5  -8  -7  -6    0   0   0   0   0   0   0   0   0   0   0   0   0   0 100   0   0   0   0   0  3.28 0.76
   18 I    -4  -6  -6  -6  -4  -6  -6  -7  -6   8   1  -6  -2  -3  -6  -6  -4  -6  -4   1    0   0   0   0   0   0   0   0   0  86   9   0   0   0   0   0   0   0   0   5  1.91 0.53
   19 I    -4  -5  -6  -6  -4  -5  -6  -6  -6   7   1  -5   1   2  -6  -5  -3  -1  -3   2    0   0   0   0   0   0   0   0   0  65  11   0   3  10   0   0   0   1   0   9  1.29 0.40
   20 Q    -4  -3  -4  -4  -6   9  -2  -6  -3  -5   0  -2  -4  -6  -5  -4  -4  -6  -5  -4    0   0   0   0   0  88   0   0   0   0  11   0   0   0   0   0   0   0   0   1  2.28 0.69
   21 A     7  -5  -4  -5  -4  -4  -4  -3  -5  -5  -5  -4  -4  -5  -4   1  -3  -6  -5  -3   90   0   0   0   0   0   0   0   0   0   0   0   0   0   0  10   0   0   0   0  1.72 0.55
   22 P    -5  -6  -6  -5  -7  -5  -5  -6  -6  -7  -7  -5  -6  -8   9  -5  -5  -8  -7  -6    0   0   0   0   0   0   0   0   0   0   0   0   0   0 100   0   0   0   0   0  3.31 0.76
   23 M    -5  -6  -6  -7  -6  -4  -6  -7  -6  -3  -2  -5  11  -4  -7  -6  -5  -6  -5  -3    0   0   0   0   0   0   0   0   0   0   0   0 100   0   0   0   0   0   0   0  3.47 0.87
   24 A     7  -5  -5  -5  -4  -4  -4  -3  -5  -4  -5  -4  -4  -6  -4  -2  -3  -6  -5  -1   96   0   0   0   0   0   0   0   0   0   0   0   0   0   0   0   1   0   0   3  1.88 0.59
   25 S    -3  -6  -2  -4  -6  -5  -5   7  -5  -7  -7  -5  -6  -6  -5  -2  -5  -6  -6  -5    0   0   2   0   0   0   0  95   0   0   0   0   0   0   0   3   0   0   0   1  2.24 0.58
   26 A     2  -5  -5  -5  -3  -4  -5  -5  -5   2  -2  -4  -2  -3  -5  -1   0  -5  -4   6   16   0   0   0   0   0   0   0   0   9   0   0   0   0   0   4   5   0   0  65  1.09 0.40
   27 A     1  -4  -3  -3  -1   0  -3  -2  -4  -5  -4  -3  -4  -5  -4   6   1  -6  -5  -4    9   0   0   0   1   4   0   1   0   0   1   0   0   0   0  75   8   0   0   0  1.33 0.50
   28 S    -3  -4  -1   0  -4  -4  -4  -1  -5  -4  -5  -4  -4  -5  -2   1   7  -6  -5  -3    0   0   2   5   0   0   0   4   0   0   0   0   0   0   1   9  78   0   0   0  1.54 0.53
   29 L    -1  -5  -5  -5  -5  -4  -3  -5  -3   1  -3  -4  -4  -5   8  -1  -3  -3  -5   1    4   0   0   0   0   0   1   0   0   9   2   0   0   0  67   6   0   0   0  10  1.72 0.49
   30 E     3   0  -2   0  -4   2   4  -2  -3  -4  -3   1  -3  -5  -3  -1  -2  -5  -4  -2   26   4   0   4   0  10  38   1   0   0   2   8   0   0   1   3   2   0   0   2  0.60 0.28
   31 L    -4  -5  -6  -7  -4  -4  -6  -6  -5  -1   5  -5   7  -2  -6  -5  -4  -5  -4  -1    0   0   0   0   0   0   0   0   0   1  65   0  31   1   0   0   0   0   0   2  1.57 0.49
   32 A     7  -5  -5  -5  -4  -4  -4  -3  -5  -3  -5  -4  -4  -5  -4  -1  -2  -6  -5  -2   93   0   0   0   0   0   0   0   0   1   0   0   0   0   0   3   1   0   0   2  1.74 0.56
   33 A     6  -4  -4  -4  -3  -4  -4  -3  -4   0  -2  -3  -2  -3  -4   2  -1  -5  -4  -2   73   0   0   0   0   0   0   0   0   6   4   1   1   1   0  12   2   0   0   1  1.12 0.43
   34 A     6  -3  -2  -2  -3  -1   1  -2  -4  -2  -4  -1  -3  -5  -3   0   0  -5  -4  -2   66   0   1   2   0   3  11   1   0   2   0   4   0   0   0   4   6   0   0   1  0.90 0.38
   35 V    -1  -6  -6  -6  -4  -5  -6  -6  -6   2  -2  -5  -2  -4  -5  -5  -3  -6  -4   7    4   0   0   0   0   0   0   0   0   9   1   0   0   0   0   0   0   0   0  86  1.74 0.53
   36 S     1  -2  -2  -3   3  -3  -3  -3  -2  -4  -5  -3  -4  -5  -4   5   3  -5  -3  -3    9   1   1   0   7   0   0   1   1   0   0   0   0   0   0  58  21   0   1   1  1.04 0.42
   37 N    -1   2   7  -1  -5  -1   1  -2  -2  -4  -5   1  -2  -6  -4  -1  -3  -6  -5  -5    6   9  59   2   0   1  10   1   0   1   1   7   1   0   0   2   0   0   0   0  1.15 0.41
   38 A     5  -3   1  -4  -2   0  -3  -1   1  -3  -2  -2  -3  -3  -4   1  -2  -5  -2  -3   66   1   7   0   0   5   0   2   3   1   4   1   0   1   0   8   0   0   1   1  0.85 0.37
   39 G    -3  -6  -3  -5  -4  -5  -6   8  -5  -7  -7  -5  -6  -7  -6  -4  -5  -6  -7  -7    0   0   1   0   0   0   0  99   0   0   0   0   0   0   0   0   0   0   0   0  2.45 0.62
   40 G     3  -5  -4  -4  -5  -4  -5   7  -5  -6  -6  -4  -5  -6  -5  -3  -4  -6  -6  -5   26   0   0   0   0   0   0  74   0   0   0   0   0   0   0   0   0   0   0   0  1.73 0.50
   41 L    -4  -5  -6  -7  -4  -5  -6  -7  -6   2   6  -5   2  -1  -6  -5  -4  -5  -4  -1    0   0   0   0   0   0   0   0   0   8  86   0   3   1   0   0   0   0   0   1  1.54 0.47
   42 G    -1  -6  -4  -5  -6  -5  -5   7  -5  -7  -7  -5  -6  -7  -3  -3  -5  -6  -6  -6    3   0   0   0   0   0   0  96   0   0   0   0   0   0   1   0   0   0   0   0  2.31 0.59
   43 S     1  -4  -3  -4  -4  -3  -3  -2  -4  -6  -6  -4  -3  -6  -4   7  -2  -6  -5  -5   10   0   0   0   0   0   0   1   0   0   0   0   0   0   0  88   0   0   0   0  1.76 0.60
   44 L    -4  -5  -6  -6  -4  -4  -6  -7  -6   5   5  -5   0  -2  -6  -5  -4  -5  -4  -1    0   0   0   0   0   1   0   0   0  35  63   0   0   0   0   0   0   0   0   1  1.35 0.43
   45 G     1  -5  -4  -4  -5  -4  -4   5  -5  -6  -6  -4  -5  -6   5  -1  -3  -6  -6  -5   12   0   0   0   0   0   0  50   0   0   0   0   0   0  34   4   1   0   0   0  1.42 0.43
   46 L    -2  -5  -5  -6   4  -4  -5  -5  -5   3   4  -5   2   0  -5  -4  -3  -4  -3   3    3   0   0   0  10   0   0   0   0  14  48   0   4   3   0   0   0   0   0  19  0.82 0.29
   47 S     2  -5  -3  -4  -2  -4  -4   6  -4  -6  -6  -4  -5  -6  -4   2  -3  -5  -5  -5   18   0   0   0   1   0   0  63   0   0   0   0   0   0   0  17   0   0   0   0  1.35 0.43
   48 Y     5  -3  -2  -4  -3  -3  -2   0   3  -3  -3  -2   3  -4   0   2  -1  -4   0  -3   50   0   1   0   0   0   1   5   9   0   1   1   8   0   5  13   3   0   3   0  0.65 0.31
   49 H     0  -3  -1  -3   0  -1  -3  -3   1   2   1  -3   3   0  -3   3   0  -4  -1   1    8   0   2   0   2   2   0   1   4  12  16   0  11   3   0  26   3   0   1   9  0.26 0.18
   50 K    -2  -2   3   4  -4  -2  -2  -2  -3  -4  -4   0  -4  -5  -2   3   3  -5  -4  -4    2   0  13  30   0   1   0   2   0   0   1   6   0   0   1  25  18   0   0   0  0.69 0.29
   51 L     2  -3  -2  -4  -2  -2  -3  -2  -1   0   1  -3  -1   2   3   0  -2  -3  -1   2   19   0   2   0   1   1   1   1   1   3  15   0   0  12  14   8   0   0   1  21  0.31 0.19
   52 G    -1  -1   1   2  -1   0   2  -1  -1  -1  -1   0  -1  -1  -1   0   0   1  -1  -1    4   3   8  12   1   4  20   5   1   3   5   3   1   3   3   8   6   2   2   6  0.12 0.04
   53 D     1   0   1   1  -1   1   1   1  -1  -1  -1   1  -1  -1   0   1   0  -1  -1  -1   12   3   6   6   1   6   7  14   1   3   5   9   1   2   3  10   4   1   2   4  0.09 0.02
   54 I     4  -4  -4  -5  -1  -3  -4  -3  -4   2   2  -3   0  -1  -4  -2   0  -4  -3   1   48   0   0   0   1   0   0   0   0  13  18   0   2   3   0   0   4   0   0  11  0.61 0.29
   55 L    -1   6  -1   1  -5  -1   2  -2   1  -2  -2   1  -3   0  -4  -1  -3  -4  -3  -2    5  46   2   8   0   1  13   2   3   2   4   4   0   5   0   2   0   0   0   3  0.62 0.27
   56 P     1   1   0   0  -3   2   2  -2  -1  -2  -3   3  -3  -4  -1   1   1  -4  -3  -2   15   5   3   4   0  11  14   1   1   1   1  21   0   0   2  11   7   0   0   2  0.30 0.17
   57 D     1  -2  -3   0  -4   3   1  -3  -1   0   1  -1   5  -3  -4  -1   0  -4  -3  -1   14   0   0   5   0  18  11   1   1   3  16   2  22   0   0   2   5   0   0   1  0.41 0.25
   58 Y    -4  -5  -6  -6   0  -5  -5  -6  -5   6   2  -5   2  -2  -5  -5  -2  -1   0   2    0   0   0   0   2   0   0   0   0  58  19   0   4   0   0   0   2   1   4  11  1.11 0.37
   59 E     1   1   1   0  -3   2   2  -1   1  -2  -1   0  -1  -3  -3   1   0  -4  -3  -2   17   9   7   4   0  10  15   2   4   2   9   5   1   0   0  10   5   0   0   0  0.19 0.13
   60 A     1   0   0   1  -2   3   3  -2   0  -3  -3   2  -3  -4  -3   0  -1  -4  -3  -2   16   4   3   6   1  14  25   1   2   1   1  15   0   0   0   6   3   0   0   3  0.40 0.20
   61 V    -2  -4  -4  -4  -1  -4  -4  -4  -3   1   1  -4   0   4  -4  -2   4  -3   2   1    3   0   0   0   1   0   0   0   0   7  13   0   2  23   0   1  31   0   8  11  0.61 0.28
   62 L    -1   6  -1  -2  -5   4  -1  -3  -1  -2  -2   2  -2  -4  -4  -2  -1  -5  -4  -4    4  42   2   1   0  23   2   1   1   2   4  11   1   0   0   2   3   0   0   0  0.81 0.32
   63 S     3   0   0   0  -2   1   1   0   0  -3  -3   0  -3  -4  -3   2   0  -4  -3  -2   32   4   3   4   1   8  10   6   2   1   2   6   0   0   0  16   4   0   0   1  0.30 0.18
   64 M     0   1  -3  -4  -2   0  -1  -1   0  -1   4   0   1  -1  -4  -3  -2  -4  -3  -1    9   8   0   0   1   5   3   5   3   1  51   7   2   1   0   0   1   0   0   2  0.40 0.22
   65 T     0   0   0   1  -1   0   0   0   0  -1   0   0   0  -1   1   0   1  -1   0  -1    7   4   4  10   1   3   4   6   2   3  11   8   1   2   6   6  13   1   3   4  0.05 0.01
   66 N     0   1   3   3  -3  -1   1   0  -1  -4  -4   0  -3  -4  -1   1   1  -4  -2  -3    9  10  15  21   0   1   7   8   1   0   0   4   0   0   3  10   7   0   1   1  0.33 0.16
   67 H     0   4   2  -3  -4   2  -2   1   1  -4  -3   3  -3  -4  -2  -1  -1  -4  -3  -4    7  31  11   0   0   9   0  12   3   0   3  16   0   0   1   3   3   0   0   0  0.53 0.24
   68 S     1  -4   2  -4  -2  -3  -4  -4  -4  -2  -3  -2  -4  -5   7   0  -1  -6  -5  -1   10   0  12   0   1   0   0   0   0   2   3   2   0   0  54   7   3   0   0   6  1.25 0.39
   69 I    -3  -5  -5  -6  -4  -5  -5  -6  -4   2   1  -5   0   7  -5  -4  -3  -3   1   3    1   0   0   0   0   0   0   0   0   9  11   0   1  46   0   0   1   0   3  27  1.11 0.36
   70 N    -5  -4   9  -2  -6   1  -4  -3  -1  -7  -7  -4  -6  -7  -6  -3  -4  -7  -6  -7    0   0  92   0   0   6   0   1   1   0   0   0   0   0   0   0   0   0   0   0  2.46 0.67
   71 L    -2  -5  -6  -6   0  -5  -5  -6  -5   2   4  -5  -1  -1  -5  -4  -3  -5  -3   5    1   0   0   0   2   0   0   0   0  11  35   0   0   1   0   0   0   0   0  49  1.01 0.35
   72 N    -5  -4   9  -2  -7  -4  -4  -4  -3  -7  -7  -4  -6  -7  -6  -3  -4  -8  -6  -7    0   0 100   0   0   0   0   0   0   0   0   0   0   0   0   0   0   0   0   0  2.84 0.74
   73 F    -4  -6  -6  -6  -5  -6  -6  -6  -5  -1   2  -6  -2   8  -6  -5  -4  -3   0   3    0   0   0   0   0   0   0   0   0   0  17   0   0  60   0   0   0   0   1  22  1.53 0.46
   74 M    -6  -7  -7  -7  -6  -7  -7  -7  -5  -4  -3  -7   0   9  -7  -6  -6  -3   0  -4    0   0   0   0   0   0   0   0   0   0   0   0   2  98   0   0   0   0   0   0  2.92 0.71
   75 T     1  -6  -5  -6  10  -6  -6  -5  -6  -4  -4  -6  -4  -5  -6  -1   1  -6  -3   1   10   0   0   0  70   0   0   0   0   0   0   0   0   0   0   3   8   0   1   8  2.37 0.60
   76 H    -6  -4  -3  -5  -7  -2  -4  -6  11  -7  -7  -5  -5  -1  -6  -5  -6  -6  -1  -7    0   0   0   0   0   1   0   0  95   0   0   0   0   3   0   0   0   0   1   0  3.47 0.81
   77 K     1   2  -1   3  -4   3   3  -3  -1  -4  -3   2  -3  -5   1  -1  -1  -5  -4  -3   13  13   1  15   0  15  17   0   1   0   1  10   0   0   7   2   2   0   0   1  0.43 0.21
   78 N    -1  -2  -2  -2  -4  -2   0  -4   0   1  -3   0  -3  -2   6   0   1  -5  -1  -1    3   1   2   1   0   1   8   0   2  11   1   5   0   1  42   7   7   0   2   5  0.77 0.28
   79 P     3  -3  -3  -3  -3  -2   0  -3  -4  -3  -3   0  -3  -2   5  -2  -2  -5   0   1   34   0   1   1   0   0   7   0   0   0   1   5   0   1  32   0   1   0   4  10  0.75 0.31
   80 R     0   2   1  -1  -3   2   1  -3   1  -1  -2   1  -2  -4   1   0   0  -4  -3   0    6  16   9   1   0  12  10   0   4   3   3   9   0   0   7   7   6   0   0   6  0.23 0.14
   81 K     1   3  -1  -1  -3   1   1  -2  -1  -1  -1   0  -1  -2   2   0  -1  -4  -3  -1   16  18   2   3   0   7   7   0   1   4   8   5   2   2  11   6   3   0   0   4  0.19 0.12
   82 N    -2  -2   3   6  -5   0  -1  -1  -1  -5  -5  -1  -4  -5  -2   0   2  -6  -5  -4    1   2  16  47   0   4   2   3   1   0   0   2   0   0   2   7  14   0   0   0  0.91 0.33
   83 D     2  -1   0   2  -3   0   1  -3  -1  -3  -2   1  -3  -4   4   1   0  -5  -3  -2   20   3   3  11   0   4   8   0   2   1   2   9   0   0  21   9   5   0   0   2  0.39 0.18
   84 I     2   0  -1   1  -3   1   3  -2   0  -1  -2   0  -2  -4  -2   0   1  -4  -3   0   23   3   2   9   0   7  20   1   3   4   3   3   0   0   1   6   9   0   0   7  0.23 0.15
   85 Q    -1   4  -1  -2  -1   3   1  -3  -1   0  -1   2  -2  -4  -3  -1  -1  -4  -3   1    5  23   1   1   2  19   6   1   1   6   4  11   0   0   0   2   3   0   0  15  0.34 0.19
   86 A    -1  -1   2   0  -4   1   5  -4   0   0  -2   0  -2  -3  -3  -1  -1  -5  -4   0    5   1  10   4   0   4  45   0   2   8   2   4   1   1   0   2   4   0   0   7  0.54 0.26
   87 K     2   2   0   0  -4   3   2  -2  -2  -4  -3   1  -3  -4  -3   0   0  -4  -4  -3   24  10   5   5   0  19  16   2   0   0   1   7   0   0   0   7   4   0   0   0  0.42 0.22
   88 K     3   2   4  -1  -2   1   0  -2  -2  -3  -4   1  -3  -5  -3  -1  -1  -5  -4  -3   33  11  27   2   0   5   7   1   0   2   0   7   0   0   0   2   2   0   0   0  0.55 0.27
   89 Y    -7  -7  -8  -9  -7  -6  -7  -7  -7  -7  -6  -7  -3  -2  -8  -7  -3  13   0  -7    0   0   0   0   0   0   0   0   0   0   0   0   1   1   0   0   2  95   2   0  4.59 0.95
   90 M    -2   1  -2  -4   0  -2  -3  -4   0   3   3   1   1  -1  -4  -3  -1   0   0   0    3   8   2   0   2   1   0   0   2  22  37  10   2   2   0   0   2   1   3   3  0.36 0.19
   91 N     1   1   1   2  -4   3   3  -1  -1  -4  -4   2  -3  -5  -3   0  -1  -4  -4  -4   14   7   6  10   0  16  20   3   1   0   1  15   0   0   0   5   3   0   0   0  0.44 0.21
   92 E     0   3  -3  -4  -3   0  -2  -3   3  -1   2   0  -1   0  -4  -2  -2   3   2  -1   10  18   0   0   0   5   2   0  10   3  26   6   0   3   0   1   1   5   8   2  0.31 0.19
   93 I    -3  -4  -5  -6  -4  -4  -5  -6  -3   0   4  -5   2   3  -5  -4  -4  -2   5   0    2   0   0   0   0   0   0   0   0   5  53   0   4  11   0   1   0   0  22   3  0.98 0.35
   94 K     2   3   0  -1  -2   2   1  -1   0  -4  -3   2  -3  -4  -3   1  -1  -2  -3  -3   22  16   3   3   1   9   8   4   2   0   1  15   0   0   0  12   3   0   0   1  0.33 0.18
   95 K    -2   1  -1  -1  -5  -1  -1  -3  -4  -5  -5   3  -5  -6   7  -1  -1  -6  -5  -3    3   6   3   3   0   1   3   1   0   0   0  18   0   0  55   3   3   0   0   2  1.33 0.40
   96 Y     0  -2  -3  -2  -3   0   0  -3   2   0   2  -2  -1   1  -3  -1  -1   1   4   1   10   2   0   1   0   3   8   1   6   4  20   2   0   4   0   4   3   2  19  10  0.21 0.15
   97 Y    -4  -4  -5  -6  -5  -5  -5  -6  -1   0   0  -5   0   7  -4  -1  -2  -2   4  -1    0   1   0   0   0   0   0   0   1   4   7   0   2  56   1   6   3   0  16   4  1.29 0.40
   98 E     2   0   1   0  -3   1   2   0   1  -2  -2   1  -2  -2   0   1  -1  -4  -3  -2   24   5   7   4   0   5  19   6   3   1   3   6   1   1   3   7   2   0   0   2  0.22 0.14
   99 E     0   3  -1   0  -1   2   3  -1  -1  -2  -3   2  -3  -4  -1   0  -1  -4  -3   0    7  15   2   3   1   9  27   4   0   1   0  11   0   0   3   5   2   0   0   8  0.33 0.17
  100 Y    -2  -3  -2  -3  -1  -1  -1  -3   0   0   1  -1   0   5  -1  -1  -2  -1   4   0    3   0   1   1   1   3   4   2   2   4  11   3   2  34   4   4   2   0  14   5  0.43 0.20
  101 K    -1  -2   2   2  -4  -1  -1   5   0  -1  -4   0  -3  -4  -3  -1  -2  -4  -4  -2    5   2  10  11   0   2   4  47   2   4   0   6   0   0   0   3   1   0   0   3  0.63 0.23
  102 I     4  -1  -1   0  -2  -1  -1   0  -2   1   0  -1  -1  -3  -2   0   0  -3  -3   0   42   2   2   5   0   2   2   5   1  11  10   3   0   0   1   3   5   0   0   4  0.27 0.17
  103 S     0  -1   0   3  -3   1   3  -2  -1  -2  -1   1  -2  -3  -1   0   1  -3  -2  -2    9   2   3  17   0   7  23   2   1   1   5   7   1   0   3   5  10   0   1   2  0.27 0.13
  104 E     0   0   0   0  -1   0   0  -1  -1   0   0   0   0   0   2   0   0   1  -1   0    7   4   3   5   1   2   9   5   1   7  11   5   2   5   9   6   4   2   2  11  0.04 0.01
  105 I     0   0   0   0  -1   0   0  -1   0   0   0  -1   0  -1   1   0   0   0   0   0    5   4   7   7   1   2   4   5   2   9  11   3   1   3   9   8   7   1   3   9  0.03 0.01
  106 P     1  -1  -1   1  -2   1   1  -2  -2   0  -1   0  -1  -2   2   1   1  -3  -3   0   18   2   1   7   0   8   8   1   0   8   3   7   1   1  10  10   8   0   0   5  0.16 0.10
  107 S     1   1   0   0  -3   1   2  -1   0  -2  -2   1  -2  -1   0   1   1  -1  -2  -2   12   9   3   3   0   9  13   3   3   1   4   7   0   3   4  13  12   1   1   2  0.15 0.10
  108 L    -2  -3  -4  -3  -3  -4  -3  -3  -2   0   5  -4   1   3  -1  -2  -2  -3  -2  -1    3   1   0   1   0   0   1   2   1   4  59   0   2  16   4   3   2   0   0   0  0.68 0.27
  109 A     0   2   2   1  -3   1   1  -1   1  -2  -3   2  -2  -2  -2   1   1  -4  -2  -1    9  16   9   6   0   5   7   4   3   1   0  12   0   2   0   9  11   0   0   5  0.21 0.12
  110 N    -1   0   3   0   3  -1   4  -2  -2  -3  -2   0  -3  -4   0  -1   0  -5  -4  -1    3   4  18   3   6   1  36   2   0   1   4   3   0   0   5   3   6   0   0   4  0.45 0.23
  111 T    -1  -2  -1  -4  -4  -4  -3   2  -2   6  -1  -3  -2  -2   0  -2   1  -5  -4   0    4   2   3   0   0   0   1  15   1  52   3   1   0   1   6   3   8   0   0   2  0.61 0.29
  112 T    -4   1   3  -4  -1  -4  -4  -2  -2  -4  -4  -4  -4  -1  -6  -1  -2  -1   8  -2    0   9  17   0   1   0   0   4   0   1   0   0   0   0   0   4   2   0  60   3  1.50 0.50
  113 E    -1   2  -2  -2  -2   2   0  -4  -2   0  -2   1  -2  -4   3  -1   2  -4  -3   2    5  11   0   2   1   9   6   0   1   7   2  11   0   0  16   1  14   0   0  16  0.31 0.18
  114 P    -2  -4  -2  -3  -4  -3  -3  -3  -4  -5  -5  -3  -5  -6   3   6   2  -6  -5  -5    0   0   1   0   0   0   0   1   0   0   0   0   0   0  13  74  11   0   0   0  1.46 0.53
  115 F    -5  -6  -7  -7  -6  -7  -7  -7  -5  -1  -1  -7  -3   9  -7  -6  -6  -3   0  -4    0   0   0   0   0   0   0   0   0   3   4   0   0  92   0   0   0   0   1   0  2.63 0.65
  116 N    -3  -2   4   5  -3  -1   4  -3   1  -5  -5  -2  -5  -5  -4  -1  -1  -6  -4  -4    1   1  21  36   1   0  28   1   3   0   0   1   0   0   0   3   3   0   0   1  1.00 0.35
  117 S     0   1   0   4  -4   1   3  -2   0  -4  -3   0  -3  -4   2   1   0  -4  -2  -3    6   6   2  25   0   5  18   1   2   0   1   4   0   1  11   9   7   0   1   0  0.43 0.19
  118 K     2  -1   0   4  -4   1   3  -2  -1  -4  -3   1  -3  -5   2   0  -2  -2  -4  -3   20   3   3  24   0   7  17   1   1   0   2   6   0   0   9   5   0   1   0   1  0.46 0.22
  119 H    -2  -1  -3  -5  -4  -1  -4  -5   0   0   2  -3   7   3  -5  -2   0  -3   1   0    1   3   1   0   0   3   0   0   3   3  19   1  38  14   0   3   5   0   3   4  0.76 0.32
  120 L    -2  -4  -5  -5   3  -1  -4  -5  -3   1   5  -4   1   2  -5  -4  -3   0  -2   1    3   0   0   0   7   4   0   0   1   7  58   0   2   8   0   0   0   1   1   7  0.75 0.29
  121 D     2   0   1   3  -4   2   3  -2   0  -4  -3   0  -3  -4  -3   0  -1  -4  -3  -3   19   5   6  16   0  12  23   2   3   0   1   5   0   0   0   5   3   0   0   1  0.42 0.20
  122 I    -1  -1  -4  -5   0  -2  -4  -5  -2   1   3  -2   5   1  -3  -3  -1  -3   2   2    3   3   0   0   2   2   0   0   1   5  31   2  18   6   1   0   3   0   7  18  0.45 0.21
  123 L    -4  -5  -3  -6  -2  -5  -5  -6  -5   2   5  -5   0   2  -5  -5  -3  -4  -3   2    0   0   1   0   1   0   0   0   0   7  67   0   1   7   0   0   0   0   0  15  1.03 0.35
  124 L    -1  -3  -1  -1  -2  -2   1  -2  -2   1   4  -1   0  -2  -4  -3  -2  -4  -3   1    3   0   3   3   1   1  12   2   1   9  47   5   1   0   0   1   1   0   0  10  0.37 0.21
  125 K    -1   0   0   3  -5   2   5  -3   0  -5  -3   3  -2  -5  -3  -1  -1  -5  -4  -4    5   3   3  13   0   8  41   1   2   0   2  16   1   0   0   4   2   0   0   0  0.70 0.29
  126 M     0  -2  -2  -2  -2  -1   2  -4  -1   0   2  -2   2   2  -3  -2   2  -1   1   0    8   1   1   1   1   2  15   0   1   3  25   1   8  11   0   1  14   1   4   3  0.22 0.17
  127 N    -1   5   0  -3  -2   1  -2  -4  -2  -5  -4   5  -2  -5  -1  -2   0  -5  -4  -3    6  35   5   0   1   5   0   0   0   0   1  37   1   0   2   1   5   0   0   2  0.88 0.34
  128 P    -4  -6  -6  -5  -7  -5  -5  -6  -6  -6  -6  -5  -6  -7   9  -5  -5  -8  -7  -2    1   0   0   0   0   0   0   0   0   0   0   0   0   0  96   0   0   0   0   4  3.06 0.73
  129 K     3   0  -2  -2  -4   0   0  -1  -1  -4  -4   4  -3  -5   2  -1  -1  -5  -4  -3   33   3   1   1   0   4   6   4   1   0   0  31   0   0  10   3   3   0   0   0  0.57 0.27
  130 V     0  -5  -6  -6  -3  -5  -5  -5  -6   4  -1  -5   1  -2  -5  -4  -3  -5  -4   6    9   0   0   0   0   0   0   0   0  21   1   0   3   1   0   0   0   0   0  64  1.23 0.41
  131 V    -2  -6  -6  -6  -4  -5  -6  -6  -6   3  -1  -5  -2  -4  -5  -5  -3  -6  -4   7    2   0   0   0   0   0   0   0   0  12   2   0   0   0   0   0   0   0   0  83  1.68 0.51
  132 S    -2  -4  -3  -4  -4  -4  -4  -4  -4  -6  -5  -4  -5  -6  -4   7  -2  -6  -5  -5    0   0   0   0   0   0   0   0   0   0   1   0   0   0   0  98   1   0   0   0  2.09 0.67
  133 F    -6  -7  -7  -7  -6  -7  -7  -7  -5  -4  -3  -7  -4   9  -8  -6  -6  -3   0  -5    0   0   0   0   0   0   0   0   0   0   0   0   0 100   0   0   0   0   0   0  3.01 0.72
  134 H    -6  -4  -3  -5  -7  -4  -4  -6  11  -7  -7  -5  -6  -5  -6  -5  -6  -7  -2  -7    0   0   0   0   0   0   0   0 100   0   0   0   0   0   0   0   0   0   0   0  3.77 0.86
  135 F    -6  -7  -7  -7  -6  -7  -7  -7  -5  -4  -2  -7  -4   9  -7  -6  -6  -3   0  -4    0   0   0   0   0   0   0   0   0   0   1   0   0  98   0   0   0   0   1   0  2.93 0.71
  136 G    -3  -6  -1  -5  -6  -5  -5   7  -5  -7  -7  -5  -6  -7  -6  -4  -5  -6  -6  -7    0   0   3   0   0   0   0  97   0   0   0   0   0   0   0   0   0   0   0   0  2.37 0.60
  137 L    -2  -5  -5  -6   1  -4  -5  -6   1   3   5  -5   0  -1  -5  -4  -3  -4   0   0    3   0   0   0   3   0   0   0   4  20  60   0   1   1   0   0   0   0   3   5  0.90 0.33
  138 P    -4  -6  -6  -5  -7  -5  -5  -6  -6  -7  -7  -5  -6  -8   9  -5  -5  -8  -7  -6    1   0   0   0   0   0   0   0   0   0   0   0   0   0  99   0   0   0   0   0  3.25 0.76
  139 E     0  -1   0   2  -2   0   1  -1   3  -4  -4   0  -3  -4   2   3   0  -5  -3  -4    5   3   4  13   1   4   9   3   9   0   1   5   0   0   9  31   3   0   0   0  0.41 0.21
  140 S     2   0   0  -1  -3   2   1  -2   0  -2  -2   2  -2  -3   3   0  -1  -4  -3  -1   23   2   4   1   0  13   8   0   2   2   3  15   0   1  13   7   3   0   0   4  0.30 0.17
  141 N     2   0   0   2  -4   1   3  -1   3  -4  -3   0  -3  -4  -2   1  -1  -4  -2  -3   19   4   3  14   0   7  19   3   8   0   1   3   0   0   1  12   2   0   1   1  0.35 0.18
  142 Y     0   0  -2  -3  -3   2  -2  -3  -3   0   1  -1  -1   0  -3   0   2   3   1   1    8   5   1   0   0  12   0   0   0   5  12   3   1   5   0   6  20   5   4  14  0.20 0.16
  143 I    -4  -4  -6  -6  -4  -4  -6  -6  -6   7   2  -5   0  -1  -5  -5  -3  -5  -4   2    0   1   0   0   0   1   0   0   0  68  18   0   2   2   0   0   1   0   0   8  1.34 0.42
  144 K     1   2  -1   3  -4   3   3  -1  -1  -3  -3   2  -2  -4  -3   0  -2  -4  -2  -4   13  11   1  15   0  14  18   3   1   1   1  16   1   0   0   5   0   0   1   0  0.43 0.21
  145 S     3   3  -3  -3  -3   1   0  -2  -2  -4  -3   2  -3  -2  -3   0  -1  -2   0  -2   35  21   0   0   0   7   6   2   0   0   2  13   0   1   0   4   3   1   3   2  0.44 0.24
  146 I    -4  -5  -6  -6  -4  -5  -5  -6  -5   2   5  -5   2   2  -5  -5  -4  -4  -3   1    0   0   0   0   0   0   0   0   0   9  73   0   4   7   0   0   0   0   0   8  1.19 0.38
  147 K    -4   3  -3  -4  -6   5  -2  -5   4  -6  -5   6  -4  -6  -4  -3  -4  -5  -4  -5    0  17   0   0   0  25   0   0  11   0   0  46   0   0   0   0   0   0   0   0  1.31 0.45
  148 N     2   0   1   2  -3   1   2   0  -1  -4  -4   2  -3  -4  -3   1  -2  -4  -3  -3   25   4   6  14   0   7  15   6   1   0   0  12   0   0   0  10   1   0   0   0  0.38 0.19
  149 Q     4  -1   0  -3   0   1  -1  -1   1   0   0  -1  -1  -3  -3   0  -1  -2  -1  -1   41   3   4   0   2   8   2   3   3   5  11   3   1   0   0   6   3   1   2   2  0.27 0.19
  150 N    -3  -3   0  -2  -6  -3  -4   7  -5  -7  -7  -2  -6  -3  -5  -3  -4  -6  -6  -6    0   1   4   2   0   1   1  87   0   0   0   2   0   1   0   1   0   0   0   0  1.90 0.52
  151 I     0  -5  -5  -5   2  -5  -5  -3  -5   7   0  -5  -1  -3  -5  -1  -1  -5  -4   1    8   0   0   0   5   0   0   2   0  67   4   0   1   0   0   4   3   0   0   6  1.11 0.39
  152 Y    -1   0  -2  -3  -1  -2  -3  -4  -3   1   2   1   1   1  -2  -1   0  -2   2   2    5   4   1   0   1   1   0   0   0   9  21  12   4   6   1   4   6   0   8  19  0.19 0.13
  153 I    -3  -4  -5  -5  -3  -4  -5  -5  -5   3   3  -4   0  -3  -5  -3   3  -5  -3   4    0   0   0   0   0   0   0   0   0  13  35   0   1   0   0   0  18   0   0  32  0.80 0.31
  154 I    -3  -5  -5  -6  -4  -4  -5  -6  -2   2   4  -5   5   6  -5  -5  -4  -1  -1  -1    1   0   0   0   0   0   0   0   1  13  35   0  15  32   0   0   0   0   0   3  1.03 0.35
  155 S     4  -4  -3  -4  -1  -3  -3   0  -4   1  -2  -3  -3  -4  -3   2  -1  -5  -4   3   46   0   0   0   1   0   0   5   0   6   2   0   0   0   0  17   1   0   0  22  0.67 0.32
  156 S    -2  -4  -2  -4   4  -3  -4  -4  -4  -4  -5  -4  -4  -5  -4   5   6  -6  -5  -4    0   0   1   0   9   0   0   0   0   0   0   0   0   0   0  42  49   0   0   0  1.36 0.49
  157 A     6  -5  -5  -5  -3  -4  -4  -3  -5  -1  -4  -4  -3  -5  -4  -1  -2  -6  -5   2   81   0   0   0   0   0   0   0   0   2   0   0   0   0   0   2   2   0   0  13  1.39 0.49
  158 T    -4  -5  -4  -5  -1  -4  -5  -5  -5  -4  -5  -4  -4  -6  -5  -2   8  -6  -5  -4    0   0   0   0   1   0   0   0   0   0   0   0   0   0   0   0  99   0   0   0  2.37 0.70
  159 T    -2  -3   5  -1  -1  -3  -3  -3  -2  -5  -4  -3  -4  -5  -4   5   3  -6  -5  -4    1   0  34   2   1   0   0   0   0   0   1   0   0   0   0  41  19   0   0   0  1.10 0.43
  160 I    -2  -3  -5  -4  -4  -4  -3  -5  -5   1   5  -4  -1  -2   1  -4  -2  -4  -4   4    2   1   0   1   0   0   2   0   0   3  56   0   0   0   6   0   1   0   0  28  0.84 0.33
  161 K     2   0   0   2  -4   2   3  -3   0  -3  -3   2  -3  -2  -2  -1  -1  -4  -3  -2   18   4   4  14   0   8  25   0   2   1   1  12   0   2   1   2   3   0   0   1  0.38 0.20
  162 E    -4  -4  -4  -1  -7  -2   8  -6  -4  -7  -7  -3  -6  -7  -5  -4  -4  -7  -6  -6    0   0   0   2   0   0  98   0   0   0   0   0   0   0   0   0   0   0   0   0  2.40 0.68
  163 A     6  -4  -4  -5  -3  -4  -4   0  -5  -3  -3  -4  -3   0  -4  -1  -1  -5  -4   0   78   0   0   0   0   0   0   5   0   1   1   0   0   5   0   1   3   0   0   7  1.21 0.45
  164 K    -2   4  -2  -2  -1   3   1  -4   0  -2   0   3  -1  -4  -4  -2  -2  -3  -2  -1    2  31   0   1   2  14   7   0   2   2  11  18   1   0   0   1   1   0   1   4  0.49 0.23
  165 I     2   0  -2  -3  -4   4   1  -3   1  -1   0  -1  -1  -2  -3  -2  -2   5   0  -1   21   4   1   0   0  23   8   0   4   4  11   2   1   1   0   1   1  10   4   5  0.38 0.22
  166 L     2  -4  -5  -5   0  -4  -5  -5  -5   4   4  -4  -1  -2  -4  -3  -3  -4  -3   2   19   0   0   0   2   0   0   0   0  30  38   0   0   0   0   1   0   0   0  11  0.74 0.29
  167 E     1  -1  -2  -1  -3   2   4  -3   0   0   0  -1  -1  -3  -3  -1  -1  -4  -2   0   14   2   1   1   0   9  38   0   2   7   9   2   1   0   0   2   3   0   1   8  0.39 0.22
  168 D     3   0   1   2  -4   2   2  -2   0  -4  -3   1  -3  -4  -3   0  -1  -5  -4  -3   30   6   6  14   0   9  16   0   2   0   1   7   0   0   0   6   2   0   0   1  0.42 0.22
  169 S     5  -1   0  -3  -1   0  -2  -1   0  -3   0  -2  -2  -2  -3   1  -2  -4  -2  -2   52   4   5   0   1   4   1   3   3   0  12   1   0   2   0  11   0   0   1   2  0.50 0.27
  170 G    -3  -3   0  -1  -5  -3  -3   7  -3  -6  -5  -1  -5  -6  -4  -3  -4  -5  -6  -6    0   1   4   3   0   1   2  83   1   0   1   4   0   0   0   0   0   0   0   0  1.73 0.48
  171 A     0  -5  -5  -5   3  -4  -5  -5  -5   5   1  -5   2   0  -5  -4  -3  -5  -3   4    7   0   0   0   6   0   0   0   0  37   7   0   5   3   0   0   0   0   0  35  0.86 0.31
  172 D    -4  -5   0   8  -7  -3  -1  -5   1  -7  -7  -4  -6  -7  -5  -4  -4  -8  -6  -7    1   0   4  90   0   1   1   0   4   0   0   0   0   0   0   0   0   0   0   0  2.30 0.61
  173 A     4  -4  -4  -4  -3  -4  -4   4  -4   0  -3  -4  -1   0  -4  -2  -3  -4  -1   0   42   0   0   0   0   0   0  35   0   7   1   0   1   4   0   0   0   0   3   7  0.77 0.32
  174 I    -4  -6  -6  -6  -4  -5  -6  -6  -6   7   2  -5  -1  -3  -5  -5  -3  -5  -4   4    0   0   0   0   0   0   0   0   0  61  13   0   0   0   0   0   0   0   0  26  1.40 0.43
  175 I    -3  -6  -6  -6  -4  -5  -6  -6  -6   6  -1  -5  -2  -3  -5  -5  -3  -6  -4   6    0   0   0   0   0   0   0   0   0  41   1   0   0   0   0   0   0   0   0  58  1.55 0.47
  176 A     6  -5  -5  -5   5  -4  -4  -3  -5  -3   1  -4  -3  -4  -4  -1  -3  -5  -4  -1   68   0   0   0  13   0   0   0   0   0  13   0   0   0   0   1   0   0   0   4  1.19 0.44
  177 Q    -5  -3  -4  -4  -7   9  -2  -6  -3  -7  -6  -2   1  -7  -5  -4  -5  -6  -5  -6    0   0   0   0   0  97   0   0   0   0   0   0   3   0   0   0   0   0   0   0  2.73 0.77
  178 G    -3  -6  -4  -5  -6  -5  -5   7  -5  -7  -7  -5  -6  -7  -6  -2  -5  -6  -7  -7    0   0   0   0   0   0   0  98   0   0   0   0   0   0   0   2   0   0   0   0  2.41 0.61
  179 F    -3  -4  -4  -2  -5  -4  -5  -6  -2   3  -1  -5  -1   3  -6  -5  -3   6   7  -1    2   1   0   2   0   0   0   0   0  22   4   0   1   9   0   0   0  13  42   4  1.27 0.41
  180 E    -4  -4  -2  -2  -7  -1   8  -5  -4  -7  -7  -3  -6  -7  -5  -4  -4  -7  -6  -6    0   0   1   0   0   0  98   0   0   0   0   0   0   0   0   0   0   0   0   0  2.37 0.68
  181 A     7  -5  -5  -5  -4  -4  -4  -3  -5  -5  -5  -4  -4  -6  -4  -2  -3  -6  -5  -4   99   0   0   0   0   0   0   0   0   0   0   0   0   0   0   0   0   0   0   0  2.01 0.62
  182 G    -3  -6  -4  -5  -6  -5  -6   8  -6  -7  -7  -5  -6  -7  -6  -4  -5  -6  -7  -7    0   0   0   0   0   0   0 100   0   0   0   0   0   0   0   0   0   0   0   0  2.50 0.63
  183 G    -3  -6  -4  -5  -6  -5  -6   8  -6  -7  -7  -5  -6  -7  -6  -4  -5  -6  -7  -7    0   0   0   0   0   0   0 100   0   0   0   0   0   0   0   0   0   0   0   0  2.50 0.63
  184 H    -6  -4  -3  -5  -7  -4  -4  -6  11  -7  -7  -5  -6  -5  -6  -5  -6  -7  -2  -7    0   0   0   0   0   0   0   0 100   0   0   0   0   0   0   0   0   0   0   0  3.77 0.86
  185 R    -5   9  -4  -5  -7  -3  -4  -6  -4  -7  -6  -1  -5  -7  -6  -4  -5  -6  -5  -6    0  99   0   0   0   0   0   0   0   0   0   0   0   0   0   1   0   0   0   0  2.67 0.70
  186 G    -3  -6  -4  -5  -6  -5  -6   8  -6  -7  -7  -5  -6  -7  -6  -4  -5  -6  -7  -7    0   0   0   0   0   0   0 100   0   0   0   0   0   0   0   0   0   0   0   0  2.50 0.63
  187 T    -1  -2   4  -2   0  -1  -3  -4   0   3  -1  -3   4  -2  -4   0   0  -4  -3   2    3   1  23   1   2   3   0   0   3  20   2   0  16   0   0   6   6   0   0  14  0.44 0.25
  188 F    -6  -6  -7  -7  -6  -7  -7  -7  -2  -4  -3  -7  -4   9  -7  -5  -6  -3   1  -4    0   0   0   0   0   0   0   0   1   0   0   0   0  96   0   1   0   0   2   0  2.85 0.69
  189 A    -1  -3   2   5  -4  -3   0  -4  -2   0   2  -2  -2  -3  -2  -1  -2  -5  -4  -2    4   0   9  40   0   0   3   0   1   4  28   2   0   1   2   3   2   0   0   1  0.62 0.28
  190 S     1  -2  -2   0  -3  -1   0  -2  -3  -1  -2  -3  -3  -4   6   1  -1  -5  -4   0   12   1   1   4   0   3   7   3   0   3   3   0   0   0  38  14   3   0   0   8  0.68 0.26
  191 S    -1   0   3   4  -4   1   1  -1   1  -3  -4   0  -3  -3   0   1   1  -5  -3  -4    4   3  17  22   0   8   9   3   3   1   1   4   0   1   3  11  10   0   0   0  0.41 0.19
  192 Y     1   0   0   1  -2   0   1   1   1  -1  -1   0  -1  -1  -1   0   0  -2   0   0   19   4   3  10   0   5   7   9   5   4   6   5   0   3   2   3   3   0   5   6  0.06 0.06
  193 K    -1  -1   0   2  -3   0   1  -2   0   0   1   0  -1   0   3  -1   0   0  -1  -1    6   2   3  12   0   3  13   2   3   5  16   4   0   6  13   3   4   1   1   2  0.13 0.08
  194 E    -2  -4   0   8  -6  -3   0  -3  -2  -6  -6  -3  -5  -6  -2  -2  -1  -6  -5  -5    3   0   3  80   0   0   3   1   1   0   0   0   0   0   1   2   4   0   0   0  1.78 0.50
  195 G     1  -1  -1   2  -3   0   4   0  -1  -4  -3  -1  -3  -5   0   1   1  -5  -4  -3   12   2   1  12   0   3  37   8   1   0   2   1   0   0   4  10   7   0   0   1  0.47 0.23
  196 E     0   2   2  -1   2   4   1   0  -1  -4  -3   2  -3  -4  -3  -1  -2  -1  -2  -4   10  11  13   3   5  26   8   6   0   0   1  12   0   0   0   2   0   1   1   0  0.46 0.23
  197 I    -3  -5  -6  -6  -4  -4  -5  -6  -5   3   5  -5   2  -1  -5  -4  -2  -3  -3   0    1   0   0   0   0   0   0   0   0  15  70   0   5   1   0   1   1   0   0   5  1.13 0.37
  198 G    -1  -3  -1  -1  -4  -2  -3   4  -4  -5  -5   0  -4  -5   1   4   1  -5  -5  -4    2   1   2   3   0   1   0  37   0   0   0   5   0   0   6  38   7   0   0   0  0.83 0.33
  199 L    -2  -5  -4  -5  -4  -4  -4  -5  -5  -2  -1  -4  -4  -5  -5  -2   8  -6  -5  -2    2   0   0   0   0   0   0   0   0   1   7   0   0   0   0   1  88   0   0   1  1.86 0.60
  200 F     0  -1  -2  -4  -2   0  -1  -4   0   0   2  -2   3   5  -4  -1  -2   0   1   0    8   3   1   0   0   4   3   0   3   3  22   2  10  27   0   5   1   1   3   4  0.34 0.19
  201 S     4  -3  -1   1   1   0   1  -2  -1  -2  -3  -2  -3  -4   0   1   0  -5  -4  -1   40   0   1   8   3   4  10   1   1   2   1   1   0   0   5  12   6   0   0   4  0.39 0.22
  202 L    -5  -5  -7  -7  -4  -5  -6  -7  -6  -1   7  -6  -1  -3  -6  -6  -4  -5  -4  -2    0   0   0   0   0   0   0   0   0   0 100   0   0   0   0   0   0   0   0   0  1.94 0.56
  203 L    -3  -4  -4  -5  -2  -4  -5  -5  -5   0   2  -4  -2   4  -5  -3   3  -4  -2   4    0   0   0   0   0   0   0   0   0   3  17   0   0  20   0   0  22   0   0  38  0.80 0.33
  204 P    -2   4  -1   0  -4   3   0  -3  -1  -2  -3   2  -3  -5   3   0  -1  -5  -4  -3    2  28   2   4   0  15   6   0   1   3   2  11   0   0  13   9   4   0   0   1  0.51 0.23
  205 Q    -1   1  -3  -1  -3   5   0  -4  -3   0   3   0   0  -3  -4  -2  -1  -4  -3  -1    5   7   0   2   0  29   4   0   0   5  33   4   1   0   0   1   3   0   0   4  0.45 0.25
  206 I    -2  -4  -4  -5  -2  -4  -5  -5  -5   4   4  -4  -1  -1  -5  -2  -1  -4  -3   3    2   0   1   0   0   0   0   0   0  27  43   0   0   1   0   3   3   0   0  20  0.80 0.29
  207 V     1   0  -3  -4  -1   0  -2  -3  -1   0   0   2  -1  -3  -3  -2  -1  -4  -3   4   14   5   0   0   1   4   1   0   1   3   8  17   1   0   0   2   2   0   0  40  0.38 0.23
  208 D     1   2   0   3  -3   2   1  -1  -1  -3  -3   2  -3  -4  -2   1  -1  -4  -3  -3   12  14   3  16   0  12   9   4   0   1   1  16   0   0   1   8   3   0   0   0  0.36 0.17
  209 A     1   1   1  -2  -1   1   1  -2   3  -2  -2   1  -2  -1  -3  -1  -1  -2   3  -1   18   7   7   0   1   8   9   1  10   1   4   8   0   2   0   2   4   0  14   3  0.23 0.15
  210 T     0  -1  -1  -1   0  -1  -1  -1  -1   1   1   0   0   0  -1  -1   0  -1  -1   2    4   3   2   3   2   2   3   5   1   9  16   6   1   4   3   4   6   1   2  23  0.05 0.03
  211 S     0   0   2   2  -1   0   0   0  -1  -1  -1   1  -1  -1   0   1   0  -1  -1  -1    8   6  10  14   1   3   4   6   1   4   6   9   1   2   3  12   4   1   2   4  0.09 0.03
  212 V     0   0   0   0  -1   0   0   0  -1   0   0   0   0  -1   0   0   1  -1  -1   1    6   4   3   4   1   2   6   7   1   6  12   6   2   2   3  10   9   1   2  11  0.02 0.01
  213 P    -4  -4  -5  -5  -6  -5  -5  -6  -5  -5  -3  -3  -5   4   8  -4  -4  -4   3  -4    0   1   0   0   0   0   0   0   0   0   2   1   0  17  70   0   0   0   9   1  2.08 0.56
  214 I    -3  -5  -6  -6  -4  -5  -5  -6  -6   4   2  -5  -1  -3  -5  -5  -3  -5  -4   6    0   0   0   0   0   0   0   0   0  26  15   0   0   0   0   0   0   0   0  59  1.28 0.41
  215 I    -4  -6  -6  -6  -4  -6  -6  -7  -6   7  -1  -6  -2  -3  -6  -5  -4  -6  -4   3    0   0   0   0   0   0   0   0   0  79   0   0   0   0   0   0   0   0   0  20  1.85 0.53
  216 A     6  -5  -5  -5  -4  -4  -4  -3  -5  -5  -5  -4  -4  -6   4  -1  -3  -6  -5  -4   77   0   0   0   0   0   0   0   0   0   0   0   0   0  20   3   0   0   0   0  1.55 0.52
  217 A     7  -5  -5  -5  -4  -4  -4  -3  -5  -5  -5  -4  -4  -6  -4  -1  -1  -6  -5  -3   94   0   0   0   0   0   0   0   0   0   0   0   0   0   0   2   4   0   0   0  1.80 0.58
  218 G    -3  -6  -4  -5  -6  -5  -6   8  -6  -7  -7  -5  -6  -7  -6  -3  -5  -6  -7  -7    0   0   0   0   0   0   0 100   0   0   0   0   0   0   0   0   0   0   0   0  2.48 0.62
  219 G    -3  -6  -4  -5  -6  -5  -6   7  -5  -7  -7  -5  -6  -7  -6  -3  -5  -6  -7  -7    0   0   0   0   0   0   0  99   0   0   0   0   0   0   0   1   0   0   0   0  2.44 0.61
  220 I    -4  -6  -7  -6  -4  -6  -6  -7  -6   8   0  -6   0  -3  -6  -6  -4  -6  -4   0    0   0   0   0   0   0   0   0   0  88   7   0   2   0   0   0   0   0   0   3  1.97 0.55
  221 A     0  -5  -2  -4  -4  -4  -5  -1  -1  -1  -2  -4   9  -3  -5  -2  -1  -5  -1   1    7   0   2   1   0   0   0   6   1   1   0   0  65   0   0   2   3   0   2  10  1.57 0.53
  222 N    -4  -4   3   7  -6  -3  -1  -3  -2  -6  -6  -3  -6  -6  -4   0   1  -7  -6  -6    0   0  14  70   0   0   1   1   1   0   0   0   0   0   0   6   8   0   0   0  1.63 0.49
  223 G     1  -5  -3  -3  -5  -4  -4   6   0  -6  -6  -4  -5  -6  -1   1  -3  -5  -5  -5    9   0   0   1   0   0   1  71   3   0   0   0   0   0   3  12   1   0   0   0  1.42 0.43
  224 K     3   3  -1  -1  -3   2   1  -1   1  -4  -3   2  -1  -2  -2   0  -1  -4  -1  -2   26  15   1   2   0  12   7   2   4   0   0  15   1   1   0   6   3   0   2   2  0.34 0.19
  225 G     0  -3  -2   3  -4   1  -1   5   0  -3  -4  -3  -4  -5  -4   0   1  -5  -4  -3    7   0   0  19   0   8   2  41   2   2   1   0   0   0   0   6  12   0   0   1  0.67 0.28
  226 I     1  -6  -6  -6  -4  -5  -6  -6  -6   7  -1  -5   0  -3  -5  -4  -3  -5  -4   3   11   0   0   0   0   0   0   0   0  69   2   0   1   0   0   0   0   0   0  17  1.40 0.44
  227 A     3   3   0  -2  -2   0   0  -2  -2  -3  -2   2  -3  -3  -3   0  -2  -2  -3  -1   34  18   5   1   0   4   3   1   0   0   4  16   0   1   0   7   1   1   0   3  0.39 0.22
  228 A     4  -1  -1  -3  -3   0   0  -1   1  -3  -3   0  -3  -1  -3   0   0  -1   3  -3   45   3   3   0   0   4   6   4   4   0   1   6   0   2   0   5   5   1  12   0  0.44 0.25
  229 A     4  -4  -4  -5  -1  -3  -4  -4  -3  -2  -1  -4   5   0  -4  -2  -2  -3   5   1   40   0   0   0   1   0   0   0   0   1   3   0  16   3   0   1   1   0  24   9  0.82 0.36
  230 F    -4  -3  -6  -6  -2  -3  -5  -6  -5   1   6  -5   4   1  -6  -5  -4  -4  -3  -1    0   1   0   0   0   1   0   0   0   7  75   0   9   4   0   0   0   0   0   2  1.24 0.40
  231 M     2   0   1   3  -3   1   1  -2  -1  -3  -3   1   0  -4  -3   1  -1  -4  -3  -2   25   6   7  18   0   8   6   1   1   1   0  10   3   0   0  12   2   0   1   1  0.34 0.19
  232 L    -1  -1   1  -4  -2   1  -2  -4   1  -1   5  -1   0  -1  -3  -2  -3  -4  -1  -2    4   3   7   0   1   7   2   0   4   1  60   3   1   2   1   2   0   0   1   0  0.56 0.28
  233 G    -3  -5  -2  -5  -6  -1  -5   7  -5  -7  -7  -5  -6  -7  -5  -4  -5  -6  -6  -7    0   0   2   0   0   3   0  96   0   0   0   0   0   0   0   0   0   0   0   0  2.30 0.59
  234 A     7  -5  -5  -5  -1  -4  -4  -3  -5  -1  -4  -4  -4  -5  -4  -1  -3  -6  -5  -1   90   0   0   0   1   0   0   0   0   3   0   0   0   0   0   1   0   0   0   4  1.65 0.54
  235 K     3  -2  -2   2  -1   0   0  -1  -2  -2  -3  -1  -2  -4  -2   3  -1  -5  -4   1   27   1   0  12   1   5   4   2   0   1   1   3   1   0   1  27   2   0   0  11  0.37 0.22
  236 G     6  -5  -4  -5  -4  -4  -4   3  -5  -5  -5  -4  -4  -5  -4  -1  -3  -6  -5  -4   76   0   0   0   0   0   0  22   0   0   0   0   0   0   0   2   0   0   0   0  1.46 0.49
  237 V     3  -5  -5  -5   1  -4  -5  -4  -5   0  -2  -4  -2  -4  -5  -3  -2  -6  -4   6   31   0   0   0   2   0   0   0   0   1   0   0   0   0   0   0   2   0   0  64  1.22 0.45
  238 Q    -5  -3  -4  -4  -2   9  -2  -6  -3  -7  -6  -2  -2  -7  -5  -2  -4  -6  -5  -5    0   0   0   0   1  96   0   0   0   0   0   0   1   0   0   2   0   0   0   0  2.63 0.76
  239 L    -4  -5  -6  -6  -4  -4  -5  -6  -5   1   5  -5   6  -2  -5  -4  -4  -4  -4   1    0   0   0   0   0   0   0   0   0   6  66   0  19   0   0   1   0   0   0   8  1.25 0.41
  240 G    -3  -6  -4  -5  -6  -5  -6   8  -6  -7  -7  -5  -6  -7  -6  -4  -5  -6  -7  -7    0   0   0   0   0   0   0 100   0   0   0   0   0   0   0   0   0   0   0   0  2.50 0.63
  241 T    -3  -5  -4  -5  -4  -4  -4  -5  -5  -4  -5  -4  -4  -6  -5   0   8  -6  -5  -4    0   0   0   0   0   0   0   0   0   0   0   0   0   0   0   3  97   0   0   0  2.28 0.68
  242 A     6  -5  -5  -5  -3  -4  -4  -2  -5   0  -3  -4  -3  -5  -4  -2  -2  -6  -5   1   82   0   0   0   0   0   0   1   0   5   1   0   0   0   0   0   1   0   0   9  1.38 0.49
  243 F    -6  -6  -7  -7  -6  -6  -7  -7  -4  -4  -2  -7  -3   9  -7  -6  -6   3   3  -4    0   0   0   0   0   0   0   0   0   0   1   0   0  87   0   0   0   3   9   0  2.56 0.64
  244 L    -3  -5  -6  -6  -4  -5  -5  -6  -6   5   4  -5  -1  -2  -5  -5  -3  -5  -4   3    0   0   0   0   0   0   0   0   0  32  46   0   0   0   0   0   0   0   0  22  1.10 0.36
  245 S     3  -2  -3  -2   0   1  -2   1  -2  -2   2  -2  -2  -1   2   0   0  -4  -3  -2   26   2   0   2   2   6   0  11   1   0  23   1   0   3  11   6   4   0   0   1  0.25 0.18
  246 C    -1  -6  -5  -6  10  -5  -6  -5  -6  -4  -5  -5  -4  -6  -5  -1   4  -6  -5  -1    5   0   0   0  62   0   0   0   0   0   0   0   0   0   0   5  25   0   0   3  2.22 0.59
  247 P    -1  -2  -2   1  -5  -1  -1  -4  -3  -5  -5   1  -5  -6   7   0  -1  -6  -5  -3    5   2   1   7   0   3   2   1   0   0   0  10   0   0  59   6   4   0   0   1  1.40 0.42
  248 E    -4  -3  -3  -1  -7   2   7  -3  -3  -6  -6  -2  -5  -7  -4  -1  -2  -6  -5  -6    0   0   0   1   0   6  85   2   0   0   0   0   0   0   0   3   2   0   0   0  1.85 0.57
  249 A     2  -4  -3  -4   2  -3  -3  -3  -4  -5  -5  -3  -4  -5  -4   6   0  -6  -5  -4   13   0   0   0   3   0   0   0   0   0   0   0   0   0   0  78   5   0   0   1  1.47 0.53
  250 S     3   0   2  -2  -3   0  -2  -2  -2  -2  -1   1  -1  -4  -3   3   1  -4  -3  -2   24   3  13   0   0   3   0   2   0   2   8   8   1   0   0  26   8   0   0   2  0.34 0.21
  251 V     5  -4  -1  -4  -3  -3  -3  -3  -4   1  -3  -3  -3  -4  -4   0   2  -5  -4   2   57   0   3   0   0   0   0   0   0  10   0   0   0   0   0   6  11   0   0  13  0.80 0.35
  252 S    -1  -2   4   4  -2  -2  -1  -2   1  -5  -5  -2  -4  -5   1   3  -1  -6  -4  -4    4   2  21  28   1   0   1   2   3   0   0   1   0   0   8  27   2   0   0   0  0.74 0.31
  253 P     2  -1  -2   1  -2   1   1  -2  -2  -4  -4   1  -3  -4   4   1   0  -5  -4  -2   24   3   0   8   0   5  11   2   1   0   0   8   0   0  21  10   6   0   0   1  0.47 0.21
  254 L     3  -3  -1  -2  -3  -2  -1   2   0  -1  -1  -1  -1   3  -3  -1  -1  -2   1  -1   29   0   3   1   0   0   3  17   3   3   5   3   1  16   0   2   3   0   5   5  0.26 0.17
  255 W    -5  -3  -4  -6  -5  -4  -5  -6   6   1  -4  -5  -4   4  -6  -5  -5   3   8  -3    0   1   0   0   0   0   0   0  20   7   0   0   0  16   0   0   0   4  50   2  1.71 0.50
  256 K    -2   7  -1  -3  -6  -1  -2  -1  -1  -5  -3   2  -4  -5  -5   0  -2  -6  -4  -5    2  67   3   1   0   1   1   4   1   0   2  10   0   0   0   6   2   0   0   0  1.29 0.43
  257 N     2   1   2   2  -4   3   2  -2   0  -4  -4   2  -3  -4  -3   0   0  -4  -3  -3   20   8   9  14   0  14  10   1   1   0   0  14   0   0   0   3   4   0   0   1  0.40 0.20
  258 A     4  -1  -2  -3   0   0  -2  -3  -2  -1   1  -1   0  -2  -1   0  -1  -4  -2  -1   50   3   2   0   2   4   2   0   1   2  13   4   2   1   3   5   2   0   1   3  0.41 0.24
  259 L    -4  -4  -5  -6  -4  -4  -5  -4  -5   2   5  -4   1   1  -5  -3  -3  -4  -3   1    0   0   0   0   0   0   0   1   0  12  70   1   2   5   0   1   0   0   0   7  1.05 0.35
  260 S     0   1   0   0  -3   1   0  -1   0  -2   0   2   0   2  -3   0   1  -3  -1  -2   10   8   3   4   0   6   4   3   2   1  10  16   2  13   0   7  10   0   0   1  0.12 0.11
  261 E     0   0   2   0  -1   0   1   1  -1  -4  -3  -1  -2  -4  -2   4   0  -4  -3  -3    6   4  10   5   1   5   8  13   1   0   3   3   1   0   1  37   3   0   0   1  0.36 0.19
  262 S     1  -1   0   2  -1   1   1  -1  -1  -2  -2   0  -1  -2   3   1  -1  -2  -2  -2   17   2   4  12   1   7  10   4   1   2   3   4   1   1  16   8   2   0   1   2  0.24 0.09
  263 S     3   0   1   0  -1   0   0   0  -1  -2  -2   0  -2  -3   1   1   0  -3  -2  -1   32   4   8   4   1   4   4   8   1   2   2   5   0   0   8   7   5   0   1   2  0.22 0.13
  264 E     1   1   0   1  -1   0   1   0   0  -1   0   0  -1  -1   0   0   0  -1   0  -1   13   8   4   8   1   5   9   7   2   3  10   5   1   2   4   9   4   1   3   3  0.05 0.02
  265 K     0   1   0   0  -2   0   1  -1   2  -1  -1   0  -1  -1   1   0   0  -1   0  -1    9   8   4   4   0   4   9   4   8   5   7   5   1   1   7   9   7   1   5   2  0.08 0.05
  266 E    -1   0   1   2  -1   1   2  -1   5  -4  -4   0  -2  -4   2   0   0  -4  -2  -3    4   6   5  13   1   6  12   5  18   0   1   4   1   0  12   6   6   0   0   0  0.37 0.17
  267 T    -4  -5  -4  -5  -5  -4  -5  -5  -5  -4  -5  -4  -4  -6  -4  -2   8  -6  -5  -4    0   0   0   0   0   0   0   0   0   0   0   0   0   0   0   0 100   0   0   0  2.44 0.74
  268 R     1   2  -3  -3   0   1   0  -3  -3   2  -1  -1   1  -3  -3  -2   1  -4  -3   3   13  11   0   0   2   9   6   0   0  15   3   2   3   0   0   1   9   0   0  26  0.29 0.20
  269 I    -4  -5  -6  -6  -4  -4  -6  -6  -5   3   2  -5   9  -1  -6  -5  -4  -5  -4   1    0   0   0   0   0   0   0   0   0  18  20   0  53   2   0   0   0   0   0   7  1.59 0.51
  270 T    -3  -5  -3  -4  -4  -4  -4  -5  -5   0  -4  -4  -2  -5  -5   0   7  -6  -5   0    0   0   0   0   0   0   0   0   0   4   1   0   1   0   0   5  84   0   0   5  1.77 0.60
  271 K     2   2   2   1  -1  -1  -1  -2  -1  -4  -4   0  -3  -5   2   2   0  -5  -4  -3   24  15  12   9   1   1   2   0   1   0   0   3   0   0  10  18   3   0   0   0  0.42 0.23
  272 A     4  -4  -2  -4  -2  -3  -3  -3  -4   0   2  -3  -1  -1  -4   0  -1  -4  -1   2   39   0   1   0   1   0   0   0   0   5  27   0   1   1   0   7   2   0   2  12  0.46 0.26
  273 F    -4  -6  -6  -6  -1  -5  -6  -6  -5   6   0  -5  -2   4  -2  -5  -3  -4  -3   4    0   0   0   0   1   0   0   0   0  52   3   0   0  17   2   0   0   0   0  24  1.18 0.40
  274 T    -2  -4  -3  -4  -4  -4  -4  -4  -4  -6  -6  -4  -5  -6  -4   7   2  -6  -5  -5    0   0   0   0   0   0   0   0   0   0   0   0   0   0   0  89  11   0   0   0  1.87 0.64
  275 G    -3  -6  -4  -5  -6  -5  -6   8  -6  -7  -7  -5  -6  -7  -6  -4  -5  -6  -7  -7    0   0   0   0   0   0   0 100   0   0   0   0   0   0   0   0   0   0   0   0  2.53 0.66
  276 R    -5   8  -4  -5  -7  -2  -3  -4  -4  -6  -3   4  -5  -6  -5  -4  -4  -6  -5  -6    0  77   0   0   0   0   0   1   0   0   2  20   0   0   0   0   0   0   0   0  1.99 0.59
  277 P    -1  -2   0  -4  -6  -2  -3  -4  -1  -3  -6  -3  -4  -2   8  -2  -4  -7  -5  -5    5   3   5   0   0   1   1   0   2   2   0   0   0   2  76   2   0   0   0   0  2.05 0.57
  278 A     7  -5  -5  -5  -4  -4  -4  -3  -5  -5  -2  -4  -4  -6  -4  -2  -2  -6  -5  -3   96   0   0   0   0   0   0   0   0   0   3   0   0   0   0   0   1   0   0   0  1.88 0.61
  279 R    -5   9  -4  -5  -7  -3  -4  -6  -4  -7  -6  -1  -5  -7  -6  -5  -5  -7  -6  -6    0 100   0   0   0   0   0   0   0   0   0   0   0   0   0   0   0   0   0   0  2.75 0.74
  280 G     1  -5  -3  -4   7  -4  -4   4  -5  -4  -5  -4  -4  -5  -4   1   3  -5  -5  -4   14   0   0   0  23   0   0  37   0   1   0   0   0   0   0   8  17   0   0   0  1.06 0.38
  281 I    -4  -3  -6  -6  -4  -5  -5  -6  -5   5   4  -5   2  -1  -5  -5  -3  -4  -3   2    0   1   0   0   0   0   0   0   0  41  42   0   4   2   0   0   0   0   0  10  1.08 0.36
  282 V     1   1  -1  -1   0  -1   0  -2  -1   1   0   1   0  -2  -1   0  -1  -4  -2   2   13  11   2   2   2   2   6   1   1   9   7  10   1   0   2   8   2   0   1  20  0.10 0.10
  283 N    -4  -3   7  -2  -5  -3  -4  -2  -3  -4  -6  -3  -5  -6  -5   0   4  -6  -5  -5    0   0  62   0   0   0   0   2   0   1   0   0   0   0   0   4  31   0   0   0  1.67 0.55
  284 R     0   5  -3   0  -5   0  -1  -3   2  -5  -3   1  -4  -5   5  -2  -2  -5  -3  -3    9  36   0   5   0   4   2   1   4   0   2   5   0   0  26   1   1   0   1   1  0.80 0.32
  285 L    -3  -6  -4  -7  -5  -6  -6  -6  -4   0   1  -6   0   8  -6  -5  -5   5   2  -2    2   0   1   0   0   0   0   0   0   4  11   0   2  69   0   0   0   7   4   1  1.77 0.51
  286 L    -2  -3  -3  -4   2  -1  -4  -5   2   4   0  -4   3  -1  -4  -1   3  -1  -1   0    2   0   0   0   4   3   0   0   5  33   7   0   9   3   0   2  25   1   1   4  0.54 0.28
  287 D     0   4   0   2  -3   2   3  -3   0  -3  -3   1  -3  -4  -3   0   0  -4  -3  -2    8  23   4  12   1   8  19   1   2   1   2   5   0   0   0   7   5   0   0   2  0.40 0.20
  288 E     0   0   1   1  -1   0   3   0   0  -1  -1   0  -1  -1   0   0   0  -1  -1  -1    5   6   7   8   1   3  24   6   1   3   6   6   1   3   3   5   4   1   2   4  0.12 0.03
  289 M     0   0  -1   0  -2   1   0   0   0  -1   1   0   1   0  -1   0   0  -2   0   0    7   5   1   7   0   8   4   7   3   2  16   3   5   5   3   7   6   0   3   4  0.03 0.04
  290 E     1  -1   0   0   0   0   0   1  -1  -1  -1  -1  -1  -1   2   0   0  -1  -1  -1   12   3   3   5   2   4   7  15   2   5   6   3   1   3  11   8   3   1   3   5  0.09 0.03
  291 N     0  -1   1   1  -2   0   0   1   0  -1  -1  -1  -1  -2   3   0   0  -2  -1   0    7   3   8  10   1   5   5  11   2   3   5   2   1   1  18   4   5   0   2   7  0.20 0.07
  292 K     1   2  -1   0  -1   1   0  -1   1  -1  -1   1   1  -2   1   0   0  -3  -2  -1   14  13   1   4   2   9   5   4   3   5   4   7   6   1   7   8   4   0   0   2  0.11 0.08
  293 T     0   0   1   1  -1  -1   0   0  -1  -2  -1  -1  -2  -3   4   1   0  -4  -3  -1    7   5   6  10   1   1   6   9   1   1   8   2   0   0  21  11   3   0   0   6  0.26 0.13
  294 D     0  -1   0   2  -1   0   1   0   0  -1   0   0  -1  -1   1   0   0  -1   0  -1    7   2   4  13   1   3  13   6   2   3   9   8   1   2   7   7   5   1   3   6  0.08 0.03
  295 I     1   0   0   2  -2   1   3  -1  -2  -2  -2   0  -1  -3   1   0   0  -2  -3  -2   13   5   3  12   0   6  21   3   0   2   4   4   1   1   8   7   6   0   0   2  0.21 0.13
  296 I     0  -2  -4  -5  -3  -2  -4  -5  -3   4   3  -4   0  -1   1  -2  -1  -4  -3   2    7   2   0   0   0   1   0   0   1  27  33   0   1   2   7   2   3   0   0  16  0.51 0.23
  297 P    -2  -6  -6  -5  -7  -5  -5  -6  -6  -7  -5  -5  -6  -7   9  -4  -5  -8  -7  -6    4   0   0   0   0   0   0   0   0   0   1   0   0   0  95   0   0   0   0   0  3.04 0.75
  298 D     2  -2  -2   6  -5  -2   0  -1  -2  -5  -3  -3  -4  -5   3   0  -3  -6  -5  -4   17   1   0  47   0   1   4   4   1   0   2   0   0   0  15   7   0   0   0   1  0.91 0.35
  299 F    -6  -6  -6  -7  -6  -5  -6  -7  -2  -5  -4  -6  -4   5  -7  -6  -5  -2   9  -5    0   0   0   0   0   0   0   0   0   0   0   0   0  20   0   0   0   0  80   0  2.76 0.72
  300 P    -4  -5  -5  -5  -6  -3  -5   3  -6  -6  -6  -4  -6  -7   8  -2  -4  -7  -6  -4    0   0   0   0   0   1   0  21   0   0   0   0   0   0  74   3   0   0   0   1  2.25 0.61
  301 T    -3  -3  -4  -5   1  -4  -5  -5  -1   4   2  -4   0   1  -5  -3  -1  -2   6   0    1   2   1   0   3   0   0   0   1  25  23   0   1   3   0   2   3   0  31   6  0.77 0.31
  302 V     5   1  -3  -4  -2  -3  -3  -2  -4  -2  -2  -3   1  -4   1   0   2  -5  -4   0   53   7   0   0   1   0   0   2   0   1   4   0   5   0   6   3  14   0   0   5  0.65 0.33
  303 G    -2  -5  -4  -4  -6  -5  -5   0  -2  -5  -4  -5  -5   0  -6  -4  -2  -2   9  -5    4   0   1   1   0   0   0   8   0   0   1   0   0   2   0   1   3   0  81   0  2.29 0.66
  304 S    -1  -4   2   6  -5  -3  -1  -1  -1  -5  -5  -2  -5  -4  -4   2  -1  -5   0  -3    5   0  10  54   0   0   1   5   1   0   0   2   0   0   0  13   2   0   5   2  0.99 0.37
  305 V     5  -3  -4  -3  -3  -3  -2  -1  -4   1   1  -3  -1  -4  -4  -1  -2  -5  -4   0   61   1   0   1   0   0   2   4   0   7  15   0   1   0   0   3   1   0   0   5  0.75 0.34
  306 I     1  -4  -1  -4  -4  -3  -3   4  -3  -1  -1  -4  -1   3  -4  -1  -2  -2   4  -2   15   0   2   0   0   0   0  35   0   4   7   0   1  13   0   3   1   0  17   1  0.58 0.26
  307 K    -2   1  -3  -4  -6  -2  -2  -3  -4  -6  -5   7   1  -6  -4  -1  -4  -6  -4  -5    3   5   0   0   0   0   1   1   0   0   0  82   4   0   0   3   0   0   1   0  1.70 0.56
  308 P     4  -1  -3  -1  -4   4  -1  -2  -3  -4  -3   1  -3  -5   2   1   0  -5  -4  -3   35   3   0   3   0  21   3   1   0   0   1   7   0   0  12   9   4   0   0   1  0.55 0.29
  309 L    -3  -5  -6  -7  -4  -5  -6  -7  -6   0   6  -5   1  -1  -6  -5  -4   0  -4  -1    2   0   0   0   0   0   0   0   0   3  87   0   2   2   0   0   0   1   0   3  1.51 0.48
  310 A     2   3   4  -2  -4  -1  -2  -3   6  -4  -3   2  -4  -4  -4  -1  -2  -5  -3  -3   17  17  24   1   0   1   0   1  21   1   2  11   0   0   0   2   1   0   0   2  0.73 0.32
  311 N     4  -1   1  -2  -3   1  -2   1  -3  -2  -3   0  -3  -4  -1   1  -1  -5  -4  -2   48   2   8   1   0   6   1   9   0   2   1   4   0   0   2  11   3   0   0   1  0.51 0.27
  312 A     4  -3  -3  -1  -1  -1   0  -2  -1   0   1   1  -2  -4  -3  -1  -1  -4  -3   0   47   0   0   3   1   2   6   2   1   4  14  10   0   0   0   2   3   0   0   5  0.40 0.25
  313 A     5  -3  -3  -2  -3  -3  -3  -1  -3  -2   0  -2  -3  -1  -3   0  -1  -4   1  -1   63   1   1   2   0   0   0   4   0   2   8   1   0   2   0   4   2   0   5   4  0.71 0.32
  314 S     1   1  -1   0  -4  -1   1  -2  -2  -3  -2   4  -1  -2   1   1  -1  -4  -3  -1   10   4   1   4   0   0  11   2   0   0   4  34   1   2   8  12   1   0   0   4  0.34 0.20
  315 S     3   0   1  -1  -2   2   0  -1  -1  -2  -2   1  -2  -3   0   1   0  -3  -1  -2   31   3   6   2   0  11   5   4   1   1   3  11   0   1   5   8   3   0   2   2  0.23 0.13
  316 K     1   1   0  -1  -1   3   0  -1   1  -2  -1   3   0  -2  -1   0   0  -2  -2  -1   12   7   5   2   1  17   2   2   4   2   5  21   2   2   2   5   4   0   1   3  0.20 0.11
  317 G    -1  -3   0   1  -1  -2  -3   6  -2  -2  -4  -2  -4  -4  -1  -2  -3  -4  -4  -3    3   1   3   8   2   2   1  65   1   3   1   1   0   0   3   2   1   0   0   1  1.04 0.31
  318 R     0   0   1   1  -1   0   1   0   0  -1   0   0   0  -1   0   1   0  -1  -1  -1    6   6   7   7   1   3   8   7   2   4   8   7   2   3   4  12   5   1   2   5  0.04 0.00
  319 D     0  -1   0   1  -3   1   1   1   3  -2  -2  -1  -1   1   1   1   1   0   1  -2    5   2   2   8   0   7   7  11   9   1   3   2   1   6   8  11   9   1   5   2  0.13 0.10
  320 D    -1   0  -1   5  -5  -1   1   4  -2  -5  -2  -2  -2  -5  -4  -1  -3  -5  -5  -4    4   5   1  34   0   1   8  35   0   0   4   2   1   0   0   4   1   0   0   0  0.76 0.30
  321 F    -2  -5  -3  -6   0  -5  -5  -6  -3   1  -2  -5  -3   6  -6  -5  -3  -2   7  -1    4   0   2   0   2   0   0   0   0   7   3   0   0  39   0   0   1   0  40   4  1.50 0.47
  322 L     1  -4   1  -1  -4  -2  -3   5  -4  -4  -3  -3  -2  -5  -4   2  -2  -5  -5  -3   14   0   6   3   0   2   0  53   0   1   3   0   1   0   0  17   0   0   0   1  0.91 0.34
  323 S     5  -4  -1  -4  -4  -4  -4  -3  -4  -3  -3  -4  -1   5   2   0  -3  -4  -2   0   50   0   3   0   0   0   0   0   0   0   1   0   1  25  10   5   0   0   0   5  0.84 0.37
  324 L    -4  -3   0  -4  -3   4  -3  -5   5  -1   1  -3  -2   3  -5  -3  -4  -2   5  -3    0   0   5   0   1  24   0   0  15   3  16   0   0  10   0   0   0   0  25   1  0.86 0.37
  325 W    -6  -6  -8  -8  -6  -6  -7  -7  -6  -4   3  -7  -4  -2  -7  -7  -6  12  -1  -5    0   0   0   0   0   0   0   0   0   0  30   0   0   1   0   0   0  68   1   0  3.17 0.76
  326 A     6  -5  -4  -5   2  -4  -4  -2  -5  -4  -4  -4  -4  -5  -4   0  -2  -6  -3  -1   83   0   0   0   4   0   0   1   0   0   0   0   0   0   0   6   1   0   1   4  1.47 0.52
  327 G    -3  -6  -4  -5  -6  -5  -6   8  -6  -7  -7  -5  -6  -7  -6  -3  -5  -6  -7  -7    0   0   0   0   0   0   0  99   0   0   0   0   0   0   0   1   0   0   0   0  2.48 0.65
  328 Q     0  -3  -3  -2  -6   8   0  -5  -3  -6  -5  -2  -1  -6  -4   1   0  -5  -5  -5    7   0   0   1   0  69   4   0   0   0   0   1   1   0   0  11   6   0   0   0  1.57 0.56
  329 S     1  -4   5  -3  -5  -2  -4   5  -3  -6  -6  -2  -5  -6  -4   0  -3  -6  -5  -5   10   0  34   0   0   1   0  46   0   0   0   1   0   0   0   7   0   0   0   0  1.20 0.41
  330 A     4  -2  -4  -5  -3  -2  -4  -4  -1  -2  -1  -4  -3   0  -3  -2  -2  -3   5   2   45   2   0   0   0   1   0   0   1   1   5   0   0   3   1   0   1   0  24  16  0.79 0.36
  331 S     2   0  -1   0  -4   1  -2   0   3  -3  -4  -1  -1  -2   5   0   0  -4  -1  -3   17   5   2   4   0   6   0   7  10   1   1   2   2   1  29   7   4   0   2   1  0.53 0.23
  332 M    -2   0  -1  -3  -4   2  -1  -2  -2  -2   3   1   3   0  -4   0  -2  -4  -3  -2    1   6   3   0   0  13   2   3   1   0  41   9   8   3   0   9   0   0   0   1  0.38 0.24
  333 N     3  -4  -1  -4   3  -3  -3  -1  -3   3  -1  -3   0  -3  -4   1  -1  -5  -4   1   34   0   3   0   8   0   0   3   1  25   2   1   2   0   0  10   2   0   0  10  0.48 0.26
  334 R    -2   7  -3  -4  -6   0  -2  -5   0  -4  -4   2  -2  -5   1   0   0  -6  -4  -4    2  63   0   0   0   3   1   0   2   1   1   9   1   0   6   7   5   0   0   1  1.22 0.43
  335 N     2  -2   1   1  -3   0   3   1   0  -4  -4   0  -3  -4   0   1   1  -1  -3  -3   17   1   8   6   0   3  25  12   2   0   0   3   0   0   5   8   7   1   0   0  0.33 0.18
  336 I    -2  -1  -2  -5  -4  -3  -3  -4  -4   2   4  -1   6  -1  -5  -3  -3  -4  -3   0    2   4   2   0   0   0   1   1   0   9  42   4  26   1   0   1   0   0   0   5  0.78 0.32
  337 P    -1  -4   1   1  -3  -3   0  -2  -4  -5  -4  -2  -4  -6   6   2   1  -6  -4  -4    4   0   6   9   0   0   6   3   0   0   1   2   0   0  47  15   8   0   0   0  1.06 0.36
  338 A     6  -4  -4  -4  -3  -3  -4  -3  -4  -2  -4  -3  -2  -5  -4   0   2  -5  -4   0   71   0   0   0   0   0   0   0   0   2   0   0   1   0   0   4  15   0   0   6  1.14 0.44
  339 K     3   0  -2   0  -1   1   1   2  -2  -3  -3   1  -3  -3  -2   0   0  -4  -3  -2   34   4   1   3   1   7  11  15   0   0   1   8   0   1   1   5   6   0   0   1  0.34 0.19
  340 K    -1  -1  -1   3  -6   3   6  -4  -2  -5  -4   1  -4  -6  -4  -2  -2  -5  -4  -3    5   2   1  13   0  11  55   0   1   0   1   6   0   0   0   0   2   0   0   2  1.01 0.39
  341 L    -4  -5  -6  -6  -4  -2  -5  -6  -5   3   5  -3   1  -2  -5  -5  -3  -4  -4   2    0   0   0   0   0   2   0   0   0  15  66   2   3   0   0   0   1   0   0  12  1.06 0.37
  342 V    -3  -4  -5  -5  -3  -4  -5  -5  -5   3   1  -4   6   1  -5  -4   1  -4  -3   4    0   0   0   0   0   0   0   0   0  19  13   0  24   6   0   0  10   0   0  28  0.84 0.33
  343 K     2   2   1   0  -3   2   2  -1   0  -3  -1   2  -2  -4  -3   0  -1  -4  -3  -2   22  13   8   4   0   9  13   3   2   0   5  11   0   0   0   7   1   0   0   1  0.27 0.17
  344 L     0   1   0   0  -1   2   1  -2  -2  -1   0   1   0  -3  -3   0   2   0  -3   0    9   9   5   3   1  12   7   1   0   3   9   8   2   0   0   4  20   1   0   6  0.16 0.13
  345 L    -4  -5  -6  -7  -4  -5  -6  -7  -6   1   6  -5   0  -1  -6  -5  -4  -1  -2  -1    0   0   0   0   0   0   0   0   0   6  87   0   1   2   0   0   0   1   1   2  1.52 0.48
  346 V     2  -1  -3  -3  -1  -2  -1  -1  -3   2  -1  -1   0  -2  -3  -1   1   1  -3   3   22   2   0   1   1   1   3   4   0  12   2   3   1   1   0   4  10   2   0  30  0.29 0.19
  347 E     1   1   0   1  -3   2   2  -2  -1  -3  -1   2  -2  -4  -3   0   0  -4  -3  -2   16   9   4   6   0  10  17   1   1   0   7  17   0   0   0   5   6   0   0   1  0.27 0.16
  348 E    -3  -2  -1   1  -6   0   7   1  -3  -6  -6   0  -5  -6  -4  -2  -3  -6  -5  -3    1   1   2   6   0   2  70  10   0   0   0   4   0   0   0   1   1   0   0   2  1.32 0.47
  349 T     0  -4  -5  -5   1  -3  -4  -4  -4   1   4  -4   5  -1  -5  -3   0   5  -1   0   10   0   0   0   2   1   0   1   0   7  38   0  19   2   0   0   6   7   2   4  0.66 0.29
  350 S     1   1   1   0  -3   2   1   0   0  -1  -1   1  -1  -1  -2   0   0  -2  -2  -1   11   9   9   4   0  12   8   7   3   3   5  11   1   2   1   7   5   0   0   2  0.13 0.09
  351 S     2   0   0   0  -2   1   1  -1   0  -1  -1   0  -1   0  -1   0   0  -1  -1   0   22   4   4   5   0   9  11   3   2   5   5   4   1   4   2   7   4   1   1   6  0.09 0.08
  352 I     3   0   0   0   0   1   0  -1   0   0  -1  -1  -2  -2  -1   0   0  -3  -1   0   34   6   4   5   2   6   7   1   2   8   3   0   0   1   3   6   5   0   1   6  0.16 0.13
  353 F     0   1  -1   0  -2   0   0   0  -2   1   1   0   1   0  -1   0   0  -1  -1   0    7   8   1   4   0   6   5  10   0  10  14   5   4   6   2   8   5   0   1   4  0.02 0.03
  354 K     0   2   1   0  -2   1   0   2   0  -3  -3   1  -2  -2  -2   0  -1   1  -2  -1   10  15   6   3   1   7   6  19   3   0   1  12   0   2   1   7   1   2   0   4  0.19 0.10
  355 Y     0   2   1   0   0   1   0   1   0  -2  -2   1  -1  -2   0   0   0  -3   0  -2   10  16   7   5   2   9   2  10   2   1   4  11   1   0   4   8   3   0   4   2  0.13 0.06
  356 F     0  -2  -2  -2   0  -1   0  -1  -2   0   2  -2   0   2   0   0   0  -2   0   0   10   0   0   1   2   3   6   5   0   5  30   0   1  12   3  11   6   0   1   5  0.09 0.07
  357 R     0   2   1  -1  -1   2   0   1   0  -2  -2   1  -1  -3  -1   1   0  -3  -1  -2    9  19   8   0   1  10   4  11   2   0   3   4   1   0   1  15   7   0   2   2  0.18 0.07
  358 N     1   2   1  -1  -2   1   0   0  -1  -1  -1   1   0   0   1   0   0   1  -1   0   14  13  12   2   0   5   4   5   0   2   2   7   3   5   6   3   6   2   0   8  0.08 0.04
  359 S     0   0   1   2  -2   0  -1  -2  -1  -1  -2  -1  -1   0   1   0   2  -2   2   1    5   7   8  14   0   3   0   0   0   0   0   0   0   5   5   6  23   0  10  15  0.14 0.07

                      K         Lambda
PSI Ungapped         0.1856     0.3175
PSI Gapped           0.0568     0.2670
