
Last position-specific scoring matrix computed, weighted observed percentages rounded down, information per position, and relative weight of gapless real matches to pseudocounts
            A   R   N   D   C   Q   E   G   H   I   L   K   M   F   P   S   T   W   Y   V   A   R   N   D   C   Q   E   G   H   I   L   K   M   F   P   S   T   W   Y   V
    1 M    -1   3   0   3  -3   0   0  -2  -1  -1   0   0   3  -2  -2  -1  -1  -3  -2  -1    0  33   0  35   0   0   0   0   0   0   0   0  33   0   0   0   0   0   0   0  0.27 0.01
    2 R    -1   2  -1  -1  -3   3   2  -3  -1  -1   0   0   4  -2  -2  -1  -1  -2  -2  -1    0  21   0   0   0  18  21   0   0   0   0   0  40   0   0   0   0   0   0   0  0.29 0.04
    3 S    -1  -1   0   2  -2  -1   0  -2  -2  -2  -2   1  -2  -1  -2   1   2   7   0  -2    0   0   0  21   0   0   0   0   0   0   0  13   0   0   0  21  18  26   0   0  0.51 0.03
    4 Q    -1  -1   1  -2  -2   2  -1   0  -1   0   1  -1   5  -1  -3  -1  -1  -2   1  -1    0   0   9   0   0  15   0   9   0   0   8   0  51   0   0   0   0   0   8   0  0.26 0.07
    5 I     0   2   1  -1  -2   0  -1  -2  -1   0  -1   2   1  -2  -2   2   1  -3  -2  -1    0  16   7   0   0   0   0   0   0  13   0  16  11   0   0  29   8   0   0   0  0.17 0.04
    6 Q    -1   3   4   1  -3   2   0  -2   0  -3  -3   0  -2  -3  -2   0   2  -3  -2  -2    0  22  33   8   0  13   0   0   0   0   0   0   0   0   0   0  23   0   0   0  0.41 0.06
    7 S     0   4   0  -1  -2   1   1  -2  -1  -3  -3   1  -2  -3  -2   2   0  -3  -2  -2    8  39   0   0   0   7  11   0   0   0   0   0   0   0   0  35   0   0   0   0  0.42 0.07
    8 F    -2  -3  -4  -4  -2  -3  -3  -4  -2   1   2  -3   1   5  -4  -3  -2  -1   1   2    0   0   0   0   0   0   0   0   0   0  30   0   0  47   0   0   0   0   0  23  0.49 0.07
    9 L     1  -1  -1  -2  -1   1  -1  -2  -2   0   2  -1   2  -1  -2   0   2  -2  -2   0   16   0   0   0   0  14   0   0   0   0  29   0  11   0   0   0  30   0   0   0  0.19 0.05
   10 K    -1   2  -1  -1  -3   2   2   0  -1  -3  -3   3  -2  -3   1   0  -1  -3  -2  -3    0   8   0   0   0  15  16   7   0   0   0  39   0   0   8   8   0   0   0   0  0.40 0.05
   11 T    -1  -1  -2  -3   4  -1  -2  -3  -2   0   3   0   2  -1  -2   0   1  -2  -2   0    0   0   0   0  14   0   0   0   0   0  47  11   8   0   0   7  13   0   0   0  0.23 0.05
   12 F    -2  -3  -4  -4  -2  -3  -3  -4  -3   1   4  -3   1   4  -4  -3  -2  -1   0   0    0   0   0   0   0   0   0   0   0   0  76   0   0  24   0   0   0   0   0   0  0.57 0.08
   13 E    -1  -1   4   0  -3   0   1   3  -1  -4  -4  -1  -3  -3  -2   2  -1  -3  -3  -3    0   0  36   0   0   0  13  32   0   0   0   0   0   0   0  19   0   0   0   0  0.50 0.06
   14 V     1  -3  -3  -3  -1  -2  -3  -3  -3   3   2  -2   1  -1  -3  -2  -1  -3  -2   2   16   0   0   0   0   0   0   0   0  38  25   0   0   0   0   0   0   0   0  20  0.31 0.05
   15 R    -1   3   0   1  -3   3   3  -2  -1  -3  -3   2  -2  -3  -2   0   1  -3  -2  -2    0  28   0   8   0  15  31   0   0   0   0   7   0   0   0   0  11   0   0   0  0.46 0.06
   16 Y    -2  -1  -2  -3  -3   1  -1  -3   0  -1   0   1  -1   3  -3  -2  -2   1   6  -2    0   0   0   0   0   8   0   0   0   0   8  19   0  16   0   0   0   0  50   0  0.54 0.08
   17 P    -2  -3  -3  -2  -4  -2  -2  -3  -3  -4  -4  -2  -3  -4   8  -2  -2  -4  -4  -3    0   0   0   0   0   0   0   0   0   0   0   0   0   0 100   0   0   0   0   0  2.34 0.15
   18 I    -2  -4  -4  -4  -2  -3  -4  -4  -4   6   1  -3   1  -1  -3  -3  -1  -3  -2   2    0   0   0   0   0   0   0   0   0 100   0   0   0   0   0   0   0   0   0   0  0.76 0.12
   19 I    -2  -4  -4  -4   4  -3  -4  -4  -4   5   1  -3   0  -1  -3  -3  -1  -3  -2   2    0   0   0   0  16   0   0   0   0  84   0   0   0   0   0   0   0   0   0   0  0.65 0.11
   20 Q     1   0  -1  -1  -3   6   1  -2   0  -3  -3   0  -1  -4  -2   0  -1  -3  -2  -2   16   0   0   0   0  84   0   0   0   0   0   0   0   0   0   0   0   0   0   0  0.84 0.13
   21 A     4  -2  -2  -2  -1  -1  -2  -1  -2  -2  -2  -1  -1   2  -2   1  -1  -2  -1  -1   76   0   0   0   0   0   0   0   0   0   0   0   0  16   0   8   0   0   0   0  0.44 0.09
   22 P    -1  -2  -2  -2  -3  -2  -2   2  -2  -3  -4  -1  -3  -4   7   1  -1  -4  -3  -3    0   0   0   0   0   0   0  22   0   0   0   0   0   0  62  16   0   0   0   0  1.26 0.09
   23 M    -1  -2  -2  -3  -2  -1  -2  -3  -2   0   1  -2   7  -1  -2  -2  -1  -2  -1   0    1   1   1   1   0   1   1   1   0   1   1   1  84   1   1   1   1   0   1   1  0.70 0.12
   24 A     4  -2  -2  -2  -1  -1  -1   0  -2  -1   0  -1  -1  -2  -1   0   0  -2  -2   1   70   1   1   1   0   1   1   1   0   1  10   1   0   1   1   1   1   0   1   9  0.30 0.06
   25 G     0  -2  -1  -1  -2  -2  -2   6  -2  -3  -3  -2  -2  -3  -2  -1  -2  -2  -3  -3    1   1   1   1   0   1   1  85   0   1   1   1   0   1   1   1   1   0   1   1  0.96 0.08
   26 A     1  -2  -1  -2  -1  -1  -1   1  -2   1  -1  -1   0  -2  -1   1   0  -2  -2   2   15   1   1   1   0   1   1  12   0   1   1   1   0   1   1  23   1   0   1  39  0.14 0.04
   27 S     0  -1   0  -1  -2  -1  -1  -2   4  -2  -2  -1  -2  -3  -2   3   4  -3  -1  -1    0   0   0   0   0   0   0   0  16   0   0   0   0   0   0  37  47   0   0   0  0.48 0.09
   28 T    -1  -1  -1  -2   4  -1  -1  -2  -2  -1  -2   1  -1  -3  -2   1   5  -3  -2  -1    0   0   0   0  16   0   0   0   0   0   0  11   0   0   0   0  73   0   0   0  0.58 0.10
   29 L     0   1  -2  -2  -3  -1  -2  -3  -2   1   0  -1  -1  -2   6  -1  -1  -3  -2  -1    7  16   0   0   0   0   0   0   0  14  13   0   0   0  49   0   0   0   0   0  0.79 0.07
   30 E     1   2   0   2  -3   1   4  -2  -1  -3  -3   1  -2  -3  -2   0  -1  -3  -2  -2   16  19   0  16   0   0  42   0   0   0   0   8   0   0   0   0   0   0   0   0  0.45 0.06
   31 L    -2  -3  -4  -4  -2  -2  -3  -4  -3   1   4  -3   3   0  -3  -3  -1  -2  -1   2    0   0   0   0   0   0   0   0   0   0  70   0  14   0   0   0   0   0   0  16  0.50 0.07
   32 A     4  -2  -2  -3  -1  -2  -2  -1  -3   0  -1  -2  -1  -2  -2   0   0  -3  -2   3   62   0   0   0   0   0   0   0   0   0   0   0   0   0   0   0   0   0   0  38  0.38 0.08
   33 A     5  -2  -2  -2  -1  -1  -1   0  -2  -2  -2  -1  -2  -3  -1   2   0  -3  -2  -1   89   0   0   0   0   0   0   0   0   0   0   0   0   0   0  11   0   0   0   0  0.60 0.10
   34 T     3  -1  -1  -2  -1  -1  -1  -1  -2  -2  -2   1  -1  -3  -1   1   3  -3  -2  -1   50   0   0   0   0   0   0   0   0   0   0  14   0   0   0   8  28   0   0   0  0.34 0.07
   35 V     1  -3  -3  -3  -1  -2  -3  -3  -3   2   0  -3   0  -2  -3  -2  -1  -3  -2   5   14   0   0   0   0   0   0   0   0   0   0   0   0   0   0   0   0   0   0  86  0.50 0.10
   36 T     0  -2   0  -1   5  -1  -1  -1  -2  -2  -2  -1  -2  -3  -2   4   2  -3  -2  -2    0   0   0   0  22   0   0   0   0   0   0   0   0   0   0  65  13   0   0   0  0.57 0.10
   37 R    -2   2   6   0  -3  -1  -1  -1   0   0  -2   0  -2  -3  -3   0  -1  -4  -2  -2    0  13  72   0   0   0   0   0   0  14   0   0   0   0   0   0   0   0   0   0  0.64 0.10
   38 L     4  -1  -2  -2  -1   1  -1  -1  -2  -1   0   0  -1  -2  -1   1   0  -3  -2  -1   61   0   0   0   0  11   0   0   0   0  13   7   0   0   0   8   0   0   0   0  0.29 0.06
   39 G     0  -3  -1  -2  -3  -2  -3   6  -3  -4  -4  -2  -3  -4  -3  -1  -2  -3  -4  -4    0   0   0   0   0   0   0 100   0   0   0   0   0   0   0   0   0   0   0   0  1.34 0.12
   40 G     2  -3  -1  -2  -2  -2  -2   5  -2  -3  -3  -2  -3  -3  -2   0  -2  -3  -3  -3   25   0   0   0   0   0   0  75   0   0   0   0   0   0   0   0   0   0   0   0  0.91 0.09
   41 I    -2  -3  -4  -4  -2  -3  -3  -4  -3   3   3  -3   1   3  -3  -3  -2  -2   0   1    0   0   0   0   0   0   0   0   0  28  56   0   0  16   0   0   0   0   0   0  0.46 0.06
   42 G     1  -3  -1  -2  -3  -2  -2   6  -3  -4  -4  -2  -3  -4  -2  -1  -2  -3  -3  -3   14   0   0   0   0   0   0  86   0   0   0   0   0   0   0   0   0   0   0   0  1.07 0.10
   43 S     0  -2   0  -1   2  -1  -1  -1  -2   1  -2  -1  -1  -2  -2   4   2  -3  -2  -1    0   0   0   0   7   0   0   0   0  16   0   0   0   0   0  62  15   0   0   0  0.36 0.08
   44 I    -2  -3  -4  -4  -2  -3  -4  -4  -3   4   3  -3   1   0  -3  -3  -1  -3  -2   2    0   0   0   0   0   0   0   0   0  51  49   0   0   0   0   0   0   0   0   0  0.52 0.08
   45 P     1  -3  -1  -2  -2  -2  -2   4  -2  -3  -3  -2  -3  -4   4   0  -1  -3  -3  -3   19   0   0   0   0   0   0  53   0   0   0   0   0   0  28   0   0   0   0   0  0.84 0.07
   46 M     2  -2  -2  -2  -1  -1  -2  -1  -2   2   1  -2   2  -1  -2   1   0  -3  -2   1   38   0   0   0   0   0   0   0   0  16  14   0  13   0   0  11   0   0   0   8  0.19 0.04
   47 G     0  -2  -1  -2  -2  -2  -2   5  -2  -1  -2  -2  -2  -3  -2   1   0  -3  -3   0    0   0   0   0   0   0   0  62   0   0   0   0   0   0   0  14   8   0   0  16  0.58 0.07
   48 S     2  -2  -1  -2  -2  -1  -1   1   4  -2  -2  -1  -2   0  -2   1  -1   0   4  -2   31   0   0   0   0   0   0   8  14   0   0   0   0   0   0  13   0   0  33   0  0.36 0.07
   49 L    -1  -2  -2  -3  -2  -2  -2  -3   3   0   2  -2   2   3  -3   0  -1  -1   1  -1    0   0   0   0   0   0   0   0  16   0  39   0   8  22   0  16   0   0   0   0  0.25 0.06
   50 S     1  -1   3   2  -2  -1   0  -1  -1  -3  -3  -1  -2  -3  -2   3   2  -3  -2  -2    8   0  23  14   0   0   0   0   0   0   0   0   0   0   0  36  18   0   0   0  0.39 0.06
   51 E     1  -2  -1  -1  -2  -1   1  -2  -2  -1  -2  -1  -1   2   4   0   1  -2  -1   0   16   0   0   0   0   0  13   0   0   0   0   0   0  14  27   7  15   0   0   8  0.37 0.04
   52 K    -1   2   0   3  -4   2   2  -2  -1  -3  -3   3  -2  -4  -2  -1  -1  -3  -2  -3    0  14   0  26   0   8  16   0   0   0   0  36   0   0   0   0   0   0   0   0  0.50 0.06
   53 C     0   0   0   0   4   0   0   0   0  -1  -1   1   0  -1   0   0   0  -1  -1  -1    6   4   3   4  15   3   5   5   2   4   7  19   2   3   4   5   4   1   2   5  0.06 0.00
   54 D     0   0   0   2  -1   0   0   0  -1   0   0   0   0  -1   0   0   0  -1  -1   1    6   4   3  17   1   3   5   5   2   4   7   4   2   3   4   5   4   1   2  19  0.03 0.00
   55 A     1   3  -1  -2  -3   2   0   0  -1  -2   0   3  -1  -3  -2  -1  -1  -3  -2  -2   13  23   0   0   0  15   0   8   0   0  11  30   0   0   0   0   0   0   0   0  0.28 0.05
   56 I     1  -3  -3  -3  -2  -2  -3   0  -3   2   3  -2   1   0  -3  -2  -1  -2  -2   1   15   0   0   0   0   0   0   8   0  13  63   0   0   0   0   0   0   0   0   0  0.31 0.06
   57 E    -1   3  -1   0  -4   1   5  -3  -1  -4  -3   2  -2  -4  -2  -1  -1  -3  -2  -3    0  24   0   0   0   0  62   0   0   0   0  14   0   0   0   0   0   0   0   0  0.68 0.09
   58 T     1   0   0   1  -2   3   0  -1  -1  -1   0   1  -1  -2  -2   1   1  -3  -2  -1   16   0   0   8   0  25   0   0   0   0  14   8   0   0   0  16  13   0   0   0  0.18 0.04
   59 Q    -1  -1  -1   0  -3   3   3  -3  -1  -1   0   0   3  -2  -2  -1  -1  -3  -2   0    0   0   0   0   0  24  38   0   0   0   8   0  22   0   0   0   0   0   0   8  0.35 0.07
   60 L    -2  -3  -4  -4  -2  -3  -3  -4  -3   4   3  -3   1   0  -3  -3  -1  -3  -2   2    0   0   0   0   0   0   0   0   0  49  37   0   0   0   0   0   0   0   0  14  0.47 0.06
   61 E    -1   3   0   1  -2   1   2  -2  -1  -2  -2   2  -2  -3  -2   1   2  -3  -2  -2    0  24   0   8   0   7  13   0   0   0   0  11   0   0   0  14  23   0   0   0  0.32 0.04
   62 N    -2  -1   2   0  -3   2   3  -2   0  -3  -3   1  -2  -1  -2  -1  -1   6   3  -3    0   0  13   0   0  14  34   0   0   0   0   7   0   0   0   0   0  16  15   0  0.52 0.07
   63 F    -1  -3  -3  -3  -2  -3  -3  -3  -3   3   1  -3   0   3  -3  -2   1  -1   0   2    0   0   0   0   0   0   0   0   0  27   7   0   0  28   0   0  15   0   0  23  0.30 0.05
   64 D     0   4  -1   2  -3   2   2  -2  -1  -3  -2   1  -2   1  -2  -1  -1  -2  -1  -2    8  38   0  13   0  14  16   0   0   0   0   0   0  11   0   0   0   0   0   0  0.36 0.06
   65 E     1  -1   0   2  -3   2   4   1  -1  -3  -3   0  -2  -3  -2   0  -1  -3  -3  -2   15   0   0  14   0   8  47  15   0   0   0   0   0   0   0   0   0   0   0   0  0.46 0.06
   66 L    -2  -2  -2  -3  -2   2  -2  -3   3   0   4  -2   1  -1  -3  -2  -2  -2  -1   0    0   0   0   0   0  14   0   0  16   0  70   0   0   0   0   0   0   0   0   0  0.39 0.08
   67 V    -1  -2  -1  -2  -1  -2  -2  -2  -3   0  -1  -2  -1  -2  -2   0   5  -3  -2   2    0   0   0   0   0   0   0   0   0   0   0   0   0   0   0   0  72   0   0  28  0.53 0.10
   68 G     1  -1   0  -1  -1   0  -1   3  -1  -1  -1   0  -1  -1   0   0   0  -1  -1  -1   19   3   3   3   1   2   4  33   1   3   5   3   1   2   3   4   3   1   2   4  0.18 0.01
   69 D    -1  -2   1   6  -3  -1   1   2  -2  -4  -4  -1  -3  -4  -2   1  -1  -4  -3  -3    0   0   0  69   0   0   0  16   0   0   0   0   0   0   0  15   0   0   0   0  0.78 0.09
   70 S     0   2   1   0  -2   1   2  -1  -1  -2  -1   3  -1  -3  -1   1   0  -3  -2  -2   11   8   8   0   0   7  14   0   0   0   7  32   0   0   0  13   0   0   0   0  0.25 0.04
   71 G     0   0   0   0  -1   0   1   2   0  -1  -1   0  -1  -1   0   0   0  -1  -1  -1    6   4   3   4   1   3  19  19   2   4   7   4   2   3   4   5   4   1   2   5  0.08 0.00
   72 R     0   2   0   0  -1   0   0   2   0  -1  -1   0  -1  -1   0   0   0  -1  -1  -1    6  17   3   4   1   3   5  20   2   4   7   4   2   3   4   5   4   1   2   5  0.07 0.00
   73 I    -1  -2   2  -1  -3  -2  -2  -2  -2   0  -2  -1  -2  -3   7   0  -1  -4  -3  -2    0   0  14   0   0   0   0   0   0  13   0   0   0   0  65   8   0   0   0   0  1.20 0.10
   74 V    -2  -3  -3  -4  -2  -3  -3  -4  -1   0   1  -3   0   5  -4  -3  -2   0   4   1    0   0   0   0   0   0   0   0   0   0  14   0   0  49   0   0   0   0  23  13  0.61 0.08
   75 N     0  -1   5   0  -3   1  -1   3  -1  -4  -4  -1  -2  -3  -2   0  -1  -3  -3  -3    7   0  51   0   0  11   0  31   0   0   0   0   0   0   0   0   0   0   0   0  0.59 0.08
   76 L    -1  -3  -4  -4  -1  -3  -3  -4  -3   3   2  -3   1  -1  -3  -2  -1  -3  -2   4    0   0   0   0   0   0   0   0   0  19  28   0   0   0   0   0   0   0   0  54  0.43 0.06
   77 N    -2  -1   6   3  -3  -1   0  -1   0  -4  -4  -1  -3  -4  -3   0  -1  -4  -3  -4    0   0  84  16   0   0   0   0   0   0   0   0   0   0   0   0   0   0   0   0  0.99 0.12
   78 F    -1  -3  -3  -4  -2  -3  -3  -4  -3   1   2  -3   1   4  -3  -2  -1  -1   0   3    0   0   0   0   0   0   0   0   0   0  30   0   0  28   0   0   0   0   0  42  0.39 0.06
   79 F    -3  -3  -4  -4  -3  -4  -4  -4  -2   0   1  -4   0   7  -4  -3  -3   0   2  -1    0   0   0   0   0   0   0   0   0   0  16   0   0  84   0   0   0   0   0   0  0.96 0.11
   80 A     1  -3  -3  -4   7  -3  -3  -3  -3   1   1  -3   0  -2  -3  -1  -1  -3  -2   2   13   0   0   0  38   0   0   0   0   0  16   0   0   0   0   0   0   0   0  33  0.52 0.07
   81 H    -2  -2  -1  -2  -4  -1  -1  -3   7  -4  -4  -1  -3  -3   6  -1  -2  -4   0  -3    0   0   0   0   0   0   0   0  51   0   0   0   0   0  49   0   0   0   0   0  1.33 0.12
   82 K    -1   2  -1   2  -2   0   0  -2  -1  -1   0   1  -1  -2   3   1   0  -3  -2  -1    0  16   0  14   0   0   0   0   0   0  11  13   0   0  16  22   0   0   0   8  0.24 0.04
   83 E    -1  -1  -1   1  -3   1   1   1   2   0  -2   1  -1  -3   4  -1  -1  -3  -2  -1    0   0   0   7   0   8  13  11   7  14   0  16   0   0  24   0   0   0   0   0  0.33 0.04
   84 P     1  -1  -2  -2  -2   1  -1   0  -1  -1   0   0  -1  -1   2  -1  -1  -1   2   0   15   0   0   0   0  15   0   8   0   0  11   7   0   0  13   0   0   0  16  14  0.15 0.03
   85 R    -1   2   0   2  -3   2   1  -2  -1   0   0   0  -1  -2  -2   1  -1  -3  -2  -1    0  21   0  14   0  16  11   0   0  16   7   0   0   0   0  15   0   0   0   0  0.19 0.04
   86 S     2  -1  -1  -2  -2  -1  -1   2  -1  -2  -1   1   1   0  -2   1  -1  -1   3  -1   24   0   0   0   0   0   0  16   0   0   0  14  11   0   0  13   0   0  22   0  0.20 0.05
   87 G     1  -2  -1   3  -2  -1  -1   1  -2  -1  -2  -1  -2  -3   4   0   1  -3  -3  -1   16   0   0  24   0   0   0  13   0   7   0   0   0   0  25   0  15   0   0   0  0.42 0.05
   88 R     1   1   1  -1  -2   0   1  -2  -1  -3  -3   0  -2  -3   4   1   1  -3  -2  -2   15  13   7   0   0   0  16   0   0   0   0   0   0   0  26   8  14   0   0   0  0.44 0.04
   89 A     1  -1  -1   2  -2   0   2  -2  -1   0  -1  -1  -1  -2   3   0  -1  -3  -2   1   14   1   0  15   0   0  24   1   0   8   1   1   0   0  16   1   1   0   0  15  0.25 0.03
   90 D     0   1   0   3  -3   2   3  -2  -1  -2   0   0  -1  -3  -2  -1  -1  -3  -2  -2    8   8   0  24   0   8  38   0   0   0  14   0   0   0   0   0   0   0   0   0  0.36 0.05
   91 V     0   0   1  -1  -3   4   0   1   3  -2  -2   0  -1  -3  -2  -1  -1  -3  -1   0    8   0   8   0   0  41   0  16  14   0   0   0   0   0   0   0   0   0   0  13  0.30 0.07
   92 N    -2  -2   2  -2  -2  -1  -2  -3   3   1  -1  -2   3  -1  -3  -1   1   7   0  -1    0   0  13   0   0   0   0   0  16  11   0   0  22   0   0   0  14  24   0   0  0.48 0.08
   93 E     0   2   2  -1  -2   0   1  -2  -1  -1   1   1   0  -2  -2   0  -1  -3  -2  -1   14  16  22   0   0   0  13   0   0   0  24  11   0   0   0   0   0   0   0   0  0.16 0.04
   94 E     2  -1   2   1  -2   0   1  -1  -1  -2  -2   1  -2  -3  -1   1   1  -3  -2  -1   30   0  14   8   0   0  13   0   0   0   0  11   0   0   0   8  16   0   0   0  0.25 0.04
   95 W    -3  -3  -4  -5  -3  -3  -4  -3  -2  -2  -2  -4  -2   4  -4  -3  -3  10   3  -3    0   0   0   0   0   0   0   0   0   0   0   0   0  24   0   0   0  68   8   0  2.04 0.15
   96 L     1  -2  -3  -3  -2  -2  -2  -3  -3   1   3   0   1  -1  -3  -2  -1  -2  -2   1   14   0   0   0   0   0   0   0   0   0  59  11   0   0   0   0   0   0   0  16  0.26 0.05
   97 K     1   1   0   2  -3   1   2  -2  -1  -3  -3   4  -2  -3  -1   0  -1  -4  -2  -2   15   0   0  16   0   0  11   0   0   0   0  58   0   0   0   0   0   0   0   0  0.44 0.07
   98 K    -1  -1   1   2  -3  -1  -1  -2  -2  -2   0   1  -2  -3   6  -1  -1  -4  -3  -2    0   0  11  16   0   0   0   0   0   0  14  13   0   0  46   0   0   0   0   0  0.75 0.07
   99 Y    -2  -2  -3  -4  -2  -2  -3  -4   2   1   2  -2   0   2  -3  -2  -2   0   6   0    0   0   0   0   0   0   0   0   8  11  32   0   0   0   0   0   0   0  50   0  0.55 0.08
  100 D    -2   3  -1   1  -3  -1  -1  -3  -1  -1   1   0  -1   3   2  -2  -2  -2   0  -2    0  36   0  13   0   0   0   0   0   0  16   0   0  24  11   0   0   0   0   0  0.28 0.06
  101 K     1   2  -1  -1  -2   0   1  -2  -1  -1   0   3  -1  -2  -2  -1  -1  -3  -2   1   16  15   0   0   0   0   8   0   0   0  11  35   0   0   0   0   0   0   0  16  0.19 0.04
  102 I     2   2  -1  -1  -2   0   1  -1  -1   0  -1   1  -1  -2  -2   1   0  -3  -2  -1   33  16   0   0   0   0  16   0   0  13   0   8   0   0   0  14   0   0   0   0  0.19 0.04
  103 Y    -2  -2   1  -3  -3  -2  -3  -3   0  -1   1  -2   2   4  -3  -2  -2   0   5  -1    0   0  11   0   0   0   0   0   0   0  15   0  14  23   0   0   0   0  37   0  0.46 0.07
  104 G    -1  -1   3   0  -3   1   1   4   2  -4  -4  -1  -2  -3  -2   0  -1  -3  -2  -3    0   0  29   0   0  11   8  45   8   0   0   0   0   0   0   0   0   0   0   0  0.55 0.07
  105 K     1  -1  -2  -2  -1  -1  -2  -2  -2   2   1   0   0  -1  -2   0   0  -3  -2   2   16   0   0   0   0   0   0   0   0  23  15  13   0   0   0   8   0   0   0  25  0.14 0.03
  106 A     1   1   2   2  -2  -1   0  -1  -1   0  -1   0  -1  -2  -2   1   0  -3  -2   1   21   8  14  16   0   0   0   0   0   7   0   8   0   0   0  11   0   0   0  15  0.13 0.03
  107 G    -1   2   2  -1  -2   0   1   1  -1  -1   1   1   0  -2  -2  -1  -1  -3  -2   0    0  16  14   0   0   0  14  13   0   0  24   8   0   0   0   0   0   0   0  11  0.10 0.03
  108 I    -1   1  -1  -2  -2   3  -1  -3  -1   3   0   1   1  -2  -2   0  -1  -3  -2   1    0   8   0   0   0  27   0   0   0  43   0   8   7   0   0   8   0   0   0   0  0.20 0.06
  109 E    -1   2   1   1  -3   1   3  -2  -1  -3  -3   2  -2  -3  -2   1   1  -3  -2  -2    0  16   8   8   0   0  32   0   0   0   0  14   0   0   0   7  15   0   0   0  0.36 0.05
  110 F     0  -1   0  -1  -1  -1  -1  -1  -1  -1   0  -1   0   3   0   1   0   0   1  -1    4   3   3   3   1   2   4   4   1   3   5   3   1  30   3  20   3   1   2   4  0.09 0.01
  111 D     0  -1   0   3  -1   0   1   0  -1  -1  -1   0  -1  -1   0   1   0  -1  -1  -1    4   3   3  31   1   2   4   4   1   3   5   3   1   2   3  20   3   1   2   4  0.17 0.01
  112 K     1   0   2   0  -1   0   0   0   0  -1  -1   1  -1  -1   0   0   0  -1  -1  -1   20   3  17   3   1   2   4   4   1   3   5  17   1   2   3   4   3   1   2   4  0.08 0.01
  113 K     0   0   0   0  -1   0   0   3  -1  -1  -1   1  -1  -1   0   0   0  -1  -1  -1    4   3   3   3   1   2   4  34   1   3   5  17   1   2   3   4   3   1   2   4  0.17 0.01
  114 E     0   0   2   0  -1   0   1   2   0  -1  -1   0  -1  -1   0   0   0  -1  -1  -1    4   3  17   3   1   2  17  20   1   3   5   3   1   2   3   4   3   1   2   4  0.13 0.01
  115 L    -1  -2  -2  -1  -2  -1   3  -3  -2   2   2  -1   0  -1  -2  -2  -1  -3  -2   2    0   0   0   0   0   0  33   0   0  24  29   0   0   0   0   0   0   0   0  14  0.24 0.05
  116 K    -1   0  -1  -1  -3   0   1  -2   4  -2  -2   2  -1   0  -2  -1  -1   5   4  -2    1   1   1   1   0   1  16   1  16   1   1  21   0   1   1   1   1  11  24   1  0.38 0.05
  117 L    -1  -1  -1   1  -2   2   0  -2  -1   1   1  -1   0  -1  -2  -1   1  -2  -1   0    1   1   1  12   0  23   1   1   0  17  23   1   0   1   1   1  16   0   0   1  0.12 0.03
  118 L     0  -1   0   1  -2   3   0  -1  -1  -2   0   0  -1  -2  -2   3   0  -3  -2  -2    0   0   0  11   0  22   0   0   0   0  13   0   0   0   0  54   0   0   0   0  0.32 0.08
  119 Y    -2  -3  -3  -4  -3  -3  -3  -4  -1  -1  -1  -3  -1   6   3  -3  -2   0   4  -2    0   0   0   0   0   0   0   0   0   0   0   0   0  71  16   0   0   0  13   0  0.88 0.10
  120 P    -1   1  -1  -2  -3   0  -1  -3  -1  -1   0   4  -1  -1   2  -1  -1  -2   2   0    0   0   0   0   0   0   0   0   0   0  16  52   0   0  13   0   0   0  11   8  0.30 0.07
  121 S     2  -1   0   1   2   1   2   2  -1  -3  -3   0  -2  -3  -2   2   0  -3  -2  -2   22   0   0   7   8  11  16  16   0   0   0   0   0   0   0  20   0   0   0   0  0.27 0.04
  122 F    -2  -2  -1   4  -3  -2  -1  -3   0  -2  -1  -2  -1   4  -3  -1  -2   0   4  -2    0   0   0  39   0   0   0   0   0   0   0   0   0  39   0   0   0   0  23   0  0.48 0.04
  123 R    -1   2  -1  -1  -3   3   2  -2  -1  -3  -2   1  -1   1   4  -1  -1  -2  -1  -2    0  19   0   0   0  23  20   0   0   0   0   0   0  13  26   0   0   0   0   0  0.48 0.03
  124 S     0   0   0   0  -1   0   0   0   0  -1  -1   2  -1  -1   0   1   0  -1  -1  -1    5   3   3   3   1   3   4   5   1   3   6  23   1   2   3  23   4   1   2   4  0.09 0.00
  125 I     0   0   0   0  -1   0   2  -1  -1   1   0   0   0  -1   0   0   0  -1  -1   0    5   3   3   3   1   3  23   5   1  22   6   4   1   2   3   4   4   1   2   4  0.04 0.00
  126 V     0   0   2   0  -1   0   0   0   0   0   0   0   0  -1   0   0   0  -1  -1   1    5   3  22   3   1   3   4   5   1   3   6   4   1   2   3   4   4   1   2  23  0.04 0.00
  127 D     1   0   0   2  -1   0   0   0  -1  -1  -1   0  -1  -1   0   0   0  -1  -1  -1   24   3   3  22   1   3   4   5   1   3   6   4   1   2   3   4   4   1   2   4  0.10 0.00
  128 P     0  -1  -1  -1  -1   0   0  -1  -1   0   1  -1   0  -1   4   0   0  -1  -1   0    5   3   3   3   1   3   4   5   1   3  25   4   1   2  22   4   4   1   2   4  0.19 0.00
  129 Q     0   0   0   0  -1   4   1  -1   0  -1  -1   1   0  -1   0   0   0  -1  -1  -1    5   3   3   3   1  41   4   5   1   3   6   4   1   2   3   4   4   1   2   4  0.17 0.01
  130 H    -1   0   0   2  -1   0   0  -1   4  -1  -1   0  -1  -1   0   0   0  -1   0  -1    5   3   3  23   1   3   4   5  20   3   6   4   1   2   3   4   4   1   2   4  0.13 0.00
  131 P     1  -2  -2  -2  -2  -2  -2  -2  -2  -2  -2  -1  -1   2   5   0   1  -2   0  -1   25   0   0   0   0   0   0   0   0   0   0   0   0  20  42   0  13   0   0   0  0.65 0.03
  132 T     1  -1  -2  -2  -2  -1  -2  -2   2   0   2   0   2   2  -2  -1   1  -2   0   0   17   0   0   0   0   0   0   0   8   0  25  10  17  12   0   0  12   0   0   0  0.11 0.03
  133 V    -1  -2  -3  -3  -2   1  -2  -4  -3   3   3  -2   1   0  -3  -2  -1  -2  -1   2    0   0   0   0   0  12   0   0   0  35  42   0   0   0   0   0   0   0   0  12  0.31 0.04
  134 R     0   1   0   4  -3   1   1  -2  -1  -3  -3   0  -2  -2   1  -1  -1  -2   2  -3    8  12   0  44   0   8   9   0   0   0   0   0   0   0   9   0   0   0  12   0  0.41 0.04
  135 L    -1  -2  -3  -3  -1  -2  -2  -3  -3   1   3  -2   3   0  -3  -1   1  -2  -1   2    0   0   0   0   0   0   0   0   0   0  42   0  18   0   0   0  16   0   0  24  0.30 0.04
  136 L     1  -2  -2  -3  -1  -2  -2  -2  -2   2   2  -2   1   1  -2   0   0  -2  -1   2   17   0   0   0   0   0   0   0   0  18  29   0   0   8   0  12   0   0   0  17  0.17 0.02
  137 K    -2  -2  -2   1  -2  -2  -2  -3  -2   2   2   0   1   2  -3  -2  -1  -2   0   1    0   0   0  12   0   0   0   0   0  25  35  12   0  17   0   0   0   0   0   0  0.18 0.03
  138 N     1   0   1   0  -3   1   3   1  -1  -3  -3   2  -2  -3  -1   0  -1  -3  -2  -2   17   0  12   0   0   0  34  12   0   0   0  26   0   0   0   0   0   0   0   0  0.33 0.04
  139 L    -2   0  -1  -1  -3   0   2  -3   4  -2   0   1  -1   2  -2  -1  -1  -1   3  -2    0   0   0   0   0   0  25   0  17   0  12  17   0  12   0   0   0   0  18   0  0.26 0.04
  140 K    -1   3   0   2  -3   2   0   0  -1  -3  -3   3  -2  -3  -2  -1  -1  -3  -2  -3    0  28   0  17   0   8   0   9   0   0   0  38   0   0   0   0   0   0   0   0  0.44 0.04
  141 P    -1  -3  -3  -3  -2  -2  -2  -3  -3   2  -1  -2  -1  -2   6  -2  -1  -4  -2   2    0   0   0   0   0   0   0   0   0  17   0   0   0   0  48   0   0   0   0  35  0.85 0.06
  142 K     2   2  -1  -2  -2   0   0  -2  -1  -3  -3   3  -2  -3   4   0  -1  -3  -2  -2   25  17   0   0   0   0   0   0   0   0   0  33   0   0  25   0   0   0   0   0  0.51 0.05
  143 I     2  -3  -3  -3  -1  -2  -2  -2  -3   3   2  -2   1  -1  -2  -1  -1  -3  -2   2   27   0   0   0   0   0   0   0   0  31  17   0   0   0   0   0   0   0   0  25  0.25 0.03
  144 V    -1  -3  -3  -4   6  -3  -3  -4  -4   3   0  -3   0  -1  -3  -2  -1  -3  -2   3    0   0   0   0  26   0   0   0   0  28   0   0   0   0   0   0   0   0   0  46  0.49 0.06
  145 S     2  -2   0  -1   4  -1  -1  -1  -2  -2  -2  -1  -2  -3  -1   4   1  -3  -2  -2   17   0   0   0  16   0   0   0   0   0   0   0   0   0   0  67   0   0   0   0  0.49 0.07
  146 F    -2  -3  -3  -3  -3  -3  -3  -3  -2  -1   0  -3  -1   7  -3   1  -2   0   2  -1    0   0   0   0   0   0   0   0   0   0   0   0   0  83   0  17   0   0   0   0  0.79 0.08
  147 H     1  -1   0  -2  -2   0  -1  -2   6  -2  -2  -1  -2  -2  -2   0   3  -3   0  -2   17   0   0   0   0   0   0   0  48   0   0   0   0   0   0   0  35   0   0   0  0.54 0.07
  148 F    -3  -3  -4  -4  -3  -4  -4  -4  -2   0   1  -4   0   7  -4  -3  -2   0   2  -1    0   0   0   0   0   0   0   0   0   0  17   0   0  83   0   0   0   0   0   0  0.88 0.08
  149 G     0  -3  -1   1  -3  -2  -2   6  -2  -4  -4  -2  -3  -4  -3  -1  -2  -3  -4  -4    0   0   0  10   0   0   0  90   0   0   0   0   0   0   0   0   0   0   0   0  1.09 0.07
  150 L     0  -2  -2  -3  -2  -2  -2  -3   2   2   2  -2   1  -1   3  -2  -1  -3  -1   1    9   0   0   0   0   0   0   0  12  25  38   0   0   0  17   0   0   0   0   0  0.28 0.04
  151 P    -1  -3  -3  -2  -3  -2  -2  -3  -3  -3  -4  -2  -3  -4   8  -1  -2  -4  -4  -3    0   0   0   0   0   0   0   0   0   0   0   0   0   0 100   0   0   0   0   0  2.28 0.11
  152 H     0  -1  -1  -1  -2  -1   1  -2   3  -3  -3  -1  -2  -3   6   2   0  -4  -2  -3    0   0   0   0   0   0   9   0  12   0   0   0   0   0  44  35   0   0   0   0  0.83 0.06
  153 E     0   1  -1   0  -3   3   3  -2  -1  -3  -3   2  -2  -3   3   0  -1  -3  -2  -2    8   9   0   0   0  18  29   0   0   0   0  20   0   0  17   0   0   0   0   0  0.48 0.04
  154 A     1  -1   0   4  -2   1   1  -1  -1  -3  -3   0  -2  -3  -1   2   1  -3  -3  -2   12   0   0  43   0   8   8   0   0   0   0   0   0   0   0  21   9   0   0   0  0.44 0.04
  155 V     0  -2  -2  -2  -1   0  -1  -2  -2   2   1  -1   0  -1  -2   0   1  -3  -2   2   10   0   0   0   0   9   0   0   0  16  17   0   0   0   0   9  12   0   0  28  0.14 0.02
  156 I    -1  -3  -4  -4  -1  -3  -3  -4  -4   4   1  -3   1  -1  -3  -2  -1  -3  -2   3    0   0   0   0   0   0   0   0   0  65   0   0   0   0   0   0   0   0   0  35  0.52 0.06
  157 E     0   1   0   2  -3   1   4  -2  -1  -3  -3   1  -2  -3  -1   1  -1  -3  -2  -3    8   9   0   9   0   0  57   0   0   0   0  10   0   0   0   8   0   0   0   0  0.50 0.05
  158 S     1   3  -1  -1  -2   1   2  -2   0  -3  -2   1  -1  -1  -2   1  -1  -2   2  -2   18  25   0   0   0   8  17   0   0   0   0   9   0   0   0  12   0   0  12   0  0.26 0.03
  159 L     1  -2  -3  -4  -1  -2  -3  -3  -3   1   4  -2   1   0  -3  -2  -1  -2  -2   0   17   0   0   0   0   0   0   0   0   0  83   0   0   0   0   0   0   0   0   0  0.44 0.06
  160 Q    -1   1   0  -1  -3   4   1  -2   4  -3  -3   4  -1  -3  -2  -1  -1  -3  -1  -3    0   0   0   0   0  32   0   0  17   0   0  51   0   0   0   0   0   0   0   0  0.56 0.07
  161 A     2   0   2   1  -2   0   1   1  -1  -2  -3   2  -2  -3  -1   0   1  -3  -2  -2   28   0  17   9   0   0   9   8   0   0   0  19   0   0   0   0  10   0   0   0  0.23 0.03
  162 S     3   1  -1  -2  -1  -1  -1  -1   3   0  -1  -1  -1  -2  -2   1   0  -3  -1   0   43   9   0   0   0   0   0   0  17  12   0   0   0   0   0  12   0   0   0   9  0.19 0.04
  163 D    -1  -1   1   3  -3  -1   0   4   2  -4  -4   0  -3  -3  -2   0  -1  -3  -2  -3    0   0   8  28   0   0   0  47   9   0   0   8   0   0   0   0   0   0   0   0  0.55 0.04
  164 I    -1  -3  -4  -4   3  -3  -3  -4  -4   4   1  -3   1  -1  -3  -2  -1  -3  -2   3    0   0   0   0  10   0   0   0   0  65   0   0   0   0   0   0   0   0   0  25  0.48 0.06
  165 K    -1   2  -1  -2   3   0  -1  -3  -2   0   1   2   0  -2  -2  -1   0  -3  -2   0    0  16   0   0  10   0   0   0   0   0  28  29   0   0   0   0   8   0   0   9  0.17 0.03
  166 I    -1  -3  -4  -4  -1  -3  -3  -4  -3   3   3  -3   1   0  -3  -3  -1  -2  -1   3    0   0   0   0   0   0   0   0   0  23  51   0   0   0   0   0   0   0   0  25  0.42 0.04
  167 F     1  -3  -3  -3  -2  -3  -3  -3  -3   3   2  -3   1   3  -3  -2  -1  -1   0   1   17   0   0   0   0   0   0   0   0  35  25   0   0  23   0   0   0   0   0   0  0.27 0.04
  168 V     2  -2  -2  -2  -1  -2  -2   3  -3   0  -1  -2  -1  -2  -2   0  -1  -3  -2   2   33   0   0   0   0   0   0  35   0   0   0   0   0   0   0   0   0   0   0  32  0.33 0.04
  169 T    -1  -2  -1  -2   5  -1  -2  -2  -2  -1   1  -2   0  -2  -2   1   4  -3  -2   0    0   0   0   0  18   0   0   0   0   0  17   0   0   0   0   8  58   0   0   0  0.41 0.06
  170 V     4  -2  -2  -2  -1  -1  -2  -1  -2   0  -1  -1  -1  -2  -1   0   0  -3  -2   2   80   0   0   0   0   0   0   0   0   0   0   0   0   0   0   0   0   0   0  20  0.43 0.07
  171 T     0  -2   0  -1  -1  -1  -1   2  -2  -2  -2  -1  -1  -3  -2   2   5  -3  -2  -1    0   0   0   0   0   0   0  17   0   0   0   0   0   0   0  10  73   0   0   0  0.52 0.07
  172 N     0  -1   3   0  -2  -1  -1  -1  -1  -2  -2  -1  -2  -3  -2   3   4  -3  -2  -1    0   0  28   0   0   0   0   0   0   0   0   0   0   0   0  29  43   0   0   0  0.46 0.06
  173 L     1  -2  -3  -3  -1  -2  -2  -3  -3   1   2  -2   1  -1   1  -1  -1  -3  -2   3   17   0   0   0   0   0   0   0   0   0  28   0   0   0   9   0   0   0   0  46  0.26 0.04
  174 Q     0   2   0   2  -3   4   3  -2   0  -3  -3   1  -2  -3  -2   0  -1  -3  -2  -3    9  12   0  16   0  36  27   0   0   0   0   0   0   0   0   0   0   0   0   0  0.49 0.05
  175 E    -1  -1  -1   1  -4   1   5  -3   4  -4  -3   0  -2  -3  -2  -1  -1  -3  -1  -3    0   0   0   0   0   0  83   0  17   0   0   0   0   0   0   0   0   0   0   0  0.83 0.08
  176 F     4  -2  -2  -2  -1  -2  -2  -1  -2  -1  -1  -1  -1   1  -2   0  -1  -2  -1   1   77   0   0   0   0   0   0   0   0   0   0   0   0  12   0   0   0   0   0  12  0.37 0.06
  177 Q     1   3  -1  -2  -2   2  -1  -2  -1   2   0   0   0  -2  -2  -1  -1  -3  -2   0   16  28   0   0   0  20   0   0   0  25  10   0   0   0   0   0   0   0   0   0  0.19 0.04
  178 Q     1   2  -1  -2  -2   3   0  -2  -1  -1   1   0   0  -2  -2  -1  -1  -2  -2  -1   25  17   0   0   0  28   0   0   0   0  30   0   0   0   0   0   0   0   0   0  0.20 0.04
  179 A     1  -1   3  -1  -2  -1  -1  -2   3   0   0  -1   1  -1  -2   0  -1  -3  -1   1   20   0  25   0   0   0   0   0  17   0  12   0  10   0   0   0   0   0   0  16  0.15 0.04
  180 Y     2  -1  -1   0  -3   1   4  -2   0  -3  -3   0  -2  -2  -2   0  -1  -2   2  -2   28   0   0   0   0   0  60   0   0   0   0   0   0   0   0   0   0   0  12   0  0.46 0.06
  181 E     2   1  -1  -1  -2   0   2  -1   4  -3  -2   1  -2  -3  -1   1  -1  -3  -1  -2   33  12   0   0   0   0  21   0  17   0   0   8   0   0   0   9   0   0   0   0  0.28 0.04
  182 S     4   1  -2  -2  -1  -1  -1  -1  -2  -1   0  -1  -1  -2  -1   1   0  -3  -2  -1   67  10   0   0   0   0   0   0   0   0  12   0   0   0   0  12   0   0   0   0  0.31 0.05
  183 K     0  -2  -1  -2  -3  -2  -2   6  -2  -4  -4   1  -3  -4  -2  -1  -2  -3  -3  -4    0   0   0   0   0   0   0  88   0   0   0  12   0   0   0   0   0   0   0   0  1.04 0.07
  184 L     0  -2  -3  -3  -1  -2  -3  -3  -3   2   2  -2   4  -1  -3  -2  -1  -2  -1   3    9   0   0   0   0   0   0   0   0  12  12   0  35   0   0   0   0   0   0  33  0.32 0.05
  185 D    -2  -2   2   6  -4  -1   1  -2   2  -4  -4  -1  -3  -4  -2  -1  -1  -4  -3  -4    0   0  12  79   0   0   0   0   9   0   0   0   0   0   0   0   0   0   0   0  0.94 0.08
  186 G     2  -2  -2  -2  -1  -2  -2   2  -2   1   1  -2   1  -1  -2   0  -1  -3  -2   0   33   0   0   0   0   0   0  23   0  18  17   0   9   0   0   0   0   0   0   0  0.20 0.03
  187 V    -1  -3  -3  -4  -1  -3  -3  -4  -4   4   1  -3   1  -1  -3  -2  -1  -3  -2   4    0   0   0   0   0   0   0   0   0  44   9   0   0   0   0   0   0   0   0  47  0.45 0.05
  188 V    -1  -3  -3  -4  -1  -3  -3  -4  -4   3   1  -3   0  -1  -3  -2  -1  -3  -2   5    0   0   0   0   0   0   0   0   0   9   0   0   0   0   0   0   0   0   0  91  0.56 0.08
  189 L     4  -2  -2  -3   4  -2  -2  -1  -2  -1   1  -2   0  -2  -2   0  -1  -3  -2   0   67   0   0   0  12   0   0   0   0   0  21   0   0   0   0   0   0   0   0   0  0.35 0.06
  190 Q    -1   0  -1  -1  -4   7   1  -2   0  -3  -3   1  -1  -4  -2  -1  -1  -3  -2  -3    0   0   0   0   0 100   0   0   0   0   0   0   0   0   0   0   0   0   0   0  1.04 0.11
  191 G     0  -3  -1  -2  -3  -2  -3   6  -3  -4  -4  -2  -3  -4  -3  -1  -2  -3  -4  -4    0   0   0   0   0   0   0 100   0   0   0   0   0   0   0   0   0   0   0   0  1.28 0.08
  192 W     0  -2  -1  -2  -2  -1  -2  -2  -1   1  -1  -1  -1   0  -2   2   2   5   3   0    0   0   0   0   0   0   0   0   0  16   0   0   0   0   0  35  17  12  21   0  0.31 0.05
  193 E    -1  -1  -1   1  -4   1   6  -3  -1  -4  -3   0  -3  -4  -2  -1  -1  -3  -3  -3    0   0   0   0   0   0 100   0   0   0   0   0   0   0   0   0   0   0   0   0  1.01 0.10
  194 A     5  -2  -2  -2  -1  -1  -1   0  -2  -2  -2  -1  -1  -3  -1   1   0  -3  -2  -1  100   0   0   0   0   0   0   0   0   0   0   0   0   0   0   0   0   0   0   0  0.63 0.08
  195 G     0  -3  -1  -2  -3  -2  -3   6  -3  -4  -4  -2  -3  -4  -3  -1  -2  -3  -4  -4    0   0   0   0   0   0   0 100   0   0   0   0   0   0   0   0   0   0   0   0  1.28 0.08
  196 G     0  -3  -1  -2  -3  -2  -3   6  -3  -4  -4  -2  -3  -4  -3  -1  -2  -3  -4  -4    0   0   0   0   0   0   0 100   0   0   0   0   0   0   0   0   0   0   0   0  1.28 0.08
  197 H    -2  -1   0  -2  -4   0  -1  -3   9  -4  -4  -1  -2  -2  -3  -2  -2  -3   1  -4    0   0   0   0   0   0   0   0 100   0   0   0   0   0   0   0   0   0   0   0  1.46 0.13
  198 R    -2   6  -1  -2  -3   0  -1  -3  -1  -3  -2   1  -2  -3  -2  -1   1  -3  -2  -2    0  83   0   0   0   0   0   0   0   0   0   0   0   0   0   0  17   0   0   0  0.80 0.08
  199 G     0  -3  -1  -2  -3  -2  -3   6  -3  -4  -4  -2  -3  -4  -3  -1  -2  -3  -4  -4    0   0   0   0   0   0   0 100   0   0   0   0   0   0   0   0   0   0   0   0  1.28 0.08
  200 N     1  -1   3   0  -2   0   1  -1  -1   0  -1  -1  -1  -2  -2   1   0  -3  -2   1   19   0  23   0   0   0  17   0   0   0   0   0   0   0   0  16   0   0   0  25  0.18 0.03
  201 F    -3  -3  -4  -4  -3  -4  -4  -4  -2  -1   0  -4   0   7  -4  -3  -3   0   3  -1    0   0   0   0   0   0   0   0   0   0   0   0   0 100   0   0   0   0   0   0  1.10 0.09
  202 K    -1  -1  -1   2  -2   0   1  -2  -2   0   2   1   0  -1  -2   0  -1  -3  -2  -1    0   0   0  20   0   0  10   0   0   0  45  14   0   0   0  10   0   0   0   0  0.16 0.03
  203 A     1  -1  -2  -1  -2  -1   1  -2  -2  -1  -2   1  -2  -3   5   0   1  -3  -2   0   14   0   0   0   0   0  10   0   0   0   0  10   0   0  42   0  10   0   0  14  0.65 0.04
  204 N    -1  -1   3   2  -2   1   1  -1  -1  -3  -3   0  -2  -3   2   1   2  -3  -2  -2    0   0  28  10   0  11  10   0   0   0   0   0   0   0  10  11  20   0   0   0  0.36 0.03
  205 D     1   2   2   3  -3   2   1  -1  -1  -3  -3   2  -2  -3  -2   0  -1  -3  -2  -2   20  10  10  28   0  11   0   0   0   0   0  21   0   0   0   0   0   0   0   0  0.32 0.03
  206 V     0  -2   2  -1  -2  -1  -1   2  -1  -1  -2  -1  -1   1   3   1  -1  -2  -1   0    1   1  20   1   0   0   1  23   0   1   1   1   0  10  15  11   1   0   0  14  0.21 0.02
  207 E     0   1   0   0  -2   3   2  -1   0  -2  -1   2  -1  -2   0   0   0  -1  -1  -1    3   2   2   2   1  32  16   3   1   2   4  17   1   2   2   3   2   1   1   3  0.24 0.01
  208 D    -1   1   0   3  -1   0   0  -1  -1  -1   0   0   0  -1   0   0   0  -1  -1  -1    4  12   2  31   1   2   3   4   1   3  15   3   1   2   3   4   3   1   2   3  0.12 0.01
  209 G    -1  -2   0   4  -3   0   2   1  -1  -2  -1  -1  -2  -3  -2   0   0  -3  -3  -2    0   0   0  45   0   0  21  14   0   0  10   0   0   0   0   0  10   0   0   0  0.41 0.04
  210 Q     1   1   1  -1  -2   2   1  -2  -1  -1   1   0   1  -2  -2   0  -1  -3  -2  -1   22  10  14   0   0  14  11   0   0   0  20   0  10   0   0   0   0   0   0   0  0.12 0.02
  211 L    -1  -3  -3  -4  -1  -2  -3  -4  -3   3   3  -3   3   0  -3  -2  -1  -2  -1   3    0   0   0   0   0   0   0   0   0  21  37   0  12   0   0   0   0   0   0  31  0.36 0.04
  212 K     1  -1  -1  -1  -2  -1  -1   5  -2  -3  -3   1  -2  -3  -2   1  -1  -3  -3  -3   11   0   0   0   0   0   0  62   0   0   0  12   0   0   0  14   0   0   0   0  0.63 0.05
  213 T    -1  -2  -1  -2  -1  -1  -1  -2  -2  -1   0  -1  -1  -2  -2   1   5  -3  -2   0    0   0   0   0   0   0   0   0   0   0  12   0   0   0   0   0  88   0   0   0  0.57 0.08
  214 L    -1  -2  -3  -4  -2  -2  -3  -3  -2   2   2  -2   4   3  -3  -2  -1  -1   0   1    0   0   0   0   0   0   0   0   0   7  20   0  37  22   0   0   0   0   0  14  0.35 0.05
  215 D     3  -1  -1   1  -1   2   0  -1  -1  -1  -2  -1  -1  -3  -1   2   0  -3  -2   0   41   0   0  12   0  14   0   0   0   0   0   0   0   0   0  21   0   0   0  11  0.23 0.04
  216 L    -2  -3  -4  -4  -2  -3  -3  -4  -3   1   5  -3   2   0  -3  -3  -2  -2  -1   0    0   0   0   0   0   0   0   0   0   0 100   0   0   0   0   0   0   0   0   0  0.63 0.07
  217 V    -1  -3  -3  -3  -1  -2  -3  -3  -3   3   1  -2   0  -1  -3  -2   1  -3  -2   4    0   0   0   0   0   0   0   0   0  19   0   0   0   0   0   0  10   0   0  71  0.41 0.06
  218 S    -1   3  -1  -2  -3   0  -1  -2  -1  -3  -3   2  -2  -3   6   1  -1  -4  -3  -3    0  29   0   0   0   0   0   0   0   0   0  14   0   0  44  12   0   0   0   0  0.86 0.06
  219 T    -1   2  -1  -1  -2   3   1  -3  -1  -1   1   0   0  -2  -2  -1   1  -2  -2   0    0  14   0   0   0  33  11   0   0   0  17   0   0   0   0   0  12   0   0  12  0.22 0.04
  220 I     0  -2  -2  -3  -1  -2  -2  -3  -3   2   2  -2   2  -1  -2  -1   1  -2  -1   2   12   0   0   0   0   0   0   0   0  27  29   0   7   0   0   0  14   0   0  11  0.21 0.03
  221 V     2  -2  -2  -3  -1  -2  -2  -2  -3   1   0  -2   0  -2  -2   0   1  -3  -2   3   30   0   0   0   0   0   0   0   0   0   0   0   0   0   0   0  12   0   0  59  0.28 0.05
  222 D    -1  -1   1   5  -4   1   4  -2  -1  -3  -3   0  -3  -3  -1   0  -1  -4  -3  -3    0   0   0  50   0   0  50   0   0   0   0   0   0   0   0   0   0   0   0   0  0.69 0.00
  223 Y    -1  -2  -2  -3  -2  -1  -2  -3   1   0   1  -2   4   2  -3  -2  -1   1   5   0    0   0   0   0   0   0   0   0   0   0   0   0  50   0   0   0   0   0  50   0  0.39 0.00
  224 I    -1   1  -1  -2  -2   0  -1  -3  -2   2   0   3   0  -1  -2  -1  -1  -3  -2   1    0   0   0   0   0   0   0   0   0  50   0  50   0   0   0   0   0   0   0   0  0.16 0.00
  225 D    -2  -1   4   5  -3   0   1  -1   0  -3  -4   0  -3  -3  -2   0  -1  -4  -3  -3    0   0  50  50   0   0   0   0   0   0   0   0   0   0   0   0   0   0   0   0  0.67 0.00
  226 S     0   1   0  -1  -2   1   0  -1  -1  -3  -3   3  -1  -3  -1   3   1  -3  -2  -2    0   0   0   0   0   0   0   0   0   0   0  50   0   0   0  50   0   0   0   0  0.34 0.00
  227 A     3  -2  -1  -2  -1  -1  -1   4  -2  -2  -2  -1  -2  -3  -1   1  -1  -3  -2  -1   50   0   0   0   0   0   0  50   0   0   0   0   0   0   0   0   0   0   0   0  0.52 0.00
  228 S     0  -1  -1  -2  -1  -1  -1  -2  -2   0   2  -1   1  -1  -2   2   0  -2  -1   0    0   0   0   0   0   0   0   0   0   0  50   0   0   0   0  50   0   0   0   0  0.18 0.00
  229 I    -1  -3  -3  -3  -1  -3  -3  -4  -3   4   2  -3   1   0  -3  -2  -1  -3  -1   3    0   0   0   0   0   0   0   0   0 100   0   0   0   0   0   0   0   0   0   0  0.39 0.00
  230 S     0  -1   1  -1  -2   0   0  -1   6  -3  -3   0  -2  -2  -1   3   0  -3   0  -2    0   0   0   0   0   0   0   0  50   0   0   0   0   0   0  50   0   0   0   0  0.44 0.00
  231 N     2  -1   4   0  -1   0  -1   0   0  -2  -2   0  -2  -3  -1   1   0  -3  -2  -1   50   0  50   0   0   0   0   0   0   0   0   0   0   0   0   0   0   0   0   0  0.35 0.00
  232 P    -1  -2  -1  -1  -2  -1  -1  -2  -2  -2  -2  -1  -2  -3   7   0   2  -3  -3  -2    0   0   0   0   0   0   0   0   0   0   0   0   0   0  67   0  33   0   0   0  1.25 0.02
  233 P    -1  -3  -3  -3  -2  -2  -2  -3  -3   2   2  -2   0  -1   4  -1   1  -3  -2   1    0   0   0   0   0   0   0   0   0  24  26   0   0   0  28   0  13   0   0  10  0.44 0.05
  234 F    -2  -3  -3  -3  -3  -2  -2  -3  -3  -2  -2  -2  -2   4   7  -2  -2  -2   0  -2    0   0   0   0   0   0   0   0   0   0   0   0   0  28  72   0   0   0   0   0  1.53 0.12
  235 I    -1  -3  -4  -4  -1  -3  -3  -4  -4   3   0  -3   0  -1  -3  -2  -1  -3  -2   5    0   0   0   0   0   0   0   0   0  14   0   0   0   0   0   0   0   0   0  86  0.60 0.10
  236 I    -1  -3  -4  -4  -2  -3  -3  -4  -4   4   2  -3   1  -1  -3  -3  -1  -3  -2   3    0   0   0   0   0   0   0   0   0  62  13   0   0   0   0   0   0   0   0  24  0.51 0.07
  237 A     5  -2  -2  -2  -1  -1  -1   0  -2  -2  -2  -1  -2  -3  -1   1  -1  -3  -2  -1  100   0   0   0   0   0   0   0   0   0   0   0   0   0   0   0   0   0   0   0  0.70 0.12
  238 A     5  -2  -2  -2  -1  -1  -1   0  -2  -2  -2  -1  -2  -3  -1   1  -1  -3  -2  -1  100   0   0   0   0   0   0   0   0   0   0   0   0   0   0   0   0   0   0   0  0.70 0.12
  239 G     0  -3  -1  -2  -3  -2  -3   6  -3  -4  -4  -2  -3  -4  -3  -1  -2  -3  -4  -4    0   0   0   0   0   0   0 100   0   0   0   0   0   0   0   0   0   0   0   0  1.35 0.12
  240 G     0  -3  -1  -2  -3  -2  -3   6  -3  -4  -4  -2  -3  -4  -3  -1  -2  -3  -4  -4    0   0   0   0   0   0   0 100   0   0   0   0   0   0   0   0   0   0   0   0  1.35 0.12
  241 I    -2  -3  -4  -4  -2  -3  -4  -4  -4   5   1  -3   2  -1  -3  -3  -1  -3  -2   2    0   0   0   0   0   0   0   0   0  82   0   0  10   0   0   0   0   0   0   8  0.61 0.10
  242 H     1  -2  -2  -3  -2  -1  -2  -3   3   1   1  -2   6  -1  -3  -2  -1  -2  -1   0   13   0   0   0   0   0   0   0  14  10   0   0  62   0   0   0   0   0   0   0  0.48 0.11
  243 D    -2   1   1   6  -4  -1   1  -2  -2  -4  -4  -1  -3  -4  -2  -1  -2  -5  -4  -4    0  13   0  87   0   0   0   0   0   0   0   0   0   0   0   0   0   0   0   0  1.06 0.11
  244 D     0  -2   0   2  -3  -1  -1   5   2  -4  -4  -2  -3  -3  -2   1  -1  -3  -2  -3    0   0   0  14   0   0   0  63  10   0   0   0   0   0   0  13   0   0   0   0  0.70 0.07
  245 E     1   5  -1  -1  -3   1   2  -2  -1  -3  -3   2  -2  -3  -2  -1  -1  -3  -2  -2   17  55   0   0   0   0  14   0   0   0   0  13   0   0   0   0   0   0   0   0  0.54 0.07
  246 S     0  -2   0   2  -3   1  -1   5  -2  -4  -4  -1  -3  -4  -2   1  -1  -3  -3  -3    0   0   0  13   0  13   0  59   0   0   0   0   0   0   0  14   0   0   0   0  0.64 0.07
  247 I    -2  -3  -4  -4  -2  -3  -4  -4  -4   5   2  -3   1  -1  -3  -3  -1  -3  -2   3    0   0   0   0   0   0   0   0   0  75   8   0   0   0   0   0   0   0   0  17  0.57 0.09
  248 K     1   1  -1  -2  -2   0  -1  -1  -2  -1   0   3   0  -2  -2   1   0  -3  -2   0   23   8   0   0   0   0   0   0   0   0  16  32   0   0   0  13   0   0   0   8  0.16 0.04
  249 E     4  -2  -2  -2  -1  -1   1  -1  -1  -2  -2  -1  -2  -1  -2   0  -1  -2   2  -1   72   0   0   0   0   0  14   0   0   0   0   0   0   0   0   0   0   0  13   0  0.41 0.08
  250 L     3  -2  -1  -2  -1  -1  -1  -1  -2   0   1  -1   2  -2  -2   2   0  -3  -2   0   40   0   0   0   0   0   0   0   0   0  14   0  13   0   0  24   0   0   0   8  0.22 0.05
  251 L    -2  -2  -3  -4  -2   0  -2  -4  -3   2   4  -2   3   0  -3  -2  -1  -2  -2   0    0   0   0   0   0   8   0   0   0   8  68   0  16   0   0   0   0   0   0   0  0.45 0.07
  252 Q     2  -1  -1  -1  -2   2   1  -2  -1   0  -1   0  -1  -2  -2   1   1  -3  -2   1   23   0   0   0   0  23   8   0   0   8   0   0   0   0   0  13  10   0   0  16  0.18 0.04
  253 F    -2  -2  -3  -3  -2   1  -2  -4  -2   1   4  -2   1   2  -3  -2  -2  -2   0   0    0   0   0   0   0  13   0   0   0   0  72   0   0  14   0   0   0   0   0   0  0.43 0.07
  254 N    -1  -2   2  -1  -3   1  -1   5  -2  -4  -4  -1  -3  -4  -2  -1  -2  -3  -3  -4    0   0  14   0   0  13   0  72   0   0   0   0   0   0   0   0   0   0   0   0  0.85 0.09
  255 I     5  -2  -2  -2  -1  -2  -2  -1  -2   1  -1  -1  -1  -2  -2   0  -1  -3  -2   0   86   0   0   0   0   0   0   0   0  14   0   0   0   0   0   0   0   0   0   0  0.51 0.10
  256 A     1   0   0   2  -3   3   3  -2  -1  -3  -3   0  -2  -3  -1   1  -1  -3  -2  -2   14   0   0  13   0  27  29   0   0   0   0   0   0   0   0  16   0   0   0   0  0.43 0.06
  257 A     3  -2  -1  -2  -2  -2  -2   4  -2  -3  -3  -2  -2  -3  -2   0  -1  -3  -3  -2   53   0   0   0   0   0   0  47   0   0   0   0   0   0   0   0   0   0   0   0  0.64 0.08
  258 V     1  -3  -3  -3  -1  -2  -3  -3  -3   2   0  -2   0  -2  -3  -1  -1  -3  -2   5   17   0   0   0   0   0   0   0   0   0   0   0   0   0   0   0   0   0   0  83  0.48 0.09
  259 Q    -2   0  -1  -1  -4   6   1  -3   0  -4  -3   0  -1  -3  -2  -1  -2   6  -1  -3    0   0   0   0   0  87   0   0   0   0   0   0   0   0   0   0   0  13   0   0  1.04 0.14
  260 L    -1  -3  -3  -4   4  -2  -3  -4  -3   2   3  -3   4  -1  -3  -2  -1  -2  -2   2    0   0   0   0  13   0   0   0   0  10  32   0  32   0   0   0   0   0   0  13  0.40 0.07
  261 G     0  -3  -1  -2  -3  -2  -3   6  -3  -4  -4  -2  -3  -4  -3  -1  -2  -3  -4  -4    0   0   0   0   0   0   0 100   0   0   0   0   0   0   0   0   0   0   0   0  1.35 0.12
  262 T     0  -2   0  -1  -1  -1  -1  -2  -2  -2  -2  -1  -1  -3  -2   3   5  -3  -2  -1    0   0   0   0   0   0   0   0   0   0   0   0   0   0   0  23  77   0   0   0  0.66 0.11
  263 V     4  -2  -2  -3  -1  -2  -2  -1  -2   0  -1  -2  -1  -2  -2   0   0  -3  -2   2   72   0   0   0   0   0   0   0   0   0   0   0   0   0   0   0   0   0   0  28  0.43 0.09
  264 W    -3  -3  -4  -4  -3  -3  -4  -4  -2  -1  -1  -4  -1   6  -4  -3  -3   8   2  -2    0   0   0   0   0   0   0   0   0   0   0   0   0  72   0   0   0  28   0   0  1.32 0.13
  265 L    -2  -3  -4  -4  -2  -3  -3  -4  -3   2   4  -3   1   0  -3  -3  -1  -2  -2   2    0   0   0   0   0   0   0   0   0   8  74   0   0   0   0   0   0   0   0  17  0.52 0.07
  266 P     0  -2  -1  -2  -2  -2  -2   1  -2   0   1  -2   0  -2   3   0   3  -3  -2   0    9   0   0   0   0   0   0  13   0  10  16   0   0   0  14   0  37   0   0   0  0.25 0.05
  267 S     0  -2  -1  -2   7  -2  -2  -2  -2  -2  -2  -2  -2  -3  -2   2   2  -3  -3  -1    0   0   0   0  48   0   0   0   0   0   0   0   0   0   0  30  21   0   0   0  0.78 0.10
  268 S     0  -1   0   1  -2   1   2  -2   2  -3  -3   0  -2  -3   3   2   1  -3  -2  -2    0   0   0   8   0   8  21   0  10   0   0   0   0   0  16  28   9   0   0   0  0.40 0.05
  269 Q    -1  -1  -1   2  -4   3   5  -3  -1  -4  -3   0  -2  -4  -2  -1  -1  -3  -3  -3    0   0   0   8   0  14  78   0   0   0   0   0   0   0   0   0   0   0   0   0  0.86 0.10
  270 A     2  -1   0  -1  -1  -1  -1  -1  -2  -2  -3  -1  -2  -3  -1   4   2  -3  -2  -1   28   0   0   0   0   0   0   0   0   0   0   0   0   0   0  63   9   0   0   0  0.49 0.08
  271 T     0  -1   4   0  -2   0   1   2  -1  -3  -3  -1  -2  -3  -2   2   2  -3  -2  -2    0   0  31   0   0   0  13  16   0   0   0   0   0   0   0  26  14   0   0   0  0.38 0.06
  272 I     4  -2  -2  -2  -1  -2  -2  -1  -2   2  -1  -1  -1  -2  -2   0   1  -3  -2   0   63   0   0   0   0   0   0   0   0  24   0   0   0   0   0   0  13   0   0   0  0.33 0.07
  273 S     0  -1   3   1  -2  -1   0  -1   2  -3  -3  -1  -2  -3   3   3   0  -4  -2  -3    0   0  24   9   0   0   0   0  10   0   0   0   0   0  13  43   0   0   0   0  0.46 0.07
  274 P     0  -1  -1  -1  -3   2   2  -2  -1  -3  -3   1  -2  -4   6  -1  -1  -3  -3  -3    8   0   0   0   0  16  17   0   0   0   0  13   0   0  46   0   0   0   0   0  0.88 0.07
  275 E     1  -2   1  -1  -2  -1   1   0  -2   0   1  -1   0  -1  -2  -1  -1  -3  -2   1   16   0  13   0   0   0  14   9   0   0  24   0   0   0   0   0   0   0   0  23  0.09 0.03
  276 H    -2  -2  -2  -3  -2  -2  -2  -3   5   0   0  -2  -1   3  -3  -2  -2   0   5   1    0   0   0   0   0   0   0   0  24   0   8   0   0  13   0   0   0   0  33  21  0.47 0.07
  277 L    -1   4  -1  -2  -3   0   0  -2  -1  -2   0   3  -1  -2  -2   1  -1  -3  -2  -2    0  33   0   0   0   0   0   0   0   0  14  39   0   0   0  13   0   0   0   0  0.39 0.06
  278 K    -1   1   0   3  -3   2   2  -2   2  -3  -3   2  -2  -3  -2   1  -1  -3  -2  -3    0   9   0  29   0  18   8   0   8   0   0  14   0   0   0  13   0   0   0   0  0.40 0.05
  279 M     3  -1  -2  -2  -2  -1  -1  -1  -2  -2  -1   2   2  -2   3   0  -1  -3  -2  -1   49   0   0   0   0   0   0   0   0   0   0  23  14   0  13   0   0   0   0   0  0.33 0.07
  280 F    -2  -3  -4  -4  -2  -3  -3  -4  -3   3   2  -3   1   5  -3  -3  -2  -1   1   1    0   0   0   0   0   0   0   0   0  25  26   0   0  41   0   0   0   0   0   8  0.46 0.06
  281 Q    -1  -1  -1  -2  -2   2  -1  -3  -2   1   2   0   1  -1  -2   0   1  -2  -2   0    0   0   0   0   0  23   0   0   0   8  40   8   0   0   0   8  13   0   0   0  0.18 0.05
  282 S     2   1  -1  -1  -2   0   1  -1  -1  -3  -3   0  -2  -3   3   3   0  -3  -2  -2   23  13   0   0   0   0   9   0   0   0   0   0   0   0  16  38   0   0   0   0  0.39 0.06
  283 P     0   2   1  -1  -2   0   0  -1  -1  -2  -2   2  -1  -3   3   0   1  -3  -2  -2   10  17  10   1   0   1   1   1   0   1   1  24   0   1  15   1  14   0   0   1  0.29 0.03
  284 K     2   0  -1   0  -2   1   4  -1  -1  -3  -3   2  -2  -3  -1   1  -1  -3  -2  -2   26   0   0   0   0   0  47   0   0   0   0  14   0   0   0  13   0   0   0   0  0.42 0.07
  285 S     1   1   0  -1  -1  -1  -1  -1   2  -2  -2   0  -1  -3  -1   2   3  -3  -2  -1   18   9   0   0   0   0   0   0   8   0   0   0   0   0   0  28  37   0   0   0  0.33 0.06
  286 D    -2   2   0   5  -3   1   1  -2  -1  -3  -3   0  -3  -4  -2   0   1  -4  -3  -3    0  17   0  61   0   8   0   0   0   0   0   0   0   0   0   0  13   0   0   0  0.66 0.08
  287 T    -1  -2  -1  -2  -2  -1  -2  -2  -2  -1  -2  -1  -1  -3  -2   1   6  -3  -2  -1    0   0   0   0   0   0   0   0   0   0   0   0   0   0   0   0 100   0   0   0  0.87 0.13
  288 M     0   1  -2  -2  -2  -1  -1  -2  -2   1   0   2   2  -2  -2  -1   1  -3  -2   2    8   8   0   0   0   0   0   0   0   8   0  23  14   0   0   0   9   0   0  29  0.14 0.04
  289 M    -1   1  -3  -3  -2  -1  -2  -3  -2   2   2  -1   4   1  -3  -2  -1  -2  -1   2    0  13   0   0   0   0   0   0   0   8  18   0  28   9   0   0   0   0   0  24  0.25 0.05
  290 T     0  -2  -1  -2  -1  -1  -1  -2  -2  -1  -1  -1  -1  -2  -2   2   5  -3  -2   1    0   0   0   0   0   0   0   0   0   0   0   0   0   0   0  13  73   0   0  13  0.54 0.10
  291 A     1   2   3   1  -2   0   0  -1  -1  -2  -2   1  -1  -3  -2   1   1  -3  -2   0   24  13  21   8   0   0   0   0   0   0   0   8   0   0   0   8  10   0   0   8  0.20 0.03
  292 A     3  -2  -2  -2  -1  -1  -2  -1  -2   1   0  -1   0  -2  -2   1   1  -3  -2   1   40   0   0   0   0   0   0   0   0  13  10   0   0   0   0  13   8   0   0  16  0.19 0.04
  293 I    -2  -3  -4  -4  -2  -3  -3  -4  -3   4   2  -3   2   4  -3  -3  -1  -1   0   1    0   0   0   0   0   0   0   0   0  53  13   0   8  25   0   0   0   0   0   0  0.44 0.07
  294 S     0  -1   0  -1  -1  -1  -1  -1  -2  -3  -3  -1  -2  -3  -1   5   3  -3  -2  -2    0   0   0   0   0   0   0   0   0   0   0   0   0   0   0  79  21   0   0   0  0.61 0.10
  295 G     0  -3  -1  -2  -3  -2  -3   6  -3  -4  -4  -2  -3  -4  -3  -1  -2  -3  -4  -4    0   0   0   0   0   0   0 100   0   0   0   0   0   0   0   0   0   0   0   0  1.35 0.12
  296 R    -1   4  -1  -2  -4   1   0  -2  -1  -3  -3   5  -2  -4  -2  -1  -1  -3  -2  -3    0  40   0   0   0   0   0   0   0   0   0  60   0   0   0   0   0   0   0   0  0.75 0.10
  297 N    -1  -2   2  -1  -3  -1   1  -2  -2  -2   0  -1  -1  -3   5   1  -1  -3  -3  -2    0   0  14   0   0   0  10   0   0   0  17   0   0   0  43  16   0   0   0   0  0.68 0.07
  298 L     5  -2  -2  -3  -1  -1  -2  -1  -2  -1   0  -1  -1  -2  -2   0  -1  -3  -2   0   86   0   0   0   0   0   0   0   0   0  14   0   0   0   0   0   0   0   0   0  0.50 0.10
  299 R    -2   7  -1  -2  -4   0  -1  -3  -1  -4  -3   2  -2  -4  -3  -1  -2  -3  -2  -3    0 100   0   0   0   0   0   0   0   0   0   0   0   0   0   0   0   0   0   0  1.17 0.13
  300 T     0  -2  -1  -2  -2  -1  -2   4  -2  -2  -2  -2   2  -3  -2   1   2  -3  -3  -2    0   0   0   0   0   0   0  50   0   0   0   0  13   0   0   9  28   0   0   0  0.49 0.07
  301 I    -2  -3  -4  -4  -2  -3  -3  -4  -3   4   2  -3   3   0  -3  -3  -1  -3  -2   2    0   0   0   0   0   0   0   0   0  61  22   0  17   0   0   0   0   0   0   0  0.50 0.08
  302 S     1   1   2  -1  -2   0   0  -1  -1  -1  -2   0  -1  -3   1   2   0  -3  -2   1    9  13  16   0   0   0   8   0   0   0   0   0   0   0   8  28   0   0   0  18  0.19 0.04
  303 T    -1  -1   5   0  -2  -1  -1  -1  -1  -3  -3  -1  -2  -3  -2   0   4  -4  -2  -2    0   0  59   0   0   0   0   0   0   0   0   0   0   0   0   0  41   0   0   0  0.69 0.10
  304 P     1   3  -1  -1  -3   0   2  -2  -1  -3  -3   1  -2  -3   4   1  -1  -3  -2  -2   13  24   0   0   0   0  16   0   0   0   0  10   0   0  28   9   0   0   0   0  0.53 0.05
  305 F    -3  -3   0  -3  -3  -3  -3  -3  -2  -1   0  -3   2   6  -4  -3  -2   7   2  -2    0   0   8   0   0   0   0   0   0   0   0   0   8  61   0   0   0  23   0   0  0.94 0.10
  306 L    -1  -2  -2  -2  -1  -2  -2  -3  -2   3   2  -2   2   1  -2  -1   2  -2  -1   1    1   0   0   0   0   0   1   1   0  29  15   0  10   9   0   1  23   0   0   8  0.19 0.04
  307 R    -2   2  -1   2  -3   1   4  -3   2  -1  -1   0  -1  -2  -2  -1  -1  -3  -2  -2    0  14   0   8   0   0  52   0   8   8   9   0   0   0   0   0   0   0   0   0  0.39 0.06
  308 D     0   0   0   3  -3   0   2   0  -1  -3  -3   2  -2  -2  -2   0   0   5  -1  -2    8   0   0  23   0   0  17   9   0   0   0  21   0   0   0   0   8  13   0   0  0.37 0.05
  309 L     1  -2   1   1  -2  -1  -1  -2  -2   0   2  -2   3  -1  -2  -1  -1  -3  -2   1   17   0  10  13   0   0   0   0   0   0  23   0  24   0   0   0   0   0   0  13  0.15 0.05
  310 H     0   2   1   1  -3   0   2  -2   3   0  -2   1  -1  -2  -2   0  -1  -3  -1  -1    8  13   8   9   0   0  18   0  14  13   0   8   0   0   0   8   0   0   0   0  0.18 0.03
  311 Q     1  -1  -1  -1  -3   4   1  -2  -1  -3  -3   0  -2  -4   5   0   0  -3  -2  -2   13   0   0   0   0  40   8   0   0   0   0   0   0   0  31   0   8   0   0   0  0.66 0.08
  312 S    -1   1   3   2  -3  -1  -1   0   0  -2  -2  -1  -2   2  -2   1  -1  -1   4  -2    0   9  21  13   0   0   0   8   0   0   0   0   0  10   0  14   0   0  24   0  0.26 0.05
  313 S     0   0   0   0  -1   0   0   0   0  -1   0   0   0   2   0   1   0   0   0   0    6   4   3   4   1   3   5   5   2   4   7   4   2  16   4  20   4   1   2   5  0.04 0.00
  314 P     0   0   0   0  -1   2   0   0   0  -1  -1   0   0  -1   3   0   0  -1  -1  -1    6   4   3   4   1  16   5   5   2   4   7   4   2   3  18   5   4   1   2   5  0.17 0.00
  315 L     0  -1  -1   1  -2   0   2   1  -1  -1   0  -1  -1  -2  -2   1   0  -3  -2   0    8   0   0   8   0   0  25  13   0   0  14   0   0   0   0  23   0   0   0   8  0.16 0.04
  316 A     1  -2  -1   1  -3  -1   1   1  -2  -3  -3  -1  -2  -3   5   0   0  -3  -3  -2   14   0   0   8   0   0  13  16   0   0   0   0   0   0  39   0  10   0   0   0  0.67 0.06
  317 S     0  -1   1   3  -3   2   3  -1  -1  -3  -3   0  -2  -3   2   1  -1  -3  -2  -3    8   0   8  21   0  10  30   0   0   0   0   0   0   0   8  14   0   0   0   0  0.43 0.05
  318 I    -1  -3  -3  -3  -2  -2  -3  -3  -3   3   2  -2   1  -1   4  -2   0  -3  -2   1    0   0   0   0   0   0   0   0   0  38  30   0   0   0  23   0  10   0   0   0  0.42 0.06
  319 P     0  -3  -3  -2  -3  -2  -2  -3  -3  -2   1  -2  -1  -3   7  -1  -2  -4  -3  -2    9   0   0   0   0   0   0   0   0   0  23   0   0   0  68   0   0   0   0   0  1.29 0.10
  320 D    -1  -2   0   4  -3  -1   0   1  -2  -3  -4  -1  -3  -4   5  -1   0  -4  -3  -3    0   0   0  47   0   0   0  13   0   0   0   0   0   0  31   0   9   0   0   0  0.78 0.08
  321 Y    -2  -2  -3  -4  -3  -2  -3  -4   1  -2  -1  -2   3   2  -4  -2  -2   1   8  -2    0   0   0   0   0   0   0   0   0   0   0   0  13   0   0   0   0   0  87   0  1.17 0.14
  322 P    -1  -3  -2  -2  -3  -2  -2   1  -3  -4  -4  -2  -3  -4   8  -1  -2  -4  -4  -3    0   0   0   0   0   0   0  13   0   0   0   0   0   0  87   0   0   0   0   0  1.92 0.13
  323 L    -2  -3  -3  -4  -2  -3  -3  -4  -1   3   2  -3   1   2  -3  -3  -1  -1   4   1    0   0   0   0   0   0   0   0   0  33  28   0   0   8   0   0   0   0  23   8  0.37 0.05
  324 P     1  -1  -1  -2  -2   4   0  -2  -1  -1  -1   0   2  -3   3  -1  -1  -3  -2   0   17   0   0   0   0  47   0   0   0   0   0   0  13   0  14   0   0   0   0   8  0.40 0.08
  325 Y    -2  -2   4  -1  -3  -1  -2  -2   1  -3  -2  -1  -2   1  -3   1  -1   0   6  -2    0   0  33   0   0   0   0   0   0   0   0   0   0   0   0  13   0   0  53   0  0.65 0.10
  326 D     1  -1   0   4  -2   2   2  -1  -1  -3  -3   0  -2  -3  -2   1   1  -3  -3  -2   13   0   0  40   0  16   8   0   0   0   0   0   0   0   0  13  10   0   0   0  0.43 0.06
  327 S     2  -2  -2  -3  -1  -2  -2  -1  -2   0   3  -2   0  -1  -2   1  -1  -2  -2   0   39   0   0   0   0   0   0   0   0   0  47   0   0   0   0  14   0   0   0   0  0.25 0.06
  328 F    -1  -2   1  -2  -2  -2  -2   0  -2   0  -1  -2  -1   3  -2   0   3  -2   0   1    0   0   8   0   0   0   0   9   0   0   0   0   0  28   0   0  42   0   0  13  0.25 0.06
  329 K    -1   1   2  -1  -3   0   0  -1  -1  -3  -3   4  -2  -3  -2   2   0  -4  -2  -3    0   0  16   0   0   0   0   0   0   0   0  63   0   0   0  21   0   0   0   0  0.51 0.08
  330 S     3  -1   0   2  -1   2   0  -1  -1  -2  -2  -1  -2  -3  -1   2   0  -3  -2  -1   43   0   0  13   0  13   0   0   0   0   0   0   0   0   0  30   0   0   0   0  0.35 0.06
  331 L    -1  -3  -3  -3  -2  -2  -3  -4  -3   2   3  -2   2   0   2  -2  -1  -2  -2   2    0   0   0   0   0   0   0   0   0  16  48   0  10   0  13   0   0   0   0  13  0.38 0.05
  332 A     1   4   4  -1  -3   1   0  -2   0  -3  -3   1  -2  -3  -2   0  -1  -3  -2  -3   14  47  31   0   0   8   0   0   0   0   0   0   0   0   0   0   0   0   0   0  0.51 0.08
  333 N     1   1   2  -1  -2   3   0  -1  -1  -3  -3   3  -1  -3  -2   0   1  -3  -2  -2   17   0  14   0   0  23   0   0   0   0   0  37   0   0   0   0   8   0   0   0  0.35 0.06
  334 D     3   0  -1   2  -2   0   1  -1  -2  -2  -2   2  -2  -3  -1   0   1  -3  -2  -1   47   0   0  14   0   0   8   0   0   0   0  23   0   0   0   0   8   0   0   0  0.29 0.06
  335 A     5  -2  -2  -2  -1  -1  -2  -1  -1  -2  -2  -1  -1  -1  -2   0  -1  -2   2  -1   87   0   0   0   0   0   0   0   0   0   0   0   0   0   0   0   0   0  13   0  0.55 0.10
  336 K     2   0  -1  -1  -1   0  -1   2  -1  -2  -1   2  -1  -2  -1   1   0  -2  -2  -1   33   1   1   1   0   1   1  14   0   1   9  24   0   1   1  11   1   0   0   1  0.17 0.03
  337 Q     1   0   3   0  -2   3   0  -1   0  -2   0   0  -1  -2  -1   1   0  -2  -2  -1   18   1  25   1   0  28   1   1   0   1  11   1   0   1   1   9   1   0   0   1  0.22 0.04
  338 S     0   1  -1  -1  -2   1   0  -2  -1  -1  -2   2  -1  -2   3   1   1  -2  -2  -1    1   9   1   1   0  10   1   1   0   9   1  26   0   1  14  15   9   0   0   1  0.25 0.03
  339 G     1  -2   1  -1  -2  -1  -2   5  -2  -3  -3  -1  -2  -3  -2   0  -1  -2  -3  -3    9   1  10   1   0   1   1  70   0   1   1   1   0   1   1   1   1   0   0   1  0.73 0.06
  340 K     1   0   0   0  -1   0   0   0   0  -1  -1   1   0  -1   0   0   0  -1  -1   0   19   4   3   4   1   3   5   5   2   4   7  19   2   3   4   5   4   1   2   5  0.05 0.00
  341 G     0   0   0   0  -1   0   0   2   0  -1  -1   1  -1  -1   0   0   0  -1  -1  -1    6   4   3   4   1   3   5  20   2   4   7  18   2   3   4   5   4   1   2   5  0.07 0.00
  342 P     0  -1   4   1  -3   0   1  -1   2  -3  -3  -1  -2  -3   4   0  -1  -4  -2  -3   13   0  34   8   0   0   9   0   8   0   0   0   0   0  28   0   0   0   0   0  0.58 0.06
  343 Q     0   3  -1  -1  -3   2   2  -2   4  -3  -2   1  -1   1  -2   0   0  -2   0  -2    8  21   0   0   0  14  13   0  18   0   0   8   0   9   0   0   8   0   0   0  0.28 0.04
  344 Y    -1  -1   0   3  -3   1   3   0  -1  -2   0  -1  -1  -1  -2  -1  -1  -2   2  -2    0   0   0  26   0   8  29   9   0   0  13   0   0   0   0   0   0   0  14   0  0.30 0.05
  345 S     0  -2  -2  -3  -2   1  -2  -2  -1  -1   1  -2   0   3  -2   1  -1   6   2  -1   13   0   0   0   0  10   0   0   0   0  21   0   0  16   0  14   0  16   9   0  0.31 0.05
  346 A     3  -2   1  -1  -1  -1  -1   1  -2   0  -1  -1   1  -2  -2   0   1  -3  -2   0   44   0  13   0   0   0   0   9   0   8   0   0  10   0   0   0  16   0   0   0  0.21 0.05
  347 F     1  -2  -1  -2  -2  -1  -1  -2   4  -1  -1  -2  -1   3  -2   1   1  -1   1   0   17   0   0   0   0   0   0   0  24   0   0   0   0  28   0  10  13   0   0   8  0.25 0.06
  348 L    -3  -3  -4  -5  -3  -3  -4  -4  -3  -1   2  -4   0   3  -4  -3  -3  10   1  -2    0   0   0   0   0   0   0   0   0   0  28   0   0  13   0   0   0  59   0   0  1.57 0.13
  349 A     4  -2  -1  -2  -1  -1  -1  -1  -2  -1  -2  -1  -1  -2  -1   2   0  -3  -2   1   63   0   0   0   0   0   0   0   0   0   0   0   0   0   0  24   0   0   0  13  0.39 0.07
  350 G     0  -3  -1  -2  -3  -2  -3   6  -3  -4  -4  -2  -3  -4  -3  -1  -2  -3  -4  -4    0   0   0   0   0   0   0 100   0   0   0   0   0   0   0   0   0   0   0   0  1.35 0.12
  351 S    -1   0  -1  -1  -3   6   1  -2   0  -3  -3   1  -1  -4  -2   1  -1  -3  -2  -3    0   0   0   0   0  86   0   0   0   0   0   0   0   0   0  14   0   0   0   0  0.89 0.13
  352 N     1  -2   2  -1  -2  -1  -1   4  -2  -2  -2  -1  -2  -3  -2   2   0  -3  -2   0    9   0  14   0   0   0   0  39   0   0   0   0   0   0   0  24   0   0   0  13  0.37 0.05
  353 Y     1  -2  -3  -3  -2  -2  -2  -2  -1   1  -1  -2  -1   2   4  -1  -1  -1   3   1   26   0   0   0   0   0   0   0   0  10   0   0   0  13  24   0   0   0  14  13  0.35 0.05
  354 H     1   3  -1  -2  -3   2   0   1   3  -3  -3   0  -2  -3   1  -1  -1  -3  -1  -2   17  33   0   0   0  13   0  13  14   0   0   0   0   0   8   0   0   0   0   0  0.35 0.05
  355 K    -1  -1   1  -1  -2  -1  -1  -2  -2   0   3   1   0  -1  -2   1   0  -3  -2  -1    0   0  13   0   0   0   0   0   0   0  49  14   0   0   0  23   0   0   0   0  0.18 0.06
  356 S     3  -2  -2  -2  -1  -2  -2  -1  -2   0   1  -2   0  -1  -2   1   0  -3  -2   2   41   0   0   0   0   0   0   0   0   0  23   0   0   0   0  14   0   0   0  21  0.21 0.05
  357 W    -1   3  -1   1  -3   3   0  -2  -1  -3  -2   0  -2  -2  -2   0   2   6  -1  -2    0  26   0  13   0  21   0   0   0   0   0   0   0   0   0   0  25  14   0   0  0.45 0.07
  358 K     0   2   0   0  -2   0   2  -2   2  -3  -3   2  -2  -3  -1   3   1  -3  -2  -2    0  13   0   0   0   0  18   0   8   0   0  14   0   0   0  38   8   0   0   0  0.33 0.05
  359 D    -1  -1  -1   2  -2   1   1   1   2   0   1  -1   2  -1  -2  -1  -1  -3  -1   1    0   0   0  14   0   8  10  13   8   0  17   0  16   0   0   0   0   0   0  13  0.10 0.04
  360 T    -1   1  -1  -2  -2  -1  -1  -3   2   1  -1  -1  -1  -2   5   0   1  -3  -2   0    0  13   0   0   0   0   0   0   8  23   0   0   0   0  33   8  14   0   0   0  0.47 0.06
  361 R     0   2   0   0  -1   0   0   0   0  -1  -1   0   0  -1   0   0   1  -1   0   0    6  18   3   4   1   3   5   5   2   4   7   4   2   3   4   5  17   1   2   5  0.06 0.00
  362 S     0   0   0   0  -1   0   0   0  -1  -1  -1   0  -1  -1   0   3   2  -1  -1  -1    4   3   2   3   1   2   3   4   1   3   4   3   1   2   3  41  16   1   2   3  0.17 0.02
  363 T     3  -2  -1  -2  -1  -1  -1  -1  -2   0  -1  -1  -1  -2  -1   0   2  -2  -2   1   56   1   1   1   0   1   1   1   0   1   1   1   0   1   1   1  15   0   0  18  0.26 0.05
  364 E     1   2   2   2  -2   0   2  -1  -1  -3  -3   1  -2  -3  -2   0  -1   4  -2  -2   26  13  16  13   0   0  14   0   0   0   0  10   0   0   0   0   0   8   0   0  0.28 0.04
  365 E     1   0   0   0  -2   3   3  -1  -1  -3  -3   2  -2  -3  -1   1   1  -3  -2  -2   16   0   0   0   0  18  32   0   0   0   0  13   0   0   0  13   8   0   0   0  0.36 0.05
  366 I    -1  -2  -3  -3  -2  -2  -2  -4  -3   3   3   0   1   0  -3  -2  -1  -2  -2   2    0   0   0   0   0   0   0   0   0  22  51  13   0   0   0   0   0   0   0  13  0.31 0.05
  367 F    -1  -3  -3  -4  -2  -2  -3  -4  -3   3   2  -3   3   2  -3  -2  -1  -2   0   3    0   0   0   0   0   0   0   0   0  21  18   0  16  14   0   0   0   0   0  31  0.34 0.05
  368 S     0   1   2   1  -2   0   2  -1  -1  -2   0   0  -1  -2  -2   2   0  -3  -2  -2    9   8  18   8   0   0  21   0   0   0  13   0   0   0   0  22   0   0   0   0  0.21 0.04
  369 I    -1   1   2   2  -2   2   0  -2  -1   1   0   0  -1  -2  -2   0   2  -3  -2  -1    0   8  16  13   0  19   0   0   0  14   8   0   0   0   0   0  21   0   0   0  0.17 0.04
  370 L    -2  -2  -3  -4  -2  -2  -3  -4  -3   2   4  -3   4   0  -3  -3  -1  -2  -1   1    0   0   0   0   0   0   0   0   0   8  58   0  27   0   0   0   0   0   0   8  0.49 0.07
  371 V     0  -3  -2  -2   3  -2   0   1  -3   2   0  -2   0  -2  -2  -1  -1  -3  -2   3    8   0   0   0  10   0   9  13   0   8   0   0   0   0   0   0   0   0   0  52  0.21 0.06
  372 Q     1   1   1   0  -3   3   3  -2  -1  -3  -3   1  -2  -3  -2   0  -1  -3  -2  -2   21   9   8   0   0  24  30   0   0   0   0   8   0   0   0   0   0   0   0   0  0.38 0.05
  373 D    -1   2   0   2  -4   3   4  -2   0  -4  -3   1  -2  -4  -2  -1  -1  -3  -2  -3    0  13   0  14   0  24  49   0   0   0   0   0   0   0   0   0   0   0   0   0  0.64 0.08
  374 L     0  -2  -2   0  -2  -2  -2  -3  -2   1   3  -2   2   2  -3  -2  -1  -2   0   1    8   0   0  10   0   0   0   0   0   8  45   0   8  13   0   0   0   0   0   8  0.22 0.04

                      K         Lambda
PSI Ungapped         0.1222     0.3177
PSI Gapped           0.0374     0.2670
