
Last position-specific scoring matrix computed, weighted observed percentages rounded down, information per position, and relative weight of gapless real matches to pseudocounts
            A   R   N   D   C   Q   E   G   H   I   L   K   M   F   P   S   T   W   Y   V   A   R   N   D   C   Q   E   G   H   I   L   K   M   F   P   S   T   W   Y   V
    1 F    -2  -4  -5  -5  -4  -4  -5  -5  -2   1   4  -5   1   6  -5  -4  -3  -2   0  -1    3   0   0   0   0   0   0   0   1   6  41   0   2  47   0   0   0   0   0   0  1.04 0.29
    2 V     0  -2  -3  -4   2   0  -3  -4  -3   2   3  -3   2  -1  -3  -1   0  -3  -2   1    6   1   0   0   6   5   0   0   0   9  43   0   7   1   0   5   8   0   0   8  0.35 0.15
    3 Q    -1   1  -1   1  -4   4   2  -2   1  -4  -3   3  -2  -4  -2   1   1  -4  -1  -3    4   4   1   7   0  21  10   1   3   0   2  28   0   0   0  10   8   0   2   0  0.43 0.17
    4 S    -1   4   0  -1   2   0  -1  -2   0  -2   0   2  -2  -3  -3   0   1  -2  -3  -2    4  29   4   2   5   4   0   1   2   0  12  17   0   0   0   7  11   1   0   2  0.31 0.15
    5 L    -3  -4  -5  -6  -3  -4  -5  -6  -4   1   5  -5   0   4  -5  -4  -3  -3  -2  -1    1   0   0   0   0   0   0   0   0   5  74   0   0  20   0   0   0   0   0   0  1.12 0.31
    6 G    -1  -1   3   1  -4   0  -1   5  -3  -5  -5   0  -4  -5  -3   0  -2  -4  -4  -4    3   2  14   7   0   4   3  57   0   0   0   5   0   0   0   4   2   0   0   0  0.86 0.23
    7 L    -3  -4  -5  -5  -3  -4  -5  -5  -5   5   4  -4   1  -2  -4  -4  -2  -4  -3   3    0   0   0   0   0   0   0   0   0  38  42   0   1   0   0   0   0   0   0  19  0.87 0.25
    8 K    -1   4  -1   1  -4   2   2  -3  -2  -3  -4   4  -3  -4  -1   0  -1  -4  -3  -3    4  21   0   7   0   9  12   0   0   1   0  37   0   0   1   4   3   0   0   1  0.59 0.20
    9 Y    -3  -3  -3  -5  -4  -3  -4  -5   5   0   0  -2  -2   2  -5  -3  -2   3   7   1    1   0   0   0   0   0   0   0  15   4   9   2   0   6   0   0   2   4  46  11  0.97 0.28
   10 P    -4  -5  -5  -4  -6  -4  -4  -5  -5  -6  -6  -4  -5  -7   9  -4  -4  -7  -6  -5    0   0   0   0   0   0   0   0   0   0   0   0   0   0 100   0   0   0   0   0  3.06 0.56
   11 I    -4  -5  -6  -6  -3  -5  -6  -6  -6   7   1  -5  -1  -2  -5  -5  -3  -5  -4   1    0   0   0   0   0   0   0   0   0  88   8   0   0   0   0   0   0   0   0   4  1.57 0.39
   12 I    -3  -5  -5  -5  -3  -5  -5  -6  -5   6   1  -5   2   3  -5  -4  -3  -4  -2   2    0   0   0   0   0   0   0   0   0  67   7   0   4  12   0   0   0   0   0  10  1.08 0.30
   13 Q    -3  -2  -3  -3  -5   8  -1  -5  -2  -4   0  -1  -3  -5  -4  -3  -3  -5  -4  -3    0   0   0   0   0  87   0   0   0   0  12   0   0   0   0   0   0   0   0   1  1.84 0.49
   14 A     6  -4  -3  -4  -3  -3  -3  -2  -4  -4  -4  -3  -3  -5  -3   2  -2  -5  -4  -3   84   0   0   0   0   0   0   0   0   0   0   0   0   0   0  16   0   0   0   0  1.29 0.38
   15 P    -4  -5  -5  -4  -6  -4  -4  -5  -5  -6  -6  -4  -5  -7   9  -4  -4  -7  -6  -5    0   0   0   0   0   0   0   0   0   0   0   0   0   0 100   0   0   0   0   0  3.06 0.56
   16 M    -4  -5  -5  -6  -5  -4  -5  -6  -5  -2  -1  -5  11  -3  -6  -5  -4  -5  -4  -2    0   0   0   0   0   0   0   0   0   0   0   0 100   0   0   0   0   0   0   0  2.92 0.66
   17 A     7  -4  -4  -4  -3  -3  -3  -2  -4  -4  -4  -3  -3  -5  -3  -1  -1  -5  -4  -1   96   0   0   0   0   0   0   0   0   0   0   0   0   0   0   0   2   0   0   3  1.53 0.44
   18 G    -2  -5   0  -4  -5  -4  -4   7  -4  -6  -6  -4  -5  -6  -5  -1  -4  -5  -5  -6    0   0   3   0   0   0   0  92   0   0   0   0   0   0   0   4   0   0   0   0  1.91 0.42
   19 V     2  -4  -4  -5  -3  -4  -4  -4  -5   3  -1  -4  -1  -3  -4  -2   0  -5  -3   5   16   0   0   0   0   0   0   0   0  13   1   0   0   0   0   2   6   0   0  63  0.85 0.29
   20 S     1  -3  -2  -3   0  -2  -3  -2  -3  -4  -3  -3  -3  -5  -3   6   2  -5  -4  -3    8   0   0   0   2   0   0   1   0   0   1   0   0   0   0  77  11   0   0   0  1.15 0.39
   21 T    -2  -4  -1  -2  -3  -3  -3  -2  -4  -3  -4  -3  -3  -5  -1   2   7  -5  -4  -3    0   0   1   2   0   0   0   2   0   0   0   0   0   0   2  11  82   0   0   0  1.41 0.43
   22 V    -2  -4  -4  -4  -4  -4  -4  -5  -5   2  -1  -4  -3  -4   7  -2  -3  -5  -4   2    2   0   0   0   0   0   0   0   0  16   5   0   0   0  58   1   0   0   0  18  1.40 0.34
   23 Q     1   0  -2   1  -4   2   5  -1  -2  -4  -3   2  -3  -4  -3   0  -2  -4  -3  -3   16   3   0   6   0  11  43   3   0   0   3  11   0   0   0   4   1   0   0   0  0.58 0.22
   24 L    -3  -4  -5  -6  -3  -4  -5  -6  -4   0   5  -4   7  -1  -5  -4  -3  -4  -3   0    0   0   0   0   0   0   0   0   0   2  59   0  34   1   0   0   0   0   0   3  1.22 0.35
   25 A     6  -4  -4  -4  -3  -3  -3  -2  -4  -2  -4  -3  -3  -5  -3   0  -2  -5  -4  -1   90   0   0   0   0   0   0   0   0   1   0   0   0   0   0   5   0   0   0   4  1.35 0.41
   26 A     5  -3  -3  -3  -3  -3  -3  -2  -4  -2  -1  -2  -3  -2  -3   3  -1  -4  -4  -2   69   0   0   0   0   0   0   0   0   1   5   1   0   2   0  20   2   0   0   0  0.91 0.32
   27 T     4  -2  -1  -1  -3   0   2  -2  -3  -2  -3   0  -2  -4  -2   1   2  -4  -3  -1   50   0   1   2   0   3  14   0   0   2   0   7   0   0   0   6  12   0   0   3  0.49 0.22
   28 I     0  -5  -5  -5  -3  -4  -5  -5  -5   3  -1  -4  -1  -3  -5  -4  -2  -5  -3   6    6   0   0   0   0   0   0   0   0  16   0   0   0   0   0   0   0   0   0  78  1.27 0.37
   29 T     1  -3  -1  -3   4  -2  -3  -3  -1  -3  -4  -2  -3  -4  -3   4   4  -4  -1  -1    9   0   1   0  10   0   0   0   2   0   0   0   0   0   0  43  31   0   2   2  0.76 0.29
   30 N    -1   2   6  -1  -4  -1   1  -2  -2  -2  -3   1  -1  -5  -4  -1  -2  -5  -4  -4    5  12  56   1   0   0   8   1   0   2   2  10   1   0   0   3   0   0   0   0  0.87 0.29
   31 H     4  -1   2  -2  -3   0  -2  -1   2  -2  -1  -1  -2  -2  -3   1  -2  -4  -1  -2   51   2  12   0   0   4   0   2   5   2   7   1   0   2   0  11   0   0   1   0  0.45 0.22
   32 G    -2  -5  -2  -4  -2  -4  -5   7  -5  -6  -6  -4  -5  -6  -5  -3  -4  -5  -6  -6    0   0   1   0   1   0   0  98   0   0   0   0   0   0   0   0   0   0   0   0  2.12 0.46
   33 G     3  -4  -3  -4  -4  -4  -4   6  -4  -5  -5  -3  -4  -5  -4  -2  -3  -5  -5  -4   25   0   0   0   0   0   0  75   0   0   0   0   0   0   0   0   0   0   0   0  1.51 0.37
   34 L    -3  -4  -5  -6  -3  -4  -5  -6  -5   2   6  -5   2  -2  -5  -5  -3  -4  -3   0    0   0   0   0   0   0   0   0   0  11  83   0   5   0   0   0   0   0   0   1  1.23 0.34
   35 G     0  -5  -3  -4  -5  -4  -4   7  -4  -6  -6  -4  -5  -6  -5  -3  -4  -5  -5  -5    6   0   0   0   0   0   0  94   0   0   0   0   0   0   0   0   0   0   0   0  1.97 0.43
   36 S     1  -3  -2  -3  -3  -3  -3  -3  -3  -5  -5  -3  -4  -5  -3   7  -1  -5  -4  -4    7   0   0   0   0   0   0   0   0   0   0   0   0   0   0  93   0   0   0   0  1.59 0.47
   37 I    -3  -4  -5  -5  -3  -4  -5  -6  -5   5   5  -5   0  -2  -5  -4  -3  -4  -3   0    0   0   0   0   0   0   0   0   0  40  58   0   1   0   0   0   0   0   0   2  1.09 0.31
   38 P     1  -4  -3  -3  -4  -3  -3   4  -4  -5  -5  -3  -4  -5   6   0  -3  -5  -5  -4   12   0   0   0   0   0   0  37   0   0   0   0   0   0  46   6   0   0   0   0  1.35 0.33
   39 L    -3  -4  -5  -5   0  -4  -5  -5  -4   2   5  -4   3   1  -5  -4  -3  -3  -2   2    0   0   0   0   2   0   0   0   0  12  61   0   7   5   0   0   0   0   0  14  0.81 0.25
   40 G     2  -4  -2  -3  -1  -3  -3   5  -4  -5  -5  -3  -4  -5  -3   3  -2  -5  -4  -4   17   0   0   0   1   0   0  54   0   0   0   0   0   0   0  28   0   0   0   0  1.04 0.30
   41 G     4  -3  -2  -3  -3  -2  -2   1   4  -4  -4  -2  -3  -3   1   2   0  -4   1  -3   40   0   0   0   0   0   0  10  15   0   0   0   0   0   7  21   3   0   4   0  0.57 0.24
   42 V     0  -3  -2  -3   0  -2  -3  -3   1   3   1  -2   2   0  -3   2  -1  -3  -1   2    8   0   1   0   2   0   0   0   4  21  14   0   6   4   0  22   1   0   1  15  0.23 0.13
   43 D    -2  -2   3   5  -4  -2  -1  -2  -2  -4  -3   0  -3  -4  -2   2   1  -5  -4  -4    2   1  13  44   0   0   0   1   0   0   2   6   0   0   1  21  11   0   0   0  0.74 0.25
   44 F     0  -3  -2  -3  -3  -1  -1  -3  -1   0   2  -3  -1   4   1  -1  -2  -2   1   2   10   0   1   0   0   3   5   0   1   2  20   0   0  25   8   3   0   0   2  19  0.28 0.14
   45 T     0   3   1   0  -1   1   0  -1  -1  -1  -1   1  -1  -2  -1   0   2  -1  -1  -1    5  19   7   5   1   5   3   3   1   2   4   5   1   2   2   5  23   1   1   3  0.16 0.05
   46 T     0   1   1   0   0   2   0  -1  -1  -1  -1   2  -1  -2   1   1   0  -1  -1  -1    4   4   7   2   2  11   4   3   1   4   4  20   1   2   8  10   7   1   1   3  0.13 0.04
   47 T     0  -1   0   1  -1   0   0   2  -1  -1  -1   0  -1  -1   0   1   0  -1  -1  -1    8   3   3   8   1   3   4  22   1   3   6   4   1   3   3  10   8   1   2   4  0.09 0.01
   48 V     0  -1  -1  -1  -1  -1  -1  -1  -1   2   0  -1   0   1   0   0   0  -1   0   1    5   3   3   4   1   3   4   5   1  18   8   4   1   7   3   7   4   1   2  14  0.02 0.01
   49 G     0  -1   0   3  -4   1   4   1   1  -3  -2  -1  -3  -4  -1   1  -1  -4  -3  -3    8   1   2  17   0   4  34  10   4   1   3   0   0   0   2  12   1   0   0   1  0.43 0.18
   50 P     1   0  -1   0  -3   3   1  -1  -2  -2  -2   2  -2  -4   3   0  -1  -4  -3  -1   12   1   1   5   0  21   8   3   0   1   2  18   0   0  13   6   3   0   0   5  0.32 0.15
   51 I     3  -3  -4  -4   0  -3  -3  -3  -4   3   2  -3   0   0  -3  -1  -2  -3  -2   1   39   0   0   0   2   0   0   0   0  20  21   0   1   5   0   3   0   0   0  10  0.42 0.19
   52 E    -2   4   0   1  -4   0   3  -1   0  -3  -2   1  -2   1  -3  -1  -2  -4  -2  -2    0  33   4   9   0   3  21   3   2   0   3   6   0   9   0   3   0   0   0   4  0.42 0.18
   53 D     0   0   1   1  -3   2   2  -2  -1  -3  -2   3  -2  -4   0   1   1  -4  -3  -2   10   3   5   9   0   8  14   0   1   1   3  22   0   0   3  12   7   0   0   1  0.27 0.12
   54 L     0  -2  -3  -1  -3   3   0  -3   0   1   2   0   5  -2  -3  -1  -1  -3  -3  -1    9   0   0   3   0  20   6   0   2   7  21   5  22   0   0   2   4   0   0   0  0.35 0.19
   55 L    -3  -4  -5  -5  -3  -4  -5  -5  -4   5   3  -4   2  -1  -5  -4  -2   1   0   2    0   0   0   0   0   0   0   0   0  51  27   0   6   0   0   0   1   2   3   9  0.85 0.26
   56 K     0   0   1   0  -3   2   2  -1   1  -2   0   1  -1  -3  -1   1   0  -3  -2  -2    9   4   8   4   0   9  16   3   3   3  10   8   0   0   2  15   6   0   0   0  0.16 0.09
   57 S     0   0   0   2  -4   3   3  -2   0  -4  -4   2  -3  -4  -2   0  -1  -4  -3  -2    9   4   4   9   0  16  27   1   2   0   0  16   0   0   0   6   3   0   0   3  0.43 0.17
   58 F    -1  -4  -3  -3  -1  -3  -4  -4  -2  -1   0  -4   0   5  -4  -2   3  -1   4   1    3   0   0   1   1   0   0   0   0   0   8   0   2  35   0   0  22   0  15  12  0.66 0.24
   59 Q    -2   4   1  -1  -4   4   0  -2  -1  -3  -2   2  -1  -4  -3  -1  -2  -4  -3  -2    2  31   6   1   0  28   3   1   1   1   4  15   2   0   0   1   1   0   0   2  0.61 0.23
   60 S     2   0   0   0  -3   1   1   0   0  -3  -2   1  -2  -3  -2   2   0  -4  -3  -2   22   4   5   5   0   8  11   8   3   0   3   7   0   0   0  20   3   0   0   3  0.23 0.12
   61 L    -1   1  -3  -4   0   0  -1  -1   1  -1   4   0   2  -1  -3  -2  -2  -3  -2   0    6   7   0   0   2   6   2   4   4   0  54   6   4   1   0   1   0   0   0   3  0.35 0.18
   62 V     1  -2  -2  -2  -2  -2  -3  -2  -3   1   0  -2  -1  -3  -3   0   5  -4  -2   2    9   2   0   2   0   0   0   2   0   8   6   2   0   0   0   5  43   0   1  20  0.45 0.21
   63 P     1   0   1   3  -1   0  -1   2  -1  -3  -3   0  -3  -4   2   1   0  -4  -3  -2   16   4   7  21   1   4   1  15   1   0   0   4   0   0  10   8   4   0   0   3  0.30 0.12
   64 N     0   2   2   2  -3   1   0   1   1  -3  -3   2  -2  -3  -1   0   0  -4  -2  -3   11  11  11  12   0   5   2   9   5   1   2  17   0   0   2   6   6   0   0   0  0.23 0.10
   65 P     0   0   2   1  -1   0   1   0   0  -1  -1   1  -1  -2   2   0   0  -2  -1  -1    6   2  17   6   1   3  11   6   2   2   4   8   1   2   9   7   6   1   1   4  0.14 0.03
   66 D     0   1   1   1  -1   0   0   0  -1  -1  -1   1  -1  -1   1   1   0  -1  -1  -1    9   9   8   7   1   2   4   5   1   3   7   8   1   2   6  13   6   1   2   4  0.07 0.01
   67 L     0   0   1   0  -1   0   0   0   0   0   1   0   0  -1   0   0   0  -1   0   0   10   5  10   6   1   3   4   6   1   3  18   4   1   2   5   8   5   1   4   4  0.02 0.01
   68 H     0   1   0   0  -1   1   1   0   1  -1  -1   0   0  -1   0   0   0   0   0  -1    6   6   4   4   1   7  12   7   6   4   7   7   2   3   4   5   6   1   5   5  0.05 0.01
   69 R     0   2   1   0  -1   0   0   0   0  -1  -1   1   0  -1   0   0   0   0   0  -1    6  19   6   4   2   3   5   7   2   4   7   6   2   3   4   7   5   1   3   5  0.06 0.01
   70 N     0  -2   4  -2  -1  -2  -2  -3  -3  -1  -2  -2  -3  -4   5   1   0  -5  -4   0    7   1  25   0   1   0   0   0   0   4   3   1   0   0  35   9   3   0   0   9  0.74 0.24
   71 V    -2  -4  -5  -5  -3  -4  -4  -5  -4   2   1  -4   1   5  -5  -4  -2  -3  -1   4    1   0   0   0   0   0   0   0   0  11   9   0   3  30   0   0   2   0   0  44  0.81 0.26
   72 N    -4  -3   8  -1  -6   0  -3  -3  -2  -6  -6  -3  -5  -6  -5  -2  -3  -7  -5  -6    0   0  95   0   0   4   0   0   0   0   0   0   0   0   0   1   0   0   0   0  2.22 0.52
   73 L    -2  -4  -5  -5   1  -4  -4  -5  -5   2   4  -4   0   0  -4  -4  -2  -4  -3   4    1   0   0   0   3   0   0   0   0   8  48   0   0   2   0   0   0   0   0  37  0.79 0.25
   74 N    -4  -3   9  -1  -6  -3  -3  -3  -2  -6  -6  -3  -5  -6  -5  -2  -3  -7  -5  -6    0   0 100   0   0   0   0   0   0   0   0   0   0   0   0   0   0   0   0   0  2.44 0.56
   75 F    -4  -5  -5  -6  -4  -5  -5  -6  -4  -1   1  -5  -2   8  -6  -5  -4  -2   0   2    0   0   0   0   0   0   0   0   0   0  13   0   0  69   0   0   0   0   0  18  1.49 0.38
   76 F    -5  -6  -6  -6  -5  -6  -6  -6  -4  -3  -2  -6   0   9  -7  -5  -5  -2   0  -4    0   0   0   0   0   0   0   0   0   0   0   0   3  97   0   0   0   0   0   0  2.50 0.53
   77 Y     0  -5  -4  -5  10  -5  -5  -5  -5  -3  -4  -5  -4  -4  -5  -1   1  -4   0   0    7   0   0   0  69   0   0   0   0   0   0   0   0   0   0   4  10   0   4   5  2.01 0.45
   78 H    -5  -3  -2  -4  -6  -1  -3  -5  11  -6  -6  -4  -4   0  -5  -4  -5  -5   1  -6    0   0   0   0   0   2   0   0  91   0   0   0   0   5   0   0   0   0   2   0  2.83 0.59
   79 E     0   1  -1   4  -4   2   3  -3  -2  -4  -3   2  -3  -4   1  -1  -1  -4  -3  -3    9   8   1  24   0   9  25   0   0   0   2  12   0   0   6   2   1   0   0   0  0.51 0.18
   80 Y     0   0   0   0   0   0   0   0   1   0   0   0   0   0   0   0   0   0   1   0    7   5   4   5   2   4   6   7   4   5   8   5   2   4   5   7   6   1   7   6  0.02 0.01
   81 K     0   0   0   0   0   0   0   0   0   0   0   1   0   0   0   0   0   0   0   0    7   5   4   5   2   4   6   7   2   5   8  11   2   4   5   7   6   1   3   6  0.02 0.01
   82 S     0   0   0   0   0   0   0   0   0   0   0   0   0   0   0   1   0   0   0   0    7   5   4   5   2   4   6   7   2   5   9   6   2   4   5  11   6   1   3   6  0.02 0.01
   83 D     0   0   0   1   0   0   0   0   0   0   0   0   0   0   0   0   0   0   0   0    7   5   4   9   2   4   6   7   2   5   9   6   2   4   5   7   6   1   3   6  0.02 0.01
   84 P    -2  -2  -1  -2  -4  -2   1  -4   0   2  -1   0  -2  -1   5  -2   0  -4  -2   0    1   1   3   2   0   1   9   0   2  18   2   6   0   3  37   1   6   0   1   7  0.62 0.20
   85 S     2  -2  -2  -1  -3  -1   1  -3  -3  -2  -2   0  -2  -2   5   0  -1  -4   0   1   23   0   2   2   0   2  12   0   0   0   3   4   0   2  28   4   1   0   4  13  0.46 0.18
   86 C    -1   2   2   0   1   2   1  -3   2  -1  -2   1  -2  -3   1   0  -1  -4  -2  -2    2  14  16   2   4  11  12   0   5   5   2  10   0   0   7   6   1   0   0   3  0.26 0.12
   87 G     1   2  -1   0  -3   2   1  -1  -1  -1  -1   1  -1  -2   0   0   0  -3  -2  -1   14  16   2   5   0  11  10   4   1   4   5   8   0   1   4   6   5   0   0   4  0.14 0.07
   88 E     0   0   0   0   0   0   1   0   0   0   0   0   0   0   0   0   0   0   0   0    7   5   4   5   2   4  10   7   2   5   9   6   2   4   5   7   6   1   3   6  0.02 0.01
   89 T     0   0   0   0  -1   1   0   0   2   0   0   0   0  -1   1   0   1   0   0   0    7   4   4   5   2   6   5   6   7   4   8   5   2   3   6   6  10   1   3   7  0.03 0.00
   90 P     0   0   0   0  -1   0   0   0   0   0   0   0   0  -1   3   0   0   0   0   0    8   4   4   5   2   4   5   6   2   4  10   5   2   3  14   6   6   1   3   7  0.08 0.00
   91 P     0  -1   0  -1  -2  -1  -1  -1  -1  -1  -1  -1  -1  -2   6  -1  -1  -2  -1   0    5   3   5   4   1   2   3   5   1   3   6   3   1   2  40   4   3   1   2   8  0.56 0.08
   92 Q    -2  -1   3   5  -4   1  -1  -1  -1  -4  -4  -1  -3  -4  -1   1   3  -5  -4  -3    0   2  12  34   0   7   1   3   1   0   0   2   0   0   2  10  24   0   0   0  0.61 0.22
   93 K     1  -1   1   3  -3   1   1  -2   0  -2  -2   1  -2  -4   3   0   0  -4  -3  -2   17   2   6  17   0   5   8   0   2   2   2  12   0   0  15   5   6   0   0   0  0.32 0.13
   94 R     1   0   0   1  -3   1   2  -2   1   0  -1   0  -1  -3  -1   0   1  -4  -2  -1   19   4   3   8   0   7  18   1   4   5   6   2   0   0   2   7   9   0   0   4  0.15 0.09
   95 K    -1   2  -1  -1  -1   4   2  -3   0   0  -1   2  -2  -3  -3  -1  -1  -4  -3   1    3   9   1   1   1  29  11   0   2   7   3  16   0   0   0   3   1   0   0  12  0.36 0.17
   96 V     0  -1   1   0  -3   1   3  -3   1   1  -1   0   0  -3  -3  -1   0  -4  -3   1    6   1   8   3   0   4  30   0   4  13   2   7   2   0   0   0   7   0   0  12  0.25 0.14
   97 E     2   1   1   1  -3   3   3  -2  -1  -4  -3   1  -2  -4  -2   0  -1  -4  -3  -3   19   9   5   9   0  16  21   1   1   0   1   8   0   0   0   7   3   0   0   0  0.39 0.16
   98 N     2   0   6   0  -4   0   1  -2  -2  -3  -4   1  -2  -4  -3  -1  -1  -5  -4  -3   24   5  44   3   0   3   9   1   0   1   0   8   1   0   0   2   1   0   0   0  0.66 0.25
   99 W    -6  -6  -7  -8  -6  -5  -6  -6  -5  -6  -5  -6  -5  -2  -7  -6  -6  13   2  -6    0   0   0   0   0   0   0   0   0   0   0   0   0   0   0   0   0  96   4   0  4.34 0.73
  100 V    -1  -1  -1  -3   1  -1  -2  -4   0   2   2   1   1   0  -3  -2  -1   0   1   1    4   2   4   0   3   1   0   0   3  19  31  13   3   3   0   1   1   1   5   8  0.20 0.12
  101 S     0   2   1   1  -4   3   2  -1  -1  -4  -4   3  -3  -4  -2   1  -1  -4  -3  -3   10  11   7   7   0  17  10   2   1   0   0  23   0   0   0   8   3   0   0   0  0.40 0.16
  102 L    -1   2  -3  -3  -2   0  -1  -3   3   0   3   0   0   0  -3  -2  -2  -2   2  -1    4  12   0   0   1   5   3   1   8   5  42   7   0   3   0   1   1   0   8   1  0.28 0.15
  103 V    -3  -4  -5  -5  -3  -4  -4  -5  -2   1   3  -4   1   3  -5  -4  -3  -1   6   1    1   0   0   0   0   0   0   0   0   7  30   0   4  13   0   0   0   0  37   8  0.86 0.27
  104 N     1   2   1   0  -3   2   1   0   0  -3  -3   2  -2  -4  -2   2   0  -2  -3  -2   13  13   7   3   0  11   8   8   2   0   1  13   0   0   0  17   2   1   0   1  0.27 0.12
  105 K    -1   1   0  -1  -4   0  -1  -2  -3  -4  -4   4  -3  -5   5  -1  -1  -5  -4  -3    3   8   4   3   0   2   3   1   0   0   0  34   0   0  35   3   3   0   0   1  0.85 0.25
  106 S     1  -2  -2  -1  -2   0   0  -2  -1   1   1  -1  -1   1  -3   0   0  -2   3   1   17   0   1   2   0   4   7   2   1   7  17   2   0   4   0   9   4   0  14  10  0.11 0.09
  107 L    -3  -2  -4  -4  -3  -3  -4  -4  -2   1   1  -4   1   6  -2   0  -2  -1   4   0    0   1   0   0   0   0   0   0   0   8  11   0   4  44   2   9   2   0  13   6  0.71 0.24
  108 L     1  -1   2   0  -3   0   2   1   1  -2  -1   0  -2  -1   1   0   0  -3  -2  -2   17   2  12   4   0   2  15  11   5   1   6   7   0   2   6   7   3   0   0   0  0.16 0.09
  109 G     0   2   0   0  -1   2   2  -1  -1  -1  -2   2  -2  -3   1   0  -1  -3  -2   0    6  13   4   3   2   8  17   4   0   4   1  13   0   0   6   7   0   0   0  10  0.18 0.09
  110 P     0  -2  -1  -2  -2  -1   0  -1  -1   0   0  -2   0   4   0   0  -1  -1   3   0    6   1   3   1   0   2   6   5   1   6   8   1   1  27   4   7   3   0  11   7  0.19 0.10
  111 D    -1  -1   3   2  -3   0   0   4   0  -3  -3   0  -3  -3  -2   0  -1  -3  -3  -2    3   2  17  10   0   2   5  36   2   1   1   7   0   0   1   7   2   0   0   4  0.43 0.14
  112 R     3   0   0  -1  -2   0   0   0   0   1  -1  -1  -1  -1  -2   1   1  -3  -2   0   31   4   4   2   0   3   4   6   2  12   4   2   0   2   1   8   8   0   0   7  0.13 0.09
  113 I     0  -1   0   2  -3   1   3  -1   0  -1  -1   1  -2  -3   0   0  -1  -3  -2  -1   11   1   4  14   0   5  23   2   2   4   5  11   0   0   3   5   3   0   1   4  0.20 0.09
  114 S     0  -2  -2  -1  -3  -2  -1  -3  -3   1   0  -1  -1   0   5   0  -1   3  -1   0   10   2   2   3   0   0   2   1   0  10  11   3   0   4  29   8   2   5   2   5  0.40 0.13
  115 G    -3   0  -3   2  -5  -2   0  -2  -1  -2  -2   0  -4  -5   7   0  -2  -5  -4  -3    0   4   0  12   0   0   6   3   1   3   3   4   0   0  54   6   2   0   0   1  1.12 0.29
  116 D     1   0   0   2  -3   1   1  -2  -2  -1  -2   1  -1  -2   1   1   0  -4  -2  -1   16   4   5  13   0   6   9   0   0   6   2   7   2   1   6  15   5   0   0   3  0.16 0.09
  117 L     0   1   0   2  -2   1   1  -1   0  -1  -1   1  -1  -2  -2   1   1  -3  -1   0    9   8   4  14   0   7   7   3   2   3   5   7   0   0   0  13   8   0   3   7  0.12 0.07
  118 V    -1  -3  -2  -2  -3  -1  -2  -4  -2   2   4  -2   1   0  -4  -3   0  -3  -2   2    6   0   1   2   0   3   3   0   1   9  51   1   2   3   0   0   5   0   0  14  0.42 0.18
  119 S     0   1   3   1  -3   0   0  -1   0  -2  -2   1  -1  -3   0   1   1  -4  -2  -2    9   9  17   9   0   2   4   3   1   1   1  10   1   0   3  14  12   0   1   2  0.22 0.11
  120 E    -1  -1   1   0   2   1   4  -1   0  -2  -2   2  -3  -4  -1   1   0  -4  -3  -2    4   2   7   2   4   5  38   3   1   1   3  13   0   0   1   8   4   0   0   3  0.39 0.17
  121 I    -1  -4  -3  -4  -3  -4  -4  -1  -4   5   1  -4   0   3  -1  -2  -1  -3  -2   1    6   0   1   0   0   0   0   5   0  52   9   0   2  12   3   3   3   0   0   5  0.58 0.23
  122 T     0   0   3   0  -1   0   0   0   0  -1  -1   0  -1  -1  -1   1   0  -1   0   0    4   5  24   3   1   2   5   7   1   3   5   5   1   2   3   9   7   1   3   7  0.12 0.03
  123 T     0  -1  -1   0   1  -1  -1  -1  -1   2   0   0   0  -1   0  -1   0  -1  -1   2    4   3   2   5   4   2   3   4   1  14   8   5   1   2   4   4   7   1   2  25  0.06 0.03
  124 T     0  -1   0  -1  -1  -1  -1  -1  -1  -1  -1  -1  -1  -1   0   4   1  -1  -1  -1    4   2   2   3   1   2   3   4   1   3   7   3   1   3   5  42   8   1   2   3  0.24 0.08
  125 S    -4  -5  -5  -6  -1  -5  -5  -6  -2  -1  -2  -5  -3   6  -6  -2  -3  -1   8  -3    0   0   0   0   1   0   0   0   0   4   2   0   0  37   0   2   1   0  52   0  1.68 0.42
  126 R    -1   3  -2  -1  -4   2   0  -3   0  -4  -2   4  -1  -4   3  -1   1  -4  -3  -3    5  15   0   3   0   8   4   0   2   0   2  35   1   0  14   1   9   0   0   0  0.54 0.21
  127 S     0  -2  -2   0  -3   1   3  -3  -3  -4  -4  -2  -3  -5  -1   4   3  -5  -4  -3    4   0   0   3   0   4  24   0   0   0   0   0   0   0   2  46  16   0   0   0  0.73 0.29
  128 L    -4  -5  -5  -6  -4  -5  -6  -6  -4   1   0  -5  -2   8  -6  -5  -4   1   1   1    0   0   0   0   0   0   0   0   0   8   8   0   0  71   0   0   0   2   2   9  1.55 0.39
  129 L    -1  -1   1   0  -1   0   4  -3  -1  -1   1   0  -1  -3  -3  -2  -2  -4  -2   0    5   2   8   4   2   2  40   0   1   3  15   6   1   0   0   0   1   0   1   9  0.34 0.17
  130 A     0   1   1   0  -1   1   0  -1   0  -1  -1   1  -1  -1   0   1   0  -1  -1  -1    9  12   6   5   1   6   5   4   3   3   7   6   1   2   3  13   7   1   2   4  0.07 0.01
  131 A     0   0   0   1  -1   1   0   0   0   0   0   0   0  -1   0   0   0  -1  -1   0    8   4   6   7   1   6   7   7   2  11   6   9   2   3   5   5   4   1   2   5  0.02 0.00
  132 R     0   0   1   1  -1   1   1   0   0  -1  -1   0   0  -1   0   0   0   0   0  -1    7   6   7   7   1   5  10   6   2   4   7   7   2   3   4   7   6   1   6   5  0.04 0.00
  133 S     1  -2   1   3  -3   0   3  -1   0  -3  -3   0  -1  -4   0   1   0  -4  -3  -2   14   0   5  23   0   2  21   4   2   0   1   5   3   0   5   9   4   0   0   2  0.33 0.14
  134 K    -1  -2   3   4   1   0  -1  -3   2  -3  -2  -1  -3   1  -3   0  -1  -3   1  -2    3   0  21  29   4   3   0   0   6   0   5   3   0   6   0   7   2   0   6   3  0.39 0.17
  135 H    -1   0  -1   2  -4   2   2  -2   3  -4  -3   0  -3  -4   4   0  -1  -4  -1  -4    5   5   1  13   0   9  15   2   9   0   1   3   0   0  25   7   3   0   2   0  0.53 0.18
  136 K     1  -1   0   3  -4   1   3  -2   0  -4  -4   1  -3  -5   4   0  -2  -1  -3  -4   14   1   2  22   0   6  19   1   2   0   0   9   0   0  19   4   0   1   0   0  0.55 0.19
  137 M    -1  -2  -3  -4  -3   1  -2  -4  -1   0   1   0   6   3  -4  -2   0  -3   0   0    3   1   0   0   0   8   2   0   1   4  11   6  33  15   0   1   7   0   3   5  0.48 0.22
  138 E    -2  -4  -4  -5   1  -1  -2  -5  -2   1   4  -4   1   3  -4  -3  -2  -2   2   1    1   0   0   0   3   3   2   0   1   5  52   0   1  15   0   0   1   0   6  10  0.58 0.21
  139 A     1   0   1   3  -3   3   3  -2  -1  -4  -3   1  -3  -4  -2   1  -1  -4  -3  -2   14   3   8  15   0  14  21   0   1   0   2   6   0   0   1  12   2   0   0   1  0.38 0.16
  140 A    -1   0  -1  -2  -2   0  -1  -3  -2   1   2   0   3   0  -2  -1   0  -3   0   1    4   7   2   1   0   6   1   0   0   6  27   6  12   3   1   4   6   0   4  10  0.15 0.10
  141 V    -3  -4  -5  -6  -3  -4  -5  -6  -5   2   5  -5   1   2  -5  -4  -3  -3  -2   1    0   0   0   0   0   0   0   0   0   8  73   0   2   7   0   0   0   0   0   9  1.04 0.30
  142 L    -2  -3  -3  -4  -1  -3  -2  -2  -4   2   4  -2   2   1  -4  -2  -2  -3  -2   1    1   1   1   0   1   0   3   3   0  14  51   3   5   5   0   3   1   0   0   8  0.44 0.18
  143 A     0   0   0   2  -1   0   1   0   0  -1  -1   0  -1  -1   0   0   0  -1  -1  -1    9   5   3  14   1   3   9   7   3   3   6   7   1   2   3   9   7   1   2   4  0.07 0.01
  144 L     0   0   0  -1   1   0   0  -1   0   0   0   0   0   1   0   0   0   0   2   0    6   7   3   4   4   3   4   5   2   5   9   8   2  10   4   5   5   1   9   5  0.02 0.01
  145 L     0  -1  -1  -1  -1   0  -1  -1  -1   0   2  -1   0   1   0   0   0   2   0   0    6   4   3   4   1   3   4   5   2   4  30   4   2   7   4   5   4   3   2   5  0.04 0.01
  146 A     0   0   0   0  -1   1   1   0   0   0   0   1   0  -1   0   0   0  -1   0   0    9   4   3   5   1   6   8   7   3   7   7  11   2   3   4   5   4   1   2   8  0.02 0.00
  147 H    -1   0   1   2  -4   2   4  -2   0  -4  -3   3  -2  -4  -3   0  -1  -4  -3  -4    3   2   5  11   0   6  37   1   2   0   1  21   1   0   0   5   4   0   0   0  0.57 0.21
  148 Y     0  -3  -3  -2  -1  -1   0  -3  -1   0   2  -2   2   2  -3  -1   1   0   2   0    9   0   0   2   1   2   9   0   1   5  28   0   7  12   0   2  11   1   7   3  0.20 0.12
  149 Q    -1   4   1  -3   0   2  -1  -3  -2  -4  -3   5  -3  -5  -2  -1   0  -5  -4  -2    6  27   6   0   2   7   0   0   0   0   1  40   0   0   1   3   6   0   0   2  0.69 0.25
  150 P    -2  -5  -5  -5  -6  -4  -4  -5  -5  -5  -5  -4  -5  -6   8  -4  -4  -7  -6  -1    2   0   0   0   0   0   0   0   0   0   0   0   0   0  92   0   0   0   0   6  2.72 0.55
  151 K     2   1  -1  -2  -4   1   0   0   0  -4  -4   5  -3  -5   1  -1  -1  -4  -3  -3   22   4   1   1   0   4   4   6   2   0   0  43   0   0   8   3   2   0   0   0  0.54 0.22
  152 V     1  -5  -5  -5  -3  -4  -5  -5  -5   4  -1  -4   1  -1  -4  -3  -2  -5  -3   5   10   0   0   0   0   0   0   0   0  26   0   0   4   1   0   0   0   0   0  59  1.00 0.31
  153 V    -2  -5  -5  -6  -3  -5  -5  -6  -6   3  -1  -5  -1  -3  -5  -4  -2  -5  -4   6    2   0   0   0   0   0   0   0   0  17   2   0   0   0   0   0   0   0   0  79  1.37 0.39
  154 S    -2  -4  -2  -3  -4  -3  -3  -3  -4  -5  -4  -3  -4  -5  -4   7  -1  -6  -5  -4    0   0   0   0   0   0   0   0   0   0   2   0   0   0   0  97   1   0   0   0  1.76 0.52
  155 F    -5  -6  -6  -7  -5  -6  -6  -6  -4  -3  -2  -6  -3   9  -7  -5  -5  -2   0  -4    0   0   0   0   0   0   0   0   0   0   0   0   0 100   0   0   0   0   0   0  2.71 0.57
  156 H    -5  -4  -3  -4  -6  -3  -3  -5  11  -7  -6  -4  -5  -5  -6  -4  -5  -6  -1  -7    0   0   0   0   0   0   0   0 100   0   0   0   0   0   0   0   0   0   0   0  3.40 0.68
  157 F    -5  -6  -6  -7  -5  -6  -6  -6  -4  -3  -2  -6  -3   9  -7  -5  -5  -2   0  -4    0   0   0   0   0   0   0   0   0   0   1   0   0  99   0   0   0   0   0   0  2.66 0.56
  158 G    -2  -5   0  -4  -5  -4  -5   7  -5  -7  -6  -4  -5  -6  -5  -3  -4  -5  -6  -6    0   0   4   0   0   0   0  96   0   0   0   0   0   0   0   0   0   0   0   0  2.11 0.47
  159 C    -1  -4  -4  -5   2  -4  -4  -5   2   4   4  -4   0   0  -4  -4  -3  -3   1   0    5   0   0   0   5   0   0   0   6  25  49   0   0   2   0   0   0   0   5   3  0.65 0.23
  160 P    -3  -5  -5  -5  -6  -4  -4  -5  -5  -6  -6  -4  -6  -7   9  -4  -4  -7  -6  -6    1   0   0   0   0   0   0   0   0   0   0   0   0   0  99   0   0   0   0   0  3.07 0.60
  161 E     0  -1   1   1  -1   0   1   0   3  -4  -4   0  -3  -3   1   3  -1  -4  -3  -3    5   2   6   9   1   3   8   6  10   0   0   6   0   1   8  35   1   0   0   0  0.39 0.18
  162 K     1   0   0  -1  -3   3   1  -2   0  -2  -1   2  -2  -2   2   1  -1  -4  -3  -1   17   2   4   1   0  16   8   0   2   2   5  19   0   1  11   8   2   0   0   3  0.27 0.14
  163 E     2   0   0   1  -3   1   3  -1   2  -3  -3   0  -2  -4  -1   1   0  -4  -2  -2   18   5   3   9   0   7  21   3   6   0   2   4   0   0   2  14   3   0   1   1  0.28 0.13
  164 F     0  -1  -1  -3  -2   1  -2  -3  -3   1  -1  -1  -1   1  -3   0   3   4   0   2   10   2   1   0   0   8   0   0   0   7   4   1   0   6   0   7  29   6   3  16  0.27 0.16
  165 I    -4  -5  -5  -6  -4  -3  -5  -6  -5   7   1  -5   0  -2  -5  -5  -2  -5  -4   2    0   0   0   0   0   1   0   0   0  79  10   0   1   0   0   0   1   0   0   7  1.39 0.38
  166 G     0   1  -1   3  -4   2   3   0   0  -3  -3   2  -3  -4  -3  -1  -2  -4  -2  -3    9   8   1  15   0  12  23   6   1   1   2  18   0   0   0   2   1   0   1   0  0.41 0.17
  167 K     2   3  -2  -2  -3   1   1  -2  -1  -3  -2   2  -2  -1  -3   0   0   0   0  -2   24  19   0   1   0   6   9   2   1   0   2  18   0   2   0   6   4   1   4   2  0.29 0.15
  168 L    -4  -4  -6  -6  -4  -4  -5  -6  -5   2   6  -5   1   2  -5  -5  -3  -4  -2  -1    0   0   0   0   0   0   0   0   0   8  81   0   2   9   0   0   0   0   0   0  1.22 0.34
  169 Q    -3   2  -2  -3  -5   6  -1  -4   4  -5  -5   5  -3  -5  -4  -2  -3  -5  -3  -5    0  11   0   0   0  41   0   0  11   0   0  37   0   0   0   1   0   0   0   0  1.19 0.37
  170 G     1   1   1   3  -4   2   3   0  -2  -4  -4   2  -3  -4  -2   1  -2  -4  -3  -3   16   5   5  16   0   7  20   5   0   0   0  17   0   0   0   9   0   0   0   0  0.41 0.16
  171 L     2   0   0  -2  -2   1  -1   0   2   0   1  -1   0  -1  -3   0   0  -3  -1  -1   27   4   4   0   0   9   3   6   6   6  16   3   2   2   0   5   3   0   1   1  0.12 0.10
  172 G    -2  -4   0  -2  -5  -2  -3   7  -4  -6  -6  -1  -5  -6  -4  -1  -4  -5  -5  -6    0   0   3   1   0   2   1  86   0   0   0   4   0   0   0   2   0   0   0   0  1.71 0.40
  173 I    -2  -5  -5  -5   1  -5  -5  -4  -5   7   0  -5   0  -2  -5  -3  -1  -5  -4   2    2   0   0   0   3   0   0   1   0  74   5   0   1   0   0   1   4   0   0   8  1.16 0.34
  174 A     0  -1  -2  -3   0  -2  -2  -3  -2   1   2   0   2   0  -2   0   0  -2   2   2    6   2   1   0   2   0   0   0   0   9  23  10   7   2   1   6   6   0   8  15  0.14 0.09
  175 V    -2  -4  -4  -5  -3  -4  -4  -5  -5   2   3  -4   0  -2  -4  -3   2  -4  -3   4    0   0   0   0   0   0   0   0   0  11  28   0   1   0   0   0  16   0   0  43  0.72 0.25
  176 H    -4  -4  -5  -5  -4  -4  -5  -5   0   2   3  -5   4   6  -5  -4  -3  -2   0  -1    0   0   0   0   0   0   0   0   2  10  26   0  13  47   0   0   0   0   0   2  1.06 0.31
  177 V     4  -4  -3  -4  -1  -3  -3   0  -4   2  -1  -3  -2  -3  -3   0  -1  -4  -3   3   42   0   0   0   1   0   0   8   0  10   3   0   0   0   0   7   1   0   0  29  0.52 0.23
  178 C    -2  -4  -2  -3   5  -3  -3  -4  -4  -4  -4  -3  -3  -5  -3   4   6  -5  -4  -3    1   0   0   0  12   0   0   0   0   0   0   0   0   0   0  32  55   0   0   0  1.21 0.39
  179 A     6  -4  -4  -4  -3  -3  -3  -2  -4   0  -3  -3  -3  -4  -3   0  -1  -5  -4   2   73   0   0   0   0   0   0   0   0   4   0   0   0   0   0   4   2   0   0  17  1.02 0.35
  180 T    -3  -4  -3  -4  -4  -4  -4  -5  -5  -4  -4  -4  -4  -5  -4  -1   8  -6  -5  -3    0   0   0   0   0   0   0   0   0   0   0   0   0   0   0   0 100   0   0   0  2.12 0.56
  181 T    -2  -3   5  -1   0  -2  -2  -3  -3  -5  -3  -2  -4  -5  -3   5   2  -5  -4  -4    0   0  34   2   2   0   0   0   0   0   2   0   0   0   0  51  10   0   0   0  1.03 0.36
  182 L    -2  -2  -4  -3  -3  -3  -2  -5  -4   1   4  -4   0  -2  -1  -3  -2  -4  -3   3    3   2   0   2   0   0   3   0   0   3  55   0   0   0   4   0   1   0   0  28  0.67 0.25
  183 A     1   0   0   2  -4   2   3  -3   0  -3  -3   3  -3  -2  -1  -1   0  -4  -3  -2   18   2   2  11   0  11  23   0   2   1   0  19   0   3   2   1   4   0   0   1  0.38 0.17
  184 E    -4  -3  -3  -1  -7  -1   8  -5  -3  -6  -6  -2  -5  -6  -4  -3  -4  -6  -5  -5    0   0   0   1   0   0  99   0   0   0   0   0   0   0   0   0   0   0   0   0  2.15 0.54
  185 V     5  -4  -4  -4  -3  -3  -3   0  -4  -1  -2  -3  -2   2  -3  -1   0  -4  -3   1   67   0   0   0   0   0   0   5   0   2   2   0   0   9   0   1   4   0   0  10  0.78 0.30
  186 D    -2   4  -2  -1  -1   2   1  -4   1  -1   0   3  -2  -3  -3  -2  -1  -1  -1  -1    0  30   0   2   1  11   8   0   4   3   8  21   0   0   0   1   2   1   2   5  0.42 0.18
  187 V     1   0  -1  -2  -3   3   1  -3   2  -1   1   0   0  -1  -3  -1  -1   0   2   0   19   5   2   0   0  21   7   0   7   3  13   2   2   1   0   1   1   1   7   6  0.20 0.14
  188 L     2  -4  -4  -5   1  -4  -4  -4  -4   4   3  -4   0  -2  -4  -2  -2  -4  -3   2   23   0   0   0   3   0   0   0   0  27  37   0   0   0   0   1   0   0   0  10  0.58 0.22
  189 L     1  -2  -1  -1  -2   1   3  -3   0   1   1  -1   0  -2  -3   0   0  -3   0   1   15   1   2   1   1   7  23   0   3  13  14   1   1   0   0   4   5   0   3   9  0.16 0.12
  190 N     2   0   1   3  -3   1   3  -2   0  -4  -3   1  -3  -4  -2   1   0  -4  -3  -3   23   4   6  17   0   6  22   0   1   0   1   8   0   0   0   7   3   0   0   0  0.40 0.17
  191 A     4  -1   0  -3   0  -1  -2  -2   0  -2   1  -1  -2  -1  -3   1  -1  -4  -1  -1   48   3   4   0   1   2   0   0   2   0  19   4   0   2   0  11   1   0   1   2  0.39 0.21
  192 G    -2  -4   1   0  -5  -2  -2   6  -4  -6  -6   0  -5  -6  -4  -2  -4  -5  -5  -5    0   0   6   5   0   1   3  78   0   0   0   7   0   0   0   0   0   0   0   0  1.46 0.37
  193 V     0  -4  -5  -5   0  -4  -4  -5  -5   5   1  -4   2   0  -4  -3  -2  -4  -3   4    8   0   0   0   1   0   0   0   0  36   9   0   4   3   0   0   0   0   0  38  0.76 0.25
  194 D    -3  -4   1   8  -6  -2  -1  -4   2  -6  -6  -3  -6  -6  -4  -3  -4  -7  -5  -6    1   0   5  87   0   1   1   0   5   0   0   0   0   0   0   0   0   0   0   0  1.97 0.47
  195 A     3  -4  -3  -4  -3  -3  -4   5  -4   0  -3  -3  -3   0  -4  -2  -3  -4  -1   0   28   0   0   0   0   0   0  52   0   5   0   0   0   5   0   0   0   0   2   9  0.84 0.27
  196 I    -3  -5  -5  -5  -3  -5  -5  -6  -5   6   2  -5  -1  -2  -5  -4  -3  -5  -3   4    0   0   0   0   0   0   0   0   0  56  15   0   0   0   0   0   0   0   0  29  1.13 0.32
  197 L    -3  -5  -5  -6  -3  -5  -5  -6  -6   5   0  -5  -1  -3  -5  -4  -2  -5  -4   6    0   0   0   0   0   0   0   0   0  31   2   0   0   0   0   0   0   0   0  66  1.32 0.37
  198 C     4  -4  -4  -4   6  -3  -4  -3  -4  -2   2  -3  -2  -3  -4  -1  -2  -4  -4  -1   50   0   0   0  21   0   0   0   0   0  23   0   0   0   0   3   0   0   0   3  0.89 0.31
  199 Q    -4  -2  -3  -3  -6   9  -1  -5  -3  -6  -5  -2  -4  -7  -5  -3  -4  -5  -5  -5    0   0   0   0   0 100   0   0   0   0   0   0   0   0   0   0   0   0   0   0  2.55 0.63
  200 G    -2  -5  -3  -4  -5  -4  -5   7  -5  -7  -6  -4  -5  -6  -5  -1  -4  -5  -6  -6    0   0   0   0   0   0   0  96   0   0   0   0   0   0   0   4   0   0   0   0  2.12 0.47
  201 D    -3  -3  -5  -1  -4  -4  -4  -5  -2   3  -2  -4  -1   3  -5  -4  -4   7   7  -2    2   1   0   4   0   0   0   0   0  17   0   0   1  12   0   0   0  16  44   1  1.31 0.36
  202 E    -4  -3  -1  -1  -7   0   8  -5  -3  -6  -6  -2  -5  -6  -4  -3  -4  -6  -5  -5    0   0   2   0   0   1  97   0   0   0   0   0   0   0   0   0   0   0   0   0  2.07 0.53
  203 A     7  -4  -4  -5  -3  -4  -4  -2  -4  -4  -4  -3  -4  -5  -4  -1  -3  -5  -5  -3  100   0   0   0   0   0   0   0   0   0   0   0   0   0   0   0   0   0   0   0  1.77 0.49
  204 G    -2  -5  -3  -4  -5  -5  -5   7  -5  -7  -7  -4  -6  -6  -5  -3  -4  -5  -6  -6    0   0   0   0   0   0   0 100   0   0   0   0   0   0   0   0   0   0   0   0  2.28 0.49
  205 G    -2  -5  -3  -4  -5  -5  -5   7  -5  -7  -7  -4  -6  -6  -5  -3  -4  -5  -6  -6    0   0   0   0   0   0   0 100   0   0   0   0   0   0   0   0   0   0   0   0  2.28 0.49
  206 H    -5  -4  -3  -4  -6  -3  -3  -5  11  -7  -6  -4  -5  -5  -6  -4  -5  -6  -1  -7    0   0   0   0   0   0   0   0 100   0   0   0   0   0   0   0   0   0   0   0  3.40 0.68
  207 R    -4   8  -3  -5  -6  -2  -3  -5  -3  -6  -5  -1  -4  -6  -5  -3  -4  -6  -5  -6    0  99   0   0   0   0   0   0   0   0   0   0   0   0   0   1   0   0   0   0  2.35 0.55
  208 G    -2  -5  -3  -4  -5  -5  -5   7  -5  -7  -7  -4  -6  -6  -5  -3  -4  -5  -6  -6    0   0   0   0   0   0   0 100   0   0   0   0   0   0   0   0   0   0   0   0  2.28 0.49
  209 S    -1  -2   5  -1   0   0  -2  -3  -2   2  -1  -2   4  -3  -4   0   0  -4  -3   1    4   1  37   2   3   4   0   0   0  13   2   0  13   0   0   8   5   0   0   9  0.47 0.22
  210 F    -5  -6  -6  -7  -5  -6  -6  -6  -4  -3  -2  -6  -3   9  -7  -5  -5  -2   2  -4    0   0   0   0   0   0   0   0   0   0   0   0   0  97   0   0   0   0   3   0  2.60 0.55
  211 D    -2  -3   1   4  -4  -2   0  -3  -1   1   3  -1  -1  -3  -1  -1  -1  -4  -3  -1    2   0   9  33   0   0   3   0   1   7  33   4   0   0   3   2   2   0   0   1  0.43 0.20
  212 L     1  -1  -1   1  -3   0   0  -2  -1  -2  -1  -2  -2  -3   5   1  -1  -4  -3   0   10   2   2   9   0   4   5   1   1   0   7   0   0   0  32  14   2   0   0   9  0.50 0.16
  213 S     0  -1   3   4  -3   1   1  -1  -1  -3  -3   0  -3  -2   1   1   1  -4  -3  -3    6   1  15  25   0   5  10   3   1   1   1   3   0   2   8  11   8   0   0   0  0.37 0.14
  214 N     1   0   0   1  -3   2   1   0   1  -2  -1   1  -2  -3  -2   0   0  -3  -1  -1   19   4   5   8   0  11  11   5   4   1   5  10   0   0   0   3   5   0   3   6  0.13 0.08
  215 G    -1  -1   0   1  -3   0   1  -1   0  -1   0   0  -1   1   2   0   0   0   0  -1    1   1   4  10   0   4  13   3   2   2  15   4   0  10  11   5   7   2   2   1  0.12 0.08
  216 T    -4  -4   0   8  -6  -3   0  -4  -1  -6  -6  -3  -6  -6  -4  -3  -2  -7  -6  -6    0   0   2  92   0   0   3   0   1   0   0   0   0   0   0   0   2   0   0   0  2.13 0.49
  217 E     0  -1  -1   2  -2   1   5   0  -2  -4  -4  -1  -3  -5   0   1   0  -5  -4  -4    8   1   1   8   1   3  51   6   0   0   1   2   0   0   3   9   5   0   0   0  0.66 0.25
  218 N     0   1   3   0   2   4   1  -2  -1  -4  -4   3  -3  -5  -3  -1  -2  -4  -3  -4    6   8  20   5   5  23   7   2   1   0   1  20   0   0   0   1   0   0   0   0  0.53 0.21
  219 L    -4  -4  -5  -6  -3  -3  -5  -6  -5   2   6  -5   3  -1  -5  -5  -3  -1  -3   0    0   0   0   0   0   1   0   0   0   9  80   0   6   1   0   0   0   1   0   3  1.18 0.33
  220 S    -1  -2   0   0  -3  -1  -2   3  -3  -4  -4   0  -4  -5   1   4   1  -5  -4  -4    1   1   2   3   0   1   0  23   0   0   0   6   0   0   6  48   9   0   0   0  0.66 0.26
  221 T    -1  -4  -3  -4  -4  -3  -4  -4  -5  -3  -1  -3  -3  -5  -4  -1   7  -5  -4  -2    3   0   0   0   0   0   0   0   0   0   6   0   0   0   0   0  90   0   0   1  1.71 0.49
  222 F     0  -1  -2  -3  -1   1   0  -3   2   0   1  -1   1   3  -3  -1  -1   1   2   0   10   3   2   0   1   7   5   0   5   2  20   4   5  19   0   5   1   1   6   4  0.16 0.10
  223 A     3  -2  -1   1   2   1   1  -1   0  -1  -2  -1  -2  -3   0   2   0  -4  -3  -1   29   0   2   8   4   6  11   1   2   4   2   1   0   0   3  18   5   0   0   3  0.25 0.14
  224 L    -4  -5  -6  -6  -4  -5  -6  -6  -5  -1   6  -5   0  -2  -6  -5  -4  -4  -4  -2    0   0   0   0   0   0   0   0   0   0 100   0   0   0   0   0   0   0   0   0  1.68 0.44
  225 T    -3  -4  -4  -5  -1  -4  -4  -5  -4   0   1  -4  -1   5  -4  -3   3  -3  -1   4    0   0   0   0   1   0   0   0   0   3  10   0   0  32   0   0  20   0   0  33  0.75 0.27
  226 Q    -1   3   0   1  -4   3   1  -2   0  -1  -2   2  -2  -4   0   0   0  -4  -3  -2    3  20   3   7   0  14   7   1   2   4   3  17   0   0   4   7   6   0   0   1  0.31 0.13
  227 L    -1   1  -2  -1  -2   4   0  -3  -2   0   2   1   0  -3  -3  -1   0  -4  -3  -1    5  10   0   3   1  25   5   0   0   6  27   7   1   0   0   2   4   0   0   3  0.28 0.16
  228 V    -1  -4  -4  -4  -1  -4  -4  -5  -4   4   3  -4   0  -2  -4  -1   0  -4  -3   3    3   0   0   0   1   0   0   0   0  25  35   0   0   0   0   5   5   0   0  26  0.60 0.21
  229 L     0   0  -2  -3  -1   0  -2  -4  -2   1   0   3   0  -3  -3  -1  -1  -4  -3   4    9   4   1   0   1   4   0   0   1   4  10  22   1   0   0   2   2   0   0  39  0.34 0.19
  230 G     1   2   0   1  -2   3   1   0  -1  -3  -3   2  -2  -4  -1   0  -1  -4  -3  -3   12  14   4  10   1  14   7   6   1   1   1  17   0   0   2   7   2   0   0   0  0.28 0.12
  231 K     0   0   0  -2  -3   1   1  -2   3  -1   0   0  -2   0  -3  -1  -1  -2   4  -1   10   5   4   0   0   8  12   2   9   2   9   6   0   3   0   2   3   0  22   2  0.23 0.13
  232 V     0   0   0   0   0   0   0   0   0   0   0   0   0   0   0   0   0   0   0   0    7   4   4   5   2   4   5   6   2   6  14   5   2   3   5   8   5   1   3   9  0.01 0.03
  233 N     0   0   1   1  -1   0   0   0   0   0   0   0   0  -1   0   0   0   0   0   0   11   4   8   8   2   4   5   6   2   6   8   5   2   3   4   6   6   1   3   6  0.02 0.00
  234 G     0   0   1   0  -1   0   0   0   0   0   0   0   0   0   0   0   1  -1   0   0    5   3   6   7   1   3   5   8   1   5   7   8   3   5   3   9   9   1   3   6  0.02 0.00
  235 L     0   0   0   0  -1   0   0   1  -1   0   0   0   0  -1   0   0   0  -1  -1   0    8   3   3   5   1   6   7  10   1   3  15   5   3   2   3  10   4   1   2   6  0.02 0.01
  236 R     0   0   1   0  -1   0   0  -1   0  -1   0   1   0   0   1   0   0  -1   0  -1    6   5   8   6   1   4   6   4   1   3  10  10   1   6   8   7   5   1   2   4  0.05 0.01
  237 L     0   0   0   0  -1   0   0   0   0   0   0   0   0  -1   0   0   0  -1  -1   0    7   5   3   4   1   5   5   7   2   9  11   7   3   2   3   7   6   1   2  10  0.01 0.00
  238 Q    -1  -2   0   0   3   1   0  -2   0   1   1  -1   0  -1  -3   0   0  -3  -1   1    1   0   4   6   9   7   4   3   3   8  19   4   0   2   0   8   7   0   1  13  0.08 0.08
  239 N    -1   1   3   3  -4   1   1  -1  -2  -4  -4   1  -3  -4  -1   2   0   1  -3  -4    2   8  20  23   0   5   6   4   0   0   0   9   0   0   2  16   3   2   0   0  0.45 0.17
  240 P     0  -1  -3  -2   1  -2  -1  -2  -2   2   2   0   0  -2   1  -1   0  -3  -2   1    5   3   0   1   3   0   4   2   1  15  29   7   1   0   8   3   5   0   0  13  0.16 0.10
  241 P    -3  -5  -4  -3  -1  -2  -3  -2  -5  -5  -5  -2  -5  -6   8  -2   0  -6  -6  -4    0   0   0   1   1   2   1   3   0   0   0   1   0   0  83   1   5   0   0   1  2.24 0.48
  242 V    -1  -1  -1  -1  -1  -1  -1  -1  -1  -1   0  -1  -1   5  -1  -1  -1   0   4   0    4   4   2   3   1   2   3   4   1   2   7   5   1  29   3   3   3   1  18   5  0.29 0.07
  243 V    -3  -5  -5  -5  -3  -4  -5  -6  -5   4   2  -4  -1  -2  -5  -4  -2  -4  -3   5    0   0   0   0   0   0   0   0   0  29  23   0   0   0   0   0   0   0   0  48  0.99 0.29
  244 I    -3  -5  -6  -6  -3  -5  -6  -6  -6   7  -1  -5  -1  -3  -5  -5  -3  -5  -4   4    0   0   0   0   0   0   0   0   0  74   1   0   0   0   0   0   0   0   0  25  1.51 0.40
  245 A     5  -4  -4  -4  -3  -3  -3  -3  -4  -4  -4  -3  -4  -5   5   0  -2  -5  -4  -3   62   0   0   0   0   0   0   0   0   0   0   0   0   0  33   4   1   0   0   0  1.33 0.38
  246 A     7  -4  -4  -4  -3  -3  -3  -2  -4  -4  -4  -3  -3  -5  -3   0   0  -5  -4  -3   93   0   0   0   0   0   0   0   0   0   0   0   0   0   0   3   4   0   0   0  1.53 0.45
  247 G    -2  -5  -3  -4  -5  -5  -5   7  -5  -7  -7  -4  -6  -6  -5  -3  -4  -5  -6  -6    0   0   0   0   0   0   0 100   0   0   0   0   0   0   0   0   0   0   0   0  2.28 0.49
  248 G    -2  -5  -3  -4  -5  -4  -5   7  -5  -7  -6  -4  -5  -6  -5  -2  -4  -5  -6  -6    0   0   0   0   0   0   0  98   0   0   0   0   0   0   0   2   0   0   0   0  2.19 0.48
  249 I    -4  -6  -6  -6  -4  -5  -6  -6  -6   8   1  -5   1  -3  -5  -5  -3  -5  -4   1    0   0   0   0   0   0   0   0   0  90   6   0   2   0   0   0   0   0   0   2  1.74 0.44
  250 M    -1  -4  -1  -3  -4  -3  -4  -2   1  -1  -1  -4   9  -3  -5  -2  -1  -4   0   2    4   0   3   1   0   0   0   3   3   1   0   0  59   0   0   2   3   0   4  16  1.16 0.39
  251 D    -3  -4   3   7  -5  -2   0  -2  -3  -5  -6  -3  -5  -6  -4   1   1  -6  -5  -5    0   0  12  67   0   0   2   2   0   0   0   0   0   0   0   9   9   0   0   0  1.35 0.37
  252 G     1  -4  -2  -2  -4  -3  -3   6  -4  -5  -5  -3  -4  -5  -1   2  -2  -5  -5  -4    9   0   0   1   0   0   0  66   0   0   0   0   0   0   3  19   2   0   0   0  1.19 0.33
  253 T     2   1   0   0  -3   2   2  -1   0  -3  -3   3  -2  -3  -2   0   0  -4  -2  -2   22   8   3   3   0  11  12   2   2   0   0  22   1   1   0   6   5   0   1   1  0.32 0.15
  254 V     0  -3  -1   3  -3   1  -1   3  -1  -2  -3  -2  -3  -4  -3   1   2  -4  -4  -2    6   0   0  22   0   8   1  26   2   3   1   0   0   0   0  10  20   0   0   2  0.44 0.19
  255 I     1  -5  -5  -5  -3  -5  -5  -5  -5   7  -1  -5   1  -3  -5  -4  -3  -5  -4   3   13   0   0   0   0   0   0   0   0  69   0   0   2   0   0   0   0   0   0  16  1.19 0.35
  256 E     2   3   2  -1  -2   1   0  -1  -2  -3  -2   2  -2  -3  -3   0  -1   0  -3  -2   25  18  10   1   1   4   6   3   0   0   4  16   0   1   0   7   2   1   0   1  0.28 0.14
  257 S     3  -1   0  -2  -3   0   1  -1   2  -3  -3   1  -2   0  -3   0  -1   1   4  -2   30   3   4   1   0   5   8   3   5   1   1   7   0   3   0   5   3   2  19   0  0.30 0.16
  258 L     3  -4  -4  -5   0  -3  -4  -4  -2  -2   0  -3   4   0  -4  -2  -2  -2   6   0   27   0   0   0   2   0   0   0   0   1   7   0  16   2   0   0   2   0  38   6  0.82 0.30
  259 L    -3  -3  -5  -6  -3  -4  -5  -6  -5   2   6  -4   3   0  -5  -4  -3  -4  -3   0    0   1   0   0   0   0   0   0   0   8  79   0   6   3   0   0   0   0   0   3  1.15 0.33
  260 S     1   0   2   3  -3   2   1  -2  -2  -3  -3   1   0  -4  -2   2   0  -4  -3  -3   12   5   9  21   0  12   7   1   0   1   0  11   3   0   0  15   3   0   0   0  0.36 0.15
  261 L    -2  -2   1  -3  -2   2  -1  -4   1   0   4   0   0   0  -4  -1  -2  -3   0  -1    3   0  10   0   1  10   4   0   5   3  49   6   0   3   0   3   1   0   3   0  0.34 0.19
  262 G    -2  -5  -1  -4  -5   0  -4   7  -4  -6  -6  -4  -5  -6  -5  -3  -4  -5  -6  -6    0   0   3   0   0   4   0  93   0   0   0   0   0   0   0   0   0   0   0   0  1.98 0.45
  263 A     6  -4  -4  -4   0  -3  -3  -2  -4   0  -3  -3  -3  -4  -3  -1  -2  -5  -4   0   86   0   0   0   1   0   0   0   0   5   0   0   0   0   0   1   0   0   0   6  1.28 0.40
  264 G     3  -2  -2   2  -3   0   0  -1  -3  -2  -3  -1  -1  -4  -3   3  -1  -4  -3   0   33   0   0  13   0   4   6   2   0   1   1   3   1   0   0  27   1   0   0   7  0.40 0.20
  265 G     6  -4  -3  -4  -3  -3  -3   3  -4  -4  -4  -3  -4  -5  -3   0  -2  -5  -4  -3   75   0   0   0   0   0   0  22   0   0   0   0   0   0   0   3   0   0   0   0  1.23 0.38
  266 V     2  -5  -5  -5   1  -4  -4  -4  -5   0  -2  -4  -2  -3  -4  -3  -1  -5  -4   6   20   0   0   0   3   0   0   0   0   2   0   0   0   0   0   0   3   0   0  73  1.11 0.36
  267 M    -4  -2  -3  -3  -1   9  -1  -5  -3  -6  -5  -2   0  -6  -4  -1  -4  -5  -4  -5    0   0   0   0   2  93   0   0   0   0   0   0   2   0   0   3   0   0   0   0  2.21 0.58
  268 M    -3  -4  -5  -6  -3  -4  -5  -6  -5   0   5  -4   6  -2  -5  -4  -3  -4  -3   1    0   0   0   0   0   0   0   0   0   2  66   0  23   0   0   0   0   0   0   8  1.19 0.34
  269 G    -2  -5  -3  -4  -5  -5  -5   7  -5  -7  -7  -4  -6  -6  -5  -3  -4  -5  -6  -6    0   0   0   0   0   0   0 100   0   0   0   0   0   0   0   0   0   0   0   0  2.28 0.49
  270 T    -3  -4  -3  -4  -4  -4  -4  -4  -5  -4  -4  -4  -4  -5  -4   0   8  -5  -5  -3    0   0   0   0   0   0   0   0   0   0   0   0   0   0   0   3  97   0   0   0  2.01 0.54
  271 A     6  -4  -4  -4  -3  -3  -3  -3  -4   1  -2  -3  -2  -4  -3  -1  -1  -5  -4   2   72   0   0   0   0   0   0   0   0   8   3   0   0   0   0   0   1   0   0  16  0.98 0.34
  272 F    -5  -6  -6  -6  -5  -6  -6  -6  -4  -3  -1  -6  -3   9  -7  -5  -5   4   2  -4    0   0   0   0   0   0   0   0   0   0   2   0   0  89   0   0   0   6   3   0  2.33 0.51
  273 L    -3  -4  -5  -5  -3  -4  -5  -6  -5   4   4  -4   0  -2  -5  -4  -3  -4  -3   3    0   0   0   0   0   0   0   0   0  25  53   0   0   0   0   0   0   0   0  22  0.94 0.28
  274 R     3  -1  -2  -1  -3   0  -2   1  -1  -2   1  -1  -2  -2   3   0   0  -4  -3  -2   30   3   0   2   0   6   0  11   1   0  17   1   0   1  16   3   7   0   0   0  0.30 0.16
  275 T    -1  -4  -3  -4   9  -4  -4  -4  -5  -3  -4  -4  -3  -5  -4   0   5  -5  -4   0    5   0   0   0  45   0   0   0   0   0   0   0   0   0   0   7  38   0   0   6  1.50 0.40
  276 P     0  -1  -1   1  -4   0  -1  -3  -3  -4  -4   2  -4  -5   6   0   0  -5  -4  -3    7   3   2   8   0   3   3   0   0   0   0  13   0   0  50   6   4   0   0   2  1.07 0.28
  277 E    -3  -3  -3   0  -6   2   7  -2  -3  -6  -5  -2  -4  -6  -4  -1  -2  -5  -5  -5    0   0   0   1   0   9  82   3   0   0   0   0   0   0   0   2   2   0   0   0  1.56 0.44
  278 S     1  -3  -2  -3   3  -3  -3  -3  -4  -5  -5  -3  -4  -5  -3   6   0  -5  -4  -4    8   0   0   0   6   0   0   0   0   0   0   0   0   0   0  84   2   0   0   0  1.42 0.44
  279 I     2  -1   3  -2  -2   0  -2  -1  -1  -1   0   0  -2  -3  -3   2   2  -4  -3  -1   22   2  16   0   0   3   0   1   1   4  11   6   0   0   0  20  13   0   0   2  0.26 0.15
  280 V     5  -3   0  -3  -2  -3  -3  -2  -3   1  -3  -3  -2  -4  -3   1   1  -5  -3   1   55   0   6   0   0   0   0   0   0   9   0   0   0   0   0  10   9   0   0  12  0.61 0.26
  281 S    -1  -3   4   3  -1  -2  -1  -1   1  -5  -5  -1  -4  -5   2   3  -1  -5  -4  -4    4   0  23  21   1   0   0   2   3   0   0   3   0   0  11  31   1   0   0   0  0.67 0.25
  282 R     2   0  -1   1  -3   1   1  -1  -1  -3  -4   2  -3  -4   3   1   0  -4  -2  -3   17   5   0   7   0   6  10   2   1   0   0  13   0   0  18  15   3   0   1   1  0.37 0.15
  283 T     1  -2  -1  -1  -3  -2   0   2   0  -1  -1   0  -2   4  -3  -1  -1  -2   2  -2   18   0   3   2   0   0   7  15   2   4   3   6   0  26   0   2   4   0   8   0  0.27 0.15
  284 F    -4  -4  -2  -5  -5  -4  -4  -5   5   2  -2  -4  -3   5  -5  -4  -4   3   7  -2    0   0   2   0   0   0   0   0  14  13   0   0   0  25   0   0   0   3  41   2  1.27 0.35
  285 S    -1   6   0  -3  -4   0  -1   0  -1  -4  -2   2  -3  -4  -3   1   0  -4  -3  -3    3  48   4   0   0   3   2   8   1   0   5  12   0   0   0   9   4   0   0   0  0.64 0.23
  286 K     1   1   2   2  -3   1   2  -2  -1  -3  -3   2  -3  -4  -1   0   0  -4  -3  -2   18   6  12  13   0   7  11   1   1   0   0  18   0   0   1   5   4   0   0   1  0.33 0.14
  287 Q     3  -1  -2  -3   0   0  -1  -2  -2   0   1   0   1  -1   0   1   0  -3  -1   0   34   3   0   0   2   5   3   0   1   3  18   6   3   1   3   9   4   0   2   3  0.17 0.12
  288 V    -3  -4  -4  -5  -3  -4  -4  -4  -4   3   4  -3   1   2  -4  -3  -2  -3  -2   2    0   0   0   0   0   0   0   1   0  16  56   2   2   9   0   1   0   0   0  12  0.69 0.22
  289 E     0   1   0   0  -3   1   0  -2   0  -2  -1   2  -1   2  -2   0   1  -2  -1  -2    7   8   4   4   0   7   5   1   1   0   6  20   1  14   0   8  12   0   0   1  0.15 0.10
  290 G     0   0   2   0  -3   0   1   1  -1  -3  -3   0  -2  -3  -2   4   0  -3  -1  -3    5   3  10   4   0   2  10  11   1   1   2   6   0   0   1  37   4   0   2   1  0.34 0.16
  291 L     1   1   2   0  -1   0   0   0  -1  -2  -2   1  -2  -3   3   0   0  -3  -1  -2   14   9  12   5   2   5   4   7   1   2   4   7   0   0  15   6   7   0   2   1  0.20 0.09
  292 Y     2   1  -1   0  -3   1   1   1   0  -2   0   0  -2  -3   0   1  -1  -3  -1  -2   28   9   1   3   0   5   8  12   3   0  10   4   0   0   5   9   0   0   3   0  0.18 0.12
  293 T     0   0   0   0  -2   0   0   0   2  -1  -1   0  -1  -1   2   0   1   0   0  -1   10   6   3   5   0   4   7   6   7   5   4   7   1   2   9   6  10   1   3   3  0.08 0.04
  294 D    -1   0   1   2  -1   1   2   0   4  -3  -3   0  -2  -4   3   0   0  -4  -2  -3    4   3   5  14   1   4  13   5  13   1   1   5   1   0  16   6   7   0   0   0  0.34 0.13
  295 T    -3  -4  -3  -4  -4  -4  -4  -5  -5  -4  -4  -4  -4  -5  -4  -1   8  -6  -5  -3    0   0   0   0   0   0   0   0   0   0   0   0   0   0   0   0 100   0   0   0  2.16 0.59
  296 I     0   1  -3  -3   0   1  -1  -4  -3   3   0  -1   0  -2  -3  -2   0  -4  -3   3    8  10   0   0   2   8   4   0   0  27   5   3   2   0   0   1   4   0   0  26  0.30 0.17
  297 I    -4  -4  -5  -6  -4  -4  -5  -6  -5   3   1  -4   9  -3  -5  -5  -3  -4  -4   0    0   0   0   0   0   0   0   0   0  14  11   0  71   0   0   0   0   0   0   5  1.86 0.51
  298 T    -3  -4  -3  -4  -3  -3  -4  -4  -4   0  -3  -3  -3  -4  -4   0   7  -5  -4   1    0   0   0   0   0   0   0   0   0   5   1   0   0   0   0   6  79   0   0   9  1.41 0.45
  299 P     2   2   1   2   0  -1   0  -2  -2  -4  -4   0  -3  -4   3   2  -1  -5  -3  -3   25  14   7  12   3   0   3   0   1   0   0   5   0   0  15  16   1   0   0   0  0.42 0.19
  300 L     3  -3  -2  -4  -1  -3  -2  -2  -3   1   3  -3   0  -1  -3   1  -1  -3  -1   1   28   0   2   0   1   0   1   1   0   6  35   0   1   1   0   9   1   0   2  11  0.33 0.18
  301 V    -3  -5  -5  -5   0  -5  -5  -6  -5   6   0  -5  -1   1  -1  -4  -3  -4  -3   4    0   0   0   0   2   0   0   0   0  49   2   0   0   6   3   0   0   0   0  38  1.04 0.33
  302 S    -2  -4  -2  -3  -4  -3  -3  -3  -4  -5  -5  -3  -4  -5  -4   7   1  -6  -5  -4    0   0   0   0   0   0   0   0   0   0   0   0   0   0   0  95   5   0   0   0  1.76 0.53
  303 G    -3  -5  -3  -4  -5  -5  -5   7  -5  -7  -7  -4  -6  -6  -5  -3  -4  -5  -6  -6    0   0   0   0   0   0   0 100   0   0   0   0   0   0   0   0   0   0   0   0  2.30 0.52
  304 R    -4   7  -3  -4  -6  -1  -2  -5  -3  -5  -3   5  -4  -5  -4  -3  -3  -5  -4  -5    0  66   0   0   0   0   0   0   0   0   3  31   0   0   0   0   0   0   0   0  1.61 0.44
  305 P    -1  -1   1  -4  -5  -1  -3  -4   1  -2  -5  -3  -4   0   7  -1  -3  -6  -4  -4    4   4   9   0   0   2   0   0   3   3   0   0   0   4  67   4   0   0   0   0  1.64 0.41
  306 A     6  -4  -4  -4  -3  -3  -4  -3  -4  -4  -1  -3  -3  -5  -3  -1  -1  -5  -4  -3   91   0   0   0   0   0   0   0   0   0   6   0   0   0   0   1   2   0   0   0  1.47 0.46
  307 R    -4   8  -3  -5  -7  -2  -3  -5  -3  -6  -5  -1  -4  -6  -5  -4  -4  -6  -5  -6    0 100   0   0   0   0   0   0   0   0   0   0   0   0   0   0   0   0   0   0  2.45 0.59
  308 C     2  -4  -3  -4   7  -3  -4   3  -4  -4  -4  -3  -3  -5  -4   0   4  -5  -4  -3   18   0   0   0  27   0   0  23   0   0   0   0   0   0   0   4  27   0   0   0  0.94 0.32
  309 L    -3  -2  -5  -5  -3  -4  -5  -5  -5   5   4  -4   1   0  -5  -4  -3  -4  -3   2    0   2   0   0   0   0   0   0   0  37  42   0   3   4   0   0   0   0   0  13  0.83 0.27
  310 K     1   2  -1  -1   0   0   0  -2  -1   0   0   2   0  -2  -1   0  -1  -3  -2   1   11  13   1   2   2   1   7   1   1   7  10  16   2   0   2   9   2   0   1  13  0.09 0.08
  311 T    -3  -3   6  -2  -4  -3  -3  -2  -3  -3  -5  -3  -4  -5  -4   0   5  -6  -4  -4    0   0  46   0   0   0   0   1   0   1   0   0   0   0   0   4  48   0   0   0  1.34 0.43
  312 L     0   3  -3   0  -4   0  -1  -2   0  -4  -3   0  -3  -4   6  -1  -2  -5  -2  -3    9  17   0   6   0   5   3   2   3   0   2   3   0   0  42   2   2   0   1   1  0.84 0.26
  313 F    -2  -2  -1  -2  -2  -2  -2  -2  -1  -1   0  -2   0   6  -2  -2  -2   1   1  -1    3   2   3   2   1   2   3   3   1   2   8   2   2  52   2   3   2   2   3   3  0.62 0.14
  314 V    -4  -5  -5  -5  -4  -5  -5  -5  -2   5   1  -5   1   6  -5  -4  -3   4   0   0    0   0   0   0   0   0   0   0   1  38  13   0   2  35   0   0   0   6   1   2  1.00 0.31
  315 S    -2   1   0   1   1   1   2  -3   1   0  -3   0  -2  -3  -3   0   3  -4  -3  -1    1   8   4   9   4   7  17   0   4   9   0   3   0   0   0   6  24   0   0   3  0.27 0.16
  316 S     1   3   1   2  -1   1   1  -1   1  -4  -4   2  -3  -4  -2   1   0  -4  -3  -3   13  19   7  13   2   7   9   2   3   0   0  11   0   0   0  10   4   0   0   0  0.33 0.14
  317 L    -2  -4  -3  -2  -3  -2  -2  -5  -2   1   4  -4   1   2  -4  -4  -2   4  -1   0    2   0   1   2   0   2   2   0   1   6  60   0   3   7   0   0   1   7   1   5  0.65 0.24
  318 E     1  -2  -2  -1  -2  -1   1   1   1   2   0  -2  -1  -2  -3  -1   1  -3  -1   1   12   0   0   4   0   2  10  13   5  18   7   1   0   1   0   3  11   0   2  13  0.10 0.10
  319 R     1   1   1   2   0   2   2   1  -2  -2  -2   1  -2  -3  -2   1  -1  -1  -3  -2   11  11   7  11   2  10  12   9   0   3   3   7   0   0   0  11   2   1   0   0  0.21 0.10
  320 E     0   0   2   1  -1   2   1   0   0  -2  -1   0  -2  -3   1   1   1  -3  -2  -2    9   2  11  10   1  10   8   5   2   0   7   4   0   0   5  11  12   0   0   2  0.17 0.09
  321 Y     1  -1   0  -1   0   1  -1  -1   0   0  -1  -1  -1   1   1   1  -1  -2   2   0   12   2   6   3   2   9   1   4   2   6   4   1   0   6   8  13   2   0  12   7  0.09 0.08
  322 A     0   0   1   2  -2   0   1   0   0  -1  -1   0  -1  -1   1   1   0  -2  -1  -1   11   7   8  11   1   3  10   7   2   5   4   4   1   3   8   9   4   0   1   2  0.11 0.03
  323 N     0   0   0   0  -1   0   1   0   0   0   0   0   0   0   0   0   0   0   0   0    7   5   6   5   2   4   9   8   2   5   9   7   2   3   5   6   5   1   3   6  0.02 0.03
  324 L     0   0   0   0   0   0   0   0   0   0   0   0   0   0   0   0   0   0   0   0    7   5   4   5   2   5   7   7   2   5  13   5   2   4   5   7   5   1   3   6  0.01 0.02
  325 S     0   0   1   0  -1   0   0   0   0  -1   0   0   0  -1   0   1   0   0   0   0    7   4   9   5   2   4   8   7   2   4   8   6   2   3   4  10   5   1   3   6  0.03 0.00
  326 D     0   0   0   0  -1   0   0   0   0   0   0   0   0   1   0   0   0   0   1   0    6   4   4   7   2   5   5   6   2   4  12   5   2   8   4   6   5   1   6   8  0.01 0.00
  327 K     0   1   0   1  -1   2   0  -1   2  -2  -2   2  -1  -4   3   0   0  -4  -3  -3    7   9   3  10   1  12   4   4   5   1   2  12   1   0  13   8   5   0   0   0  0.26 0.11
  328 E     0   0  -1   1  -1   0   0   1  -1  -1   0   0  -1  -2   2   0   0  -3  -2   0    8   4   2  10   1   2   8  12   2   0  16   5   0   0   9   8   5   0   0   9  0.09 0.06
  329 K     0   0   0   2  -1   1   2  -2   0  -2  -1   1  -2  -2  -2   1  -1  -3   0  -1    9   4   4  15   1   4  20   2   2   0   7   9   0   2   1  11   1   0   3   4  0.18 0.10
  330 G     0  -2   0   1  -3   0   2  -2  -2   2  -1  -1   0  -2   2  -1   0  -3  -3   1    7   0   4   6   0   3  18   3   0  19   5   3   2   0  13   2   4   0   0  10  0.18 0.11
  331 L    -1  -1  -2  -2  -1   0  -1  -2  -2   2   3  -1   1   0  -1  -1  -1  -1  -1   0    3   2   2   2   1   4   3   3   1  11  44   2   2   3   3   3   3   1   1   3  0.20 0.07
  332 P    -2  -5  -5  -5  -6  -4  -4  -5  -5  -6  -4  -4  -5  -7   9  -4  -4  -7  -6  -5    2   0   0   0   0   0   0   0   0   0   1   0   0   0  96   0   0   0   0   0  2.95 0.61
  333 D     0  -4  -1   6  -5  -1  -1   0  -3  -5  -3  -3  -4  -5   4   0  -3  -6  -5  -4    9   0   0  51   0   2   1   6   0   0   3   0   0   0  19   8   0   0   0   0  0.96 0.31
  334 Y    -5  -5  -5  -6  -6  -5  -5  -6  -1  -4  -4  -5  -4   3  -6  -5  -5  -1   9  -4    0   0   0   0   0   0   0   0   0   0   0   0   0  11   0   0   0   0  89   0  2.66 0.61
  335 V    -3  -5  -4  -4  -5  -2  -4   4  -5  -5  -5  -4  -5  -6   7  -1  -3  -6  -5  -3    0   0   0   0   0   1   0  34   0   0   0   0   0   0  58   5   0   0   0   2  1.69 0.42
  336 Y    -3  -3  -4  -5   0  -4  -4  -5  -2   3   2  -4   0   1  -5  -3  -2  -1   7   0    1   1   0   0   2   0   0   0   0  19  20   0   1   2   0   1   2   0  45   5  0.94 0.31
  337 R     4   1  -3  -3  -3  -2  -3  -1  -3  -2  -2  -2   2  -4   2   0   1  -4  -3   0   44  11   0   0   0   0   0   4   0   1   2   0   8   0   9   4  12   0   0   6  0.45 0.23
  338 Y    -3  -5  -5  -6  -5  -4  -5  -2  -1  -4  -4  -5  -4   1  -6  -4  -1  -1   9  -4    2   0   0   0   0   0   0   3   0   0   0   0   0   2   0   0   5   0  88   0  2.40 0.58
  339 V    -1  -3   3   6  -4  -2  -1  -2   0  -4  -5  -1  -4  -4  -3   2  -2  -4   2  -2    4   0  15  47   0   0   0   2   1   0   0   2   0   0   0  18   0   0   8   4  0.82 0.29
  340 M     5  -2  -3  -4  -3  -3  -1   0  -4   0   1  -3   0  -3  -3   0  -2  -4  -3   0   59   1   0   0   0   0   3   6   0   5  12   0   2   0   0   4   0   0   0   6  0.59 0.26
  341 Y     1  -4  -3  -4  -4  -3  -4   3  -2  -1  -3  -4   0   4  -4  -2  -3  -1   6  -3   13   0   0   0   0   1   0  29   0   3   0   0   2  22   0   1   1   0  29   0  0.83 0.29
  342 K    -3   2  -3  -3  -6  -1  -2  -4  -3  -6  -5   7  -4  -6  -4  -2  -3  -6  -5  -5    0   8   0   0   0   0   0   0   0   0   0  90   0   0   0   2   0   0   0   0  1.82 0.50
  343 K     3   0  -2   0  -3   4   0  -1  -2  -4  -3   2  -2  -4   0   1   1  -4  -3  -3   29   4   0   5   0  22   3   2   0   0   1  11   0   0   3  13   7   0   0   0  0.40 0.20
  344 I    -2  -4  -5  -6  -3  -4  -5  -6  -5   1   5  -5   2   0  -5  -4  -3   0  -3   0    3   0   0   0   0   0   0   0   0   6  79   0   4   3   0   0   0   1   0   4  1.10 0.33
  345 L     3  -2  -2   0  -2  -1   0  -2  -3  -1   2   1  -1  -2  -2  -1  -1  -3  -3   0   40   0   0   6   0   2   5   1   0   1  21  11   0   0   0   2   3   0   0   4  0.28 0.17
  346 A     5  -3  -2  -3  -2  -3  -3  -1  -3  -1   0  -3  -2   1  -3  -1  -2  -3   2   1   57   0   2   0   0   0   0   4   0   3   8   0   0   6   0   1   0   0   8   9  0.52 0.23
  347 H     0   1   0  -2  -3   0   0  -2   0  -2  -2   4   0  -3   2   1  -1  -3  -2  -1    6   6   4   1   0   3   5   2   3   1   4  33   2   0  11  13   1   0   0   4  0.30 0.14
  348 L     2   0   1   0  -2   2   1   0  -1  -3  -1   2  -2  -3  -2   1   0  -3  -1  -2   24   2   5   6   0  12   8   5   0   0   5  16   0   0   0   9   3   0   2   1  0.21 0.11
  349 P     0   1   0  -1  -1   2   0  -2   0  -1   0   2   0  -1   0   1   0  -3  -2  -1   11   6   3   3   1  14   2   1   2   4   9  16   3   2   4  10   6   0   0   3  0.10 0.07
  350 N     0  -1   1   0  -3  -1  -2   5  -3  -1  -3  -2  -3  -4  -3  -1  -2  -4  -4  -2    8   2   6   6   0   2   2  58   0   4   2   2   0   0   0   3   0   0   0   3  0.76 0.23
  351 Q    -1   1   2   3   1   1   3  -1   0  -3  -3   0  -3  -4   1   0  -1  -4  -3  -2    2   6  14  16   4   7  23   4   2   0   1   4   0   0   5   6   1   0   0   3  0.33 0.13
  352 D    -1   0   0   1  -3   0   0   0   2  -1  -1   0   0   2   1   0   0   0   1  -2    4   3   5   9   0   6   6   7   6   2   5   4   2  14   9   6   4   1   7   1  0.10 0.06
  353 G     0  -1   1   3  -3  -1   0   4  -2  -1  -3  -2  -3  -2  -1  -1  -1  -3  -3  -1    6   3   5  24   0   1   6  36   0   4   1   1   0   2   2   3   2   0   0   4  0.45 0.16
  354 R     0   1   0   0   0   1   0   0   0   0   0   0   0   0   0   0   0   0   0   0    7   7   4   5   2   5   7   7   2   5   8   7   2   4   5   8   5   1   3   6  0.03 0.02
  355 Y    -3  -3  -1  -4   1  -3  -4  -4  -1   1  -1  -3  -2   5  -4  -3  -2  -1   6  -1    1   1   3   1   3   0   1   1   0  11   2   1   0  31   1   1   2   0  38   3  0.98 0.28
  356 G     1  -3   0   0  -3  -2  -3   6  -3  -4  -2  -2  -3  -4  -3   1  -2  -4  -4  -3   10   1   3   4   0   2   1  60   0   1   4   1   0   0   1  11   1   0   0   1  0.87 0.24
  357 L     4  -3  -3  -3  -2  -3  -3  -2  -3  -2  -1  -3   0   5   0  -1  -2  -2  -1   0   47   1   0   1   0   0   1   1   0   1   3   1   3  29   4   4   1   0   0   6  0.62 0.24
  358 H    -3  -2  -2  -3  -1   4  -2  -4   5  -2  -1  -2  -2   3  -4  -3  -3  -1   6  -3    1   1   2   1   1  20   1   1  17   2   5   1   0  10   1   1   1   0  37   1  0.91 0.29
  359 L    -2  -3  -3  -4  -2  -3  -3  -4  -1   0   1  -3   0   3  -3  -3  -2   7   4   1    0   0   0   0   0   0   0   0   0   0  20   0   0  20   0   0   0  20  20  20  0.56 0.06
  360 T     6  -4  -4  -4   2  -3  -3  -2  -4  -3  -4  -3  -3  -5  -3  -1  -1  -5  -4   0   85   0   0   0   5   0   0   0   0   0   0   0   0   0   0   1   2   0   0   7  1.31 0.42
  361 G    -2  -5  -3  -4  -5  -5  -5   7  -5  -7  -7  -4  -6  -6  -5  -2  -4  -5  -6  -6    0   0   0   0   0   0   0  98   0   0   0   0   0   0   0   2   0   0   0   0  2.23 0.51
  362 Q     1  -2  -2  -2  -5   7   0  -4  -2  -5  -5  -2  -2  -5  -4   2   0  -5  -4  -4    9   0   0   2   0  66   4   0   0   0   0   0   1   0   0  14   4   0   0   0  1.29 0.43
  363 G    -1  -3   6  -2  -5  -2  -3   5  -1  -6  -6  -1  -4  -5  -4   1  -3  -5  -5  -5    2   0  41   0   0   1   0  44   1   0   0   2   0   0   0   8   0   0   0   0  1.16 0.35
  364 Y     4  -4  -4  -5  -3  -1  -4  -4   1  -2  -3  -3  -3   1  -4  -2  -3  -2   7   2   36   0   0   0   0   2   0   0   2   0   0   0   0   4   0   0   0   0  39  16  0.95 0.35
  365 P     1  -2  -1   0  -4   1  -2  -1   5  -3  -3  -1  -1  -1   5  -1  -1  -4   0  -3   16   0   1   6   0   7   0   5  16   1   1   3   2   2  27   3   4   0   4   0  0.52 0.20
  366 F    -2   1   0  -3  -3   3  -2  -4  -1  -2   3   2   3   0  -3   1  -2  -3  -2  -2    0   6   5   0   0  16   0   0   1   0  35  15   8   3   0  11   0   0   0   0  0.36 0.21
  367 I     3  -3  -2  -4   1  -3  -3  -3  -4   4  -1  -2   1  -3  -3   1  -1  -4  -3   2   31   0   1   0   3   0   0   0   0  31   2   2   3   0   0  10   1   0   0  15  0.46 0.22
  368 R    -3   6   2   0  -5   2   1  -4  -2  -5  -3   1  -3  -4  -4   0  -1   3  -3  -4    0  51   8   4   0   8   8   0   0   0   1   3   0   0   0   7   3   4   0   0  0.84 0.29
  369 S     0   0   0   0  -1   0   0   0   0  -1  -1   1   0  -1   2   1   1  -1  -1  -1    5   3   4   4   1   4   3   7   3   5   5  10   3   2  12  12  11   1   2   5  0.10 0.02
  370 G     1  -2   2   2  -2   0   2   3  -2  -4  -4  -1  -3  -4  -1   0   1  -4  -3  -3   15   1  10  10   1   3  20  22   0   0   0   2   0   0   2   6   8   0   1   0  0.37 0.16
  371 L    -2   0  -1  -2  -3  -2  -2  -4  -3   1   4   1   5   0  -4  -2  -2  -4  -3  -1    2   5   3   2   0   0   2   0   0   6  44  10  23   2   0   2   0   0   0   0  0.54 0.24
  372 N    -1  -3   1   1  -4  -2   0  -1  -3  -4  -3  -1  -3  -5   5   3   2  -5  -4  -3    3   0   8   6   0   0   5   3   0   0   3   3   0   0  34  24  12   0   0   0  0.73 0.25
  373 A     5  -3  -3  -4  -3  -3  -3  -2  -4  -1  -3  -3  -1  -4  -3   1   3  -5  -4   1   58   0   0   0   0   0   0   0   0   3   0   0   2   0   0   6  19   0   0  12  0.79 0.31
  374 Q     2   0  -1   0  -1   2   2   2  -2  -3  -2   1  -2  -4  -2   0   0  -4  -3  -2   22   3   1   5   2  10  15  15   0   0   2  12   0   0   1   5   4   0   0   3  0.26 0.13
  375 Q    -1  -1   0   2  -5   3   5  -4  -1  -4  -4   1  -3  -5  -3  -2  -1  -5  -4  -2    5   2   2  12   0  15  49   0   1   0   1   7   0   0   0   0   2   0   0   4  0.79 0.28
  376 V    -3  -4  -5  -5  -3  -4  -4  -5  -5   4   4  -2   1  -1  -4  -4  -2  -4  -3   3    0   0   0   0   0   0   0   0   0  23  50   3   3   1   0   0   2   0   0  19  0.77 0.26
  377 F    -3  -4  -5  -5  -3  -3  -4  -5  -4   3   2  -4   6   2  -5  -4  -1  -3  -2   3    0   0   0   0   0   0   0   0   0  16  13   0  30  11   0   0   4   0   0  26  0.80 0.28
  378 G     1   1   2   1  -3   2   2  -1   0  -3  -2   2  -2  -4  -2   1  -1  -4  -3  -2   18   9  10   6   0  10  13   4   2   0   3  14   0   0   0  10   1   0   0   2  0.26 0.13
  379 E     0   1   1   0  -1   2   1  -2  -2   0  -1   1  -1  -3  -2   0   2  -4  -3   0    7   8   8   4   1  11   9   1   0   5   4   8   2   0   0   5  20   0   0   7  0.16 0.10
  380 L    -4  -5  -6  -6  -4  -4  -5  -6  -5   1   6  -5   1  -1  -5  -5  -3  -1  -3   0    0   0   0   0   0   0   0   0   0   5  87   0   2   2   0   0   0   1   0   3  1.32 0.38
  381 T     1  -1  -3  -3  -1  -2  -2   0  -3   3  -1  -1  -1  -2  -3  -1   2   2  -3   3   11   2   0   0   1   1   2   8   0  18   3   4   1   0   0   2  14   3   0  31  0.27 0.16
  382 E     0   2   1   1  -4   2   2  -3   0  -3  -1   3  -2  -4  -3   0   0  -4  -3  -3    8  11   7   6   0  11  17   0   2   0   8  21   0   0   0   5   4   0   0   0  0.32 0.15
  383 E    -2  -1   0   1  -5   0   6   2  -3  -5  -5   0  -4  -5  -3  -1  -3  -5  -4  -5    2   2   3   6   0   3  64  15   0   0   0   3   0   0   0   2   0   0   0   0  1.06 0.35
  384 L    -1  -4  -5  -5   1  -3  -4  -4  -4   2   4  -4   5  -1  -4  -3  -1   4  -1   0    4   0   0   0   3   0   0   1   0   8  50   0  18   1   0   0   3   5   2   5  0.70 0.25

                      K         Lambda
PSI Ungapped         0.1602     0.3176
PSI Gapped           0.0490     0.2670
