
Last position-specific scoring matrix computed, weighted observed percentages rounded down, information per position, and relative weight of gapless real matches to pseudocounts
            A   R   N   D   C   Q   E   G   H   I   L   K   M   F   P   S   T   W   Y   V   A   R   N   D   C   Q   E   G   H   I   L   K   M   F   P   S   T   W   Y   V
    1 M    -2  -2  -2   0  -2  -1   0  -3  -2   1   2   0   5   1   0  -1  -1  -2   1   0    0   0   0   8   0   0   5   0   0   8  18   6  32   7   6   6   0   0   6   0  0.20 0.08
    2 S    -1   3   1  -2  -3   2  -1  -2  -1  -2  -2   1   4  -3   3   2  -1  -3  -2  -2    0  20  10   0   0   9   0   0   0   0   0   6  21   0  14  20   0   0   0   0  0.36 0.12
    3 R    -2   1  -2   0  -3  -1   0  -2  -2   0   0   1   6  -2   1  -2   1  -3  -3   0    0   9   0   5   0   0   5   3   0   3   3  13  41   0   6   0  10   0   0   3  0.38 0.17
    4 Y    -2   0  -2  -4   1  -2  -1  -4   0   0   0   0   7  -2  -1  -1  -2  -3   2  -1    1   4   2   0   3   0   5   0   2   5   6   7  48   0   3   6   0   0   8   1  0.64 0.26
    5 Q     1  -1   2   0  -3   2  -1  -1   0  -2  -2  -1   2  -3  -2   2   1   3  -2  -2   13   3  12   4   0  10   1   2   2   0   3   2  10   0   1  25   7   4   0   1  0.25 0.15
    6 N     0   0   1  -1  -2   1   0  -1   1  -1  -1   0   2   0   0   1   0  -2   0  -1    7   3   9   2   0  10   4   2   4   1   5   4  12   4   5  16   3   0   3   4  0.10 0.08
    7 S     0   0  -1   0   3   0   0  -2   0  -1  -1   1   0  -1   0   2   0  -2   1  -1    5   5   0   4   8   5   4   1   2   4   4  11   3   2   4  27   4   0   5   2  0.13 0.09
    8 C    -1   1   3   1   1   0   0  -2   1  -1  -1   1  -1  -2  -1   1   1  -3  -2  -2    3   8  18   6   4   4   2   1   4   3   6  12   2   2   2  16   7   0   0   1  0.15 0.08
    9 R     0   2   0   0  -2   1   0  -1   1  -1  -1   2   0  -2   1   1   0  -3  -2  -1    9  11   3   3   0   6   2   2   3   2   7  18   2   1   6  14   6   0   0   5  0.13 0.06
   10 F    -2  -4  -5  -5  -4  -4  -5  -5  -2   1   4  -5   1   6  -5  -4  -3  -2   0  -1    3   0   0   0   0   0   0   0   1   6  41   0   2  47   0   0   0   0   0   0  1.04 0.29
   11 V     0  -2  -3  -4   2   0  -3  -4  -3   2   3  -3   2  -1  -3  -1   0  -3  -2   1    6   1   0   0   6   5   0   0   0   9  43   0   7   1   0   5   8   0   0   8  0.35 0.15
   12 Q    -1   1  -1   1  -4   4   2  -2   1  -4  -3   3  -2  -4  -2   1   1  -4  -1  -3    4   4   1   7   0  21  10   1   3   0   2  28   0   0   0  10   8   0   2   0  0.43 0.17
   13 S    -1   4   0  -1   2   0  -1  -2   0  -2   0   2  -2  -3  -3   0   1  -2  -3  -2    4  29   4   2   5   4   0   1   2   0  12  17   0   0   0   7  11   1   0   2  0.31 0.15
   14 L    -3  -4  -5  -6  -3  -4  -5  -6  -4   1   5  -5   0   4  -5  -4  -3  -3  -2  -1    1   0   0   0   0   0   0   0   0   5  74   0   0  20   0   0   0   0   0   0  1.12 0.31
   15 G    -1  -1   2   1  -4   0  -1   5  -3  -5  -5   0  -4  -5  -3   0  -2  -4  -4  -4    3   2  14   7   0   4   3  57   0   0   0   5   0   0   0   4   2   0   0   0  0.86 0.23
   16 L    -3  -4  -5  -5  -3  -4  -5  -5  -5   5   4  -4   1  -2  -4  -4  -2  -4  -3   3    0   0   0   0   0   0   0   0   0  38  42   0   1   0   0   0   0   0   0  19  0.87 0.25
   17 K    -1   4  -1   1  -4   2   2  -3  -2  -3  -4   4  -3  -4  -1   0  -1  -4  -3  -3    4  21   0   7   0   9  12   0   0   1   0  37   0   0   1   4   3   0   0   1  0.59 0.20
   18 Y    -3  -3  -3  -5  -4  -3  -4  -5   5   0   0  -2  -2   2  -5  -3  -2   3   7   1    1   0   0   0   0   0   0   0  15   4   9   2   0   6   0   0   2   4  46  11  0.97 0.28
   19 P    -4  -5  -5  -4  -6  -4  -4  -5  -5  -6  -6  -4  -5  -7   9  -4  -4  -7  -6  -5    0   0   0   0   0   0   0   0   0   0   0   0   0   0 100   0   0   0   0   0  3.06 0.56
   20 I    -4  -5  -6  -6  -3  -5  -6  -6  -6   7   1  -5  -1  -2  -5  -5  -3  -5  -4   1    0   0   0   0   0   0   0   0   0  88   8   0   0   0   0   0   0   0   0   4  1.57 0.39
   21 I    -3  -5  -5  -5  -3  -5  -5  -6  -5   6   1  -5   2   3  -5  -4  -3  -4  -2   2    0   0   0   0   0   0   0   0   0  67   7   0   4  12   0   0   0   0   0  10  1.08 0.30
   22 Q    -3  -2  -3  -3  -5   8  -1  -5  -2  -4   0  -1  -3  -5  -4  -3  -3  -5  -4  -3    0   0   0   0   0  87   0   0   0   0  12   0   0   0   0   0   0   0   0   1  1.84 0.49
   23 A     6  -4  -3  -4  -3  -3  -3  -2  -4  -4  -4  -3  -3  -5  -3   2  -2  -5  -4  -3   84   0   0   0   0   0   0   0   0   0   0   0   0   0   0  16   0   0   0   0  1.29 0.38
   24 P    -4  -5  -5  -4  -6  -4  -4  -5  -5  -6  -6  -4  -5  -7   9  -4  -4  -7  -6  -5    0   0   0   0   0   0   0   0   0   0   0   0   0   0 100   0   0   0   0   0  3.06 0.56
   25 M    -4  -5  -5  -6  -5  -4  -5  -6  -5  -2  -1  -5  11  -3  -6  -5  -4  -5  -4  -2    0   0   0   0   0   0   0   0   0   0   0   0 100   0   0   0   0   0   0   0  2.92 0.66
   26 A     7  -4  -4  -4  -3  -3  -3  -2  -4  -4  -4  -3  -3  -5  -3  -1  -1  -5  -4  -1   96   0   0   0   0   0   0   0   0   0   0   0   0   0   0   0   2   0   0   3  1.53 0.44
   27 G    -2  -5   0  -4  -5  -4  -4   7  -4  -6  -6  -4  -5  -6  -4  -1  -4  -5  -5  -6    0   0   3   0   0   0   0  92   0   0   0   0   0   0   0   4   0   0   0   0  1.91 0.42
   28 V     2  -4  -4  -5  -3  -4  -4  -4  -5   3  -1  -4  -1  -3  -4  -2   0  -5  -3   5   16   0   0   0   0   0   0   0   0  13   1   0   0   0   0   2   6   0   0  63  0.85 0.29
   29 S     1  -3  -2  -3   0  -2  -3  -2  -3  -4  -3  -3  -3  -5  -3   6   2  -5  -4  -3    8   0   0   0   2   0   0   1   0   0   1   0   0   0   0  77  11   0   0   0  1.15 0.39
   30 T    -2  -3  -1  -2  -3  -3  -3  -2  -4  -3  -4  -3  -3  -5  -1   2   7  -5  -4  -3    0   0   1   2   0   0   0   2   0   0   0   0   0   0   2  11  82   0   0   0  1.41 0.43
   31 V    -2  -4  -4  -4  -4  -4  -4  -5  -5   2  -1  -4  -3  -4   7  -2  -3  -5  -4   2    2   0   0   0   0   0   0   0   0  16   5   0   0   0  58   1   0   0   0  18  1.40 0.34
   32 Q     1   0  -2   1  -4   2   5  -1  -2  -4  -3   2  -3  -4  -3   0  -2  -4  -3  -3   16   3   0   6   0  11  43   3   0   0   3  11   0   0   0   4   1   0   0   0  0.58 0.22
   33 L    -3  -4  -5  -6  -3  -4  -5  -5  -4   0   5  -4   7  -1  -5  -4  -3  -4  -3   0    0   0   0   0   0   0   0   0   0   2  59   0  34   1   0   0   0   0   0   3  1.22 0.35
   34 A     6  -4  -4  -4  -3  -3  -3  -2  -4  -2  -4  -3  -3  -4  -3   0  -2  -5  -4  -1   90   0   0   0   0   0   0   0   0   1   0   0   0   0   0   5   0   0   0   4  1.35 0.41
   35 A     5  -3  -3  -3  -3  -3  -3  -2  -3  -2  -1  -2  -3  -2  -3   3  -1  -4  -4  -2   69   0   0   0   0   0   0   0   0   1   5   1   0   2   0  20   2   0   0   0  0.91 0.32
   36 T     4  -2  -1  -1  -3   0   2  -2  -3  -2  -3   0  -2  -4  -2   1   2  -4  -3  -1   50   0   1   2   0   3  14   0   0   2   0   7   0   0   0   6  12   0   0   3  0.49 0.22
   37 I     0  -5  -5  -5  -3  -4  -5  -5  -5   3  -1  -4  -1  -3  -5  -4  -2  -5  -3   6    6   0   0   0   0   0   0   0   0  16   0   0   0   0   0   0   0   0   0  78  1.27 0.37
   38 T     1  -3  -1  -3   4  -2  -3  -3  -1  -3  -4  -2  -3  -4  -3   4   4  -4  -1  -1    9   0   1   0  10   0   0   0   2   0   0   0   0   0   0  43  31   0   2   2  0.76 0.29
   39 N    -1   2   6  -1  -4  -1   1  -2  -2  -2  -3   1  -1  -5  -4  -1  -2  -5  -4  -4    5  12  56   1   0   0   8   1   0   2   2  10   1   0   0   3   0   0   0   0  0.87 0.29
   40 H     4  -1   2  -2  -3   0  -2  -1   2  -2  -1  -1  -2  -2  -3   1  -1  -4  -1  -2   51   2  12   0   0   4   0   2   5   2   7   1   0   2   0  11   0   0   1   0  0.45 0.22
   41 G    -2  -5  -2  -4  -2  -4  -5   7  -5  -6  -6  -4  -5  -6  -5  -3  -4  -5  -6  -6    0   0   1   0   1   0   0  98   0   0   0   0   0   0   0   0   0   0   0   0  2.12 0.46
   42 G     3  -4  -3  -4  -4  -4  -4   6  -4  -5  -5  -3  -4  -5  -4  -2  -3  -5  -5  -4   25   0   0   0   0   0   0  75   0   0   0   0   0   0   0   0   0   0   0   0  1.51 0.37
   43 L    -3  -4  -5  -6  -3  -4  -5  -6  -5   2   6  -5   2  -2  -5  -4  -3  -4  -3   0    0   0   0   0   0   0   0   0   0  11  83   0   5   0   0   0   0   0   0   1  1.23 0.34
   44 G     0  -5  -3  -4  -5  -4  -4   7  -4  -6  -6  -4  -5  -6  -4  -3  -4  -5  -5  -5    6   0   0   0   0   0   0  94   0   0   0   0   0   0   0   0   0   0   0   0  1.97 0.43
   45 S     1  -3  -2  -3  -3  -3  -3  -3  -3  -5  -5  -3  -4  -5  -3   7  -1  -5  -4  -4    7   0   0   0   0   0   0   0   0   0   0   0   0   0   0  93   0   0   0   0  1.59 0.47
   46 I    -3  -4  -5  -5  -3  -4  -5  -6  -5   5   5  -5   0  -2  -5  -4  -3  -4  -3   0    0   0   0   0   0   0   0   0   0  40  58   0   1   0   0   0   0   0   0   2  1.09 0.31
   47 P     1  -4  -3  -3  -4  -3  -3   4  -4  -5  -5  -3  -4  -5   6   0  -3  -5  -5  -4   12   0   0   0   0   0   0  37   0   0   0   0   0   0  46   6   0   0   0   0  1.35 0.33
   48 L    -3  -4  -5  -5   0  -4  -5  -5  -4   2   5  -4   3   1  -5  -4  -3  -3  -2   2    0   0   0   0   2   0   0   0   0  12  61   0   7   5   0   0   0   0   0  14  0.81 0.25
   49 G     2  -4  -2  -3  -1  -3  -3   5  -4  -5  -5  -3  -4  -5  -3   3  -2  -5  -4  -4   17   0   0   0   1   0   0  54   0   0   0   0   0   0   0  28   0   0   0   0  1.04 0.30
   50 G     4  -3  -2  -3  -3  -2  -2   1   4  -4  -4  -2  -3  -3   1   2   0  -4   1  -3   40   0   0   0   0   0   0  10  15   0   0   0   0   0   7  21   3   0   4   0  0.57 0.24
   51 V     0  -3  -2  -3   0  -2  -3  -3   1   3   1  -2   2   0  -3   2  -1  -3  -1   2    8   0   1   0   2   0   0   0   4  21  14   0   6   4   0  22   1   0   1  15  0.23 0.13
   52 D    -2  -2   3   5  -4  -2  -1  -2  -2  -4  -3   0  -3  -4  -2   2   1  -5  -4  -4    2   1  13  44   0   0   0   1   0   0   2   6   0   0   1  21  11   0   0   0  0.74 0.25
   53 F     0  -3  -2  -3  -3  -1  -1  -3  -1   0   2  -3  -1   4   1  -1  -2  -2   1   2   10   0   1   0   0   3   5   0   1   2  20   0   0  25   8   3   0   0   2  19  0.28 0.14
   54 T     0   3   1   0  -1   1   0  -1  -1  -1  -1   1  -1  -2  -1   0   2  -1  -1  -1    5  19   7   5   1   5   3   3   1   2   4   5   1   2   2   5  23   1   1   3  0.16 0.05
   55 T     0   1   1   0   0   2   0  -1  -1  -1  -1   2  -1  -2   1   1   0  -1  -1  -1    4   4   7   2   2  11   4   3   1   4   4  20   1   2   8  10   7   1   1   3  0.13 0.04
   56 T     0  -1   0   1  -1   0   0   2  -1  -1  -1   0  -1  -1   0   1   0  -1  -1  -1    8   3   3   8   1   3   4  22   1   3   6   4   1   3   3  10   8   1   2   4  0.09 0.01
   57 V     0  -1  -1  -1  -1  -1  -1  -1  -1   2   0  -1   0   1   0   0   0  -1   0   1    5   3   3   4   1   3   4   5   1  18   8   4   1   7   3   7   4   1   2  14  0.02 0.01
   58 G     0  -1   0   3  -4   1   4   1   1  -3  -2  -1  -3  -4  -1   1  -1  -4  -3  -3    8   1   2  17   0   4  34  10   4   1   3   0   0   0   2  12   1   0   0   1  0.43 0.18
   59 P     1   0  -1   0  -3   3   1  -1  -2  -2  -2   2  -2  -4   2   0  -1  -4  -3  -1   12   1   1   5   0  21   8   3   0   1   2  18   0   0  13   6   3   0   0   5  0.32 0.15
   60 I     3  -3  -4  -4   0  -3  -3  -3  -4   3   2  -3   0   0  -3  -1  -2  -3  -2   1   39   0   0   0   2   0   0   0   0  20  21   0   1   5   0   3   0   0   0  10  0.42 0.19
   61 E    -2   4   0   1  -4   0   3  -1   0  -3  -2   1  -2   1  -3  -1  -2  -4  -2  -2    0  33   4   9   0   3  21   3   2   0   3   6   0   9   0   3   0   0   0   4  0.42 0.18
   62 D     0   0   1   1  -3   2   2  -2  -1  -3  -2   3  -2  -4   0   1   1  -4  -3  -2   10   3   5   9   0   8  14   0   1   1   3  22   0   0   3  12   7   0   0   1  0.27 0.12
   63 L     0  -2  -2  -1  -3   3   0  -3   0   1   2   0   5  -2  -3  -1  -1  -3  -3  -1    9   0   0   3   0  20   6   0   2   7  21   5  22   0   0   2   4   0   0   0  0.35 0.19
   64 L    -3  -4  -5  -5  -3  -4  -5  -5  -4   5   3  -4   2  -1  -4  -4  -2   1   0   2    0   0   0   0   0   0   0   0   0  51  27   0   6   0   0   0   1   2   3   9  0.85 0.26
   65 K     0   0   1   0  -3   2   2  -1   1  -2   0   1  -1  -3  -1   1   0  -3  -2  -2    9   4   8   4   0   9  16   3   3   3  10   8   0   0   2  15   6   0   0   0  0.16 0.09
   66 S     0   0   0   2  -4   3   3  -2   0  -4  -4   2  -3  -4  -2   0  -1  -4  -3  -2    9   4   4   9   0  16  27   1   2   0   0  16   0   0   0   6   3   0   0   3  0.43 0.17
   67 F    -1  -4  -3  -3  -1  -3  -4  -4  -2  -1   0  -4   0   5  -4  -2   3  -1   4   1    3   0   0   1   1   0   0   0   0   0   8   0   2  35   0   0  22   0  15  12  0.66 0.24
   68 Q    -2   4   1  -1  -4   4   0  -2  -1  -2  -2   2  -1  -4  -3  -1  -2  -4  -3  -2    2  31   6   1   0  28   3   1   1   1   4  15   2   0   0   1   1   0   0   2  0.61 0.23
   69 S     2   0   0   0  -3   1   1   0   0  -3  -2   1  -2  -3  -2   2   0  -4  -3  -2   22   4   5   5   0   8  11   8   3   0   3   7   0   0   0  20   3   0   0   3  0.23 0.12
   70 L    -1   1  -3  -3   0   0  -1  -1   1  -1   4   0   2  -1  -3  -2  -2  -3  -2   0    6   7   0   0   2   6   2   4   4   0  54   6   4   1   0   1   0   0   0   3  0.35 0.18
   71 V     1  -2  -2  -2  -2  -2  -3  -2  -3   1   0  -2  -1  -3  -3   0   5  -4  -2   2    9   2   0   2   0   0   0   2   0   8   6   2   0   0   0   5  43   0   1  20  0.45 0.21
   72 P     1   0   1   3  -1   0  -1   2  -1  -3  -3   0  -3  -4   2   1   0  -4  -3  -2   16   4   7  21   1   4   1  15   1   0   0   4   0   0  10   8   4   0   0   3  0.30 0.12
   73 N     0   2   2   2  -3   1   0   1   1  -3  -3   2  -2  -3  -1   0   0  -4  -2  -3   11  11  11  12   0   5   2   9   5   1   2  17   0   0   2   6   6   0   0   0  0.23 0.10
   74 P     0   0   2   1  -1   0   1   0   0  -1  -1   1  -1  -2   2   0   0  -2  -1  -1    6   2  17   6   1   3  11   6   2   2   4   8   1   2   9   7   6   1   1   4  0.14 0.03
   75 D     0   1   1   1  -1   0   0   0  -1  -1  -1   1  -1  -1   1   1   0  -1  -1  -1    9   9   8   7   1   2   4   5   1   3   7   8   1   2   6  13   6   1   2   4  0.07 0.01
   76 L     0   0   1   0  -1   0   0   0   0   0   1   0   0  -1   0   0   0  -1   0   0   10   5  10   6   1   3   4   6   1   3  18   4   1   2   5   8   5   1   4   4  0.02 0.01
   77 H     0   1   0   0  -1   1   1   0   1  -1  -1   0   0  -1   0   0   0   0   0  -1    6   6   4   4   1   7  12   7   6   4   7   7   2   3   4   5   6   1   5   5  0.05 0.01
   78 R     0   2   1   0  -1   0   0   0   0  -1  -1   1   0  -1   0   0   0   0   0  -1    6  19   6   4   2   3   5   7   2   4   7   6   2   3   4   7   5   1   3   5  0.06 0.01
   79 N     0  -2   4  -2  -1  -2  -2  -3  -3  -1  -2  -2  -3  -4   5   1   0  -5  -4   0    7   1  25   0   1   0   0   0   0   4   3   1   0   0  35   9   3   0   0   9  0.74 0.24
   80 V    -2  -4  -5  -5  -3  -4  -4  -5  -4   2   1  -4   1   5  -4  -4  -2  -3  -1   4    1   0   0   0   0   0   0   0   0  11   9   0   3  30   0   0   2   0   0  44  0.81 0.26
   81 N    -4  -3   8  -1  -5   0  -3  -3  -2  -6  -6  -3  -5  -6  -5  -2  -3  -6  -5  -6    0   0  95   0   0   4   0   0   0   0   0   0   0   0   0   1   0   0   0   0  2.22 0.52
   82 L    -2  -4  -5  -5   1  -4  -4  -5  -5   2   4  -4   0   0  -4  -4  -2  -4  -3   4    1   0   0   0   3   0   0   0   0   8  48   0   0   2   0   0   0   0   0  37  0.79 0.25
   83 N    -4  -3   9  -1  -6  -3  -3  -3  -2  -6  -6  -3  -5  -6  -5  -2  -3  -7  -5  -6    0   0 100   0   0   0   0   0   0   0   0   0   0   0   0   0   0   0   0   0  2.44 0.56
   84 F    -4  -5  -5  -6  -4  -5  -5  -6  -4  -1   1  -5  -2   8  -6  -5  -4  -2   0   2    0   0   0   0   0   0   0   0   0   0  13   0   0  69   0   0   0   0   0  18  1.49 0.38
   85 F    -5  -6  -6  -6  -5  -6  -6  -6  -4  -3  -2  -6   0   9  -6  -5  -5  -2   0  -4    0   0   0   0   0   0   0   0   0   0   0   0   3  97   0   0   0   0   0   0  2.50 0.53
   86 Y     0  -5  -4  -5  10  -5  -5  -5  -5  -3  -4  -5  -4  -4  -5  -1   1  -4   0   0    7   0   0   0  69   0   0   0   0   0   0   0   0   0   0   4  10   0   4   5  2.01 0.45
   87 H    -5  -3  -2  -4  -6  -1  -3  -5  11  -6  -5  -4  -4   0  -5  -4  -5  -5   1  -6    0   0   0   0   0   2   0   0  91   0   0   0   0   5   0   0   0   0   2   0  2.83 0.59
   88 E     0   1  -1   4  -4   2   3  -3  -2  -4  -3   2  -3  -4   1  -1  -1  -4  -3  -3    9   8   1  24   0   9  25   0   0   0   2  12   0   0   6   2   1   0   0   0  0.51 0.18
   89 Y     0   0   0   0   0   0   0   0   1   0   0   0   0   0   0   0   0   0   1   0    7   5   4   5   2   4   6   7   4   5   8   5   2   4   5   7   6   1   7   6  0.02 0.01
   90 K     0   0   0   0   0   0   0   0   0   0   0   1   0   0   0   0   0   0   0   0    7   5   4   5   2   4   6   7   2   5   8  11   2   4   5   7   6   1   3   6  0.02 0.01
   91 S     0   0   0   0   0   0   0   0   0   0   0   0   0   0   0   1   0   0   0   0    7   5   4   5   2   4   6   7   2   5   9   6   2   4   5  11   6   1   3   6  0.02 0.01
   92 D     0   0   0   1   0   0   0   0   0   0   0   0   0   0   0   0   0   0   0   0    7   5   4   9   2   4   6   7   2   5   9   6   2   4   5   7   6   1   3   6  0.02 0.01
   93 P    -2  -2  -1  -2  -4  -2   1  -4   0   2  -1   0  -2  -1   5  -2   0  -4  -2   0    1   1   3   2   0   1   9   0   2  18   2   6   0   3  37   1   6   0   1   7  0.62 0.20
   94 S     2  -2  -2  -1  -3  -1   1  -3  -3  -2  -2   0  -2  -1   5   0  -1  -4   0   1   23   0   2   2   0   2  12   0   0   0   3   4   0   2  28   4   1   0   4  13  0.46 0.18
   95 C    -1   2   2   0   1   2   1  -3   2  -1  -2   1  -2  -3   1   0  -1  -4  -2  -2    2  14  16   2   4  11  12   0   5   5   2  10   0   0   7   6   1   0   0   3  0.26 0.12
   96 G     1   2  -1   0  -3   2   1  -1  -1  -1  -1   1  -1  -2   0   0   0  -3  -2  -1   14  16   2   5   0  11  10   4   1   4   5   8   0   1   4   6   5   0   0   4  0.14 0.07
   97 E     0   0   0   0   0   0   1   0   0   0   0   0   0   0   0   0   0   0   0   0    7   5   4   5   2   4  10   7   2   5   9   6   2   4   5   7   6   1   3   6  0.02 0.01
   98 T     0   0   0   0  -1   1   0   0   2   0   0   0   0  -1   1   0   1   0   0   0    7   4   4   5   2   6   5   6   7   4   8   5   2   3   6   6  10   1   3   7  0.03 0.00
   99 P     0   0   0   0  -1   0   0   0   0   0   0   0   0  -1   3   0   0   0   0   0    8   4   4   5   2   4   5   6   2   4  10   5   2   3  14   6   6   1   3   7  0.08 0.00
  100 P     0  -1   0  -1  -1  -1  -1  -1  -1  -1  -1  -1  -1  -2   6  -1  -1  -2  -1   0    5   3   5   4   1   2   3   5   1   3   6   3   1   2  40   4   3   1   2   8  0.56 0.08
  101 Q    -2  -1   3   5  -4   1  -1  -1  -1  -4  -4  -1  -3  -4  -1   1   3  -5  -4  -3    0   2  12  34   0   7   1   3   1   0   0   2   0   0   2  10  24   0   0   0  0.61 0.22
  102 K     1  -1   1   3  -3   1   1  -2   0  -2  -2   1  -2  -4   3   0   0  -4  -3  -2   17   2   6  17   0   5   8   0   2   2   2  12   0   0  15   5   6   0   0   0  0.32 0.13
  103 R     1   0   0   1  -3   1   2  -2   1   0  -1   0  -1  -3  -1   0   1  -4  -2  -1   19   4   3   8   0   7  18   1   4   5   6   2   0   0   2   7   9   0   0   4  0.15 0.09
  104 K    -1   1  -1  -1  -1   4   2  -3   0   0  -1   2  -2  -3  -3  -1  -1  -4  -3   1    3   9   1   1   1  29  11   0   2   7   3  16   0   0   0   3   1   0   0  12  0.36 0.17
  105 V     0  -1   1   0  -3   1   3  -3   1   1  -1   0   0  -3  -3  -1   0  -4  -3   1    6   1   8   3   0   4  30   0   4  13   2   7   2   0   0   0   7   0   0  12  0.25 0.14
  106 E     2   1   1   1  -3   3   3  -2  -1  -4  -3   1  -2  -4  -2   0  -1  -4  -3  -3   19   9   5   9   0  16  21   1   1   0   1   8   0   0   0   7   3   0   0   0  0.39 0.16
  107 N     2   0   6   0  -4   0   1  -2  -2  -3  -4   1  -2  -4  -3  -1  -1  -5  -4  -3   24   5  44   3   0   3   9   1   0   1   0   8   1   0   0   2   1   0   0   0  0.66 0.25
  108 W    -6  -6  -7  -8  -6  -5  -6  -6  -5  -6  -5  -6  -5  -2  -7  -6  -6  13   2  -6    0   0   0   0   0   0   0   0   0   0   0   0   0   0   0   0   0  96   4   0  4.34 0.73
  109 V    -1  -1  -1  -3   1  -1  -2  -4   0   2   2   1   1   0  -3  -2  -1   0   1   1    4   2   4   0   3   1   0   0   3  19  31  13   3   3   0   1   1   1   5   8  0.20 0.12
  110 S     0   2   1   1  -4   3   2  -1  -1  -4  -4   3  -3  -4  -2   1  -1  -4  -3  -3   10  11   7   7   0  17  10   2   1   0   0  23   0   0   0   8   3   0   0   0  0.40 0.16
  111 L    -1   2  -3  -3  -2   0  -1  -3   3   0   3   0   0   0  -3  -2  -2  -2   2  -1    4  12   0   0   1   5   3   1   8   5  42   7   0   3   0   1   1   0   8   1  0.28 0.15
  112 V    -3  -4  -4  -5  -3  -4  -4  -5  -2   1   3  -4   1   3  -5  -4  -3  -1   6   1    1   0   0   0   0   0   0   0   0   7  30   0   4  13   0   0   0   0  37   8  0.86 0.27
  113 N     1   2   1   0  -3   2   1   0   0  -3  -3   2  -2  -4  -2   2   0  -2  -3  -2   13  13   7   3   0  11   8   8   2   0   1  13   0   0   0  17   2   1   0   1  0.27 0.12
  114 K    -1   1   0  -1  -4   0  -1  -2  -3  -4  -4   4  -3  -5   5  -1  -1  -5  -4  -3    3   8   4   3   0   2   3   1   0   0   0  34   0   0  35   3   3   0   0   1  0.85 0.25
  115 S     1  -2  -2  -1  -2   0   0  -2  -1   1   1  -1  -1   1  -3   0   0  -2   3   1   17   0   1   2   0   4   7   2   1   7  17   2   0   4   0   9   4   0  14  10  0.11 0.09
  116 L    -3  -2  -4  -4  -3  -3  -4  -4  -2   1   1  -4   1   6  -2   0  -2  -1   4   0    0   1   0   0   0   0   0   0   0   8  11   0   4  44   2   9   2   0  13   6  0.71 0.24
  117 L     1  -1   2   0  -3   0   2   1   1  -2  -1   0  -2  -1   1   0   0  -3  -2  -2   17   2  12   4   0   2  15  11   5   1   6   7   0   2   6   7   3   0   0   0  0.16 0.09
  118 G     0   2   0   0  -1   2   2  -1  -1  -1  -2   2  -2  -3   1   0  -1  -3  -2   0    6  13   4   3   2   8  17   4   0   4   1  13   0   0   6   7   0   0   0  10  0.18 0.09
  119 P     0  -2  -1  -2  -2  -1   0  -1  -1   0   0  -2   0   4   0   0  -1  -1   3   0    6   1   3   1   0   2   6   5   1   6   8   1   1  27   4   7   3   0  11   7  0.19 0.10
  120 D    -1  -1   3   2  -3   0   0   4   0  -3  -3   0  -3  -3  -2   0  -1  -3  -3  -2    3   2  17  10   0   2   5  36   2   1   1   7   0   0   1   7   2   0   0   4  0.43 0.14
  121 R     3   0   0  -1  -2   0   0   0   0   1  -1  -1  -1  -1  -2   1   1  -3  -2   0   31   4   4   2   0   3   4   6   2  12   4   2   0   2   1   8   8   0   0   7  0.13 0.09
  122 I     0  -1   0   2  -3   1   3  -1   0  -1  -1   1  -2  -3   0   0  -1  -3  -2  -1   11   1   4  14   0   5  23   2   2   4   5  11   0   0   3   5   3   0   1   4  0.20 0.09
  123 S     0  -2  -2  -1  -3  -2  -1  -3  -3   1   0  -1  -1   0   5   0  -1   3  -1   0   10   2   2   3   0   0   2   1   0  10  11   3   0   4  29   8   2   5   2   5  0.40 0.13
  124 G    -3   0  -3   2  -4  -2   0  -2  -1  -2  -2   0  -4  -5   7   0  -2  -5  -4  -3    0   4   0  12   0   0   6   3   1   3   3   4   0   0  54   6   2   0   0   1  1.12 0.29
  125 D     1   0   0   2  -3   1   1  -2  -2  -1  -2   1  -1  -2   1   1   0  -4  -2  -1   16   4   5  13   0   6   9   0   0   6   2   7   2   1   6  15   5   0   0   3  0.16 0.09
  126 L     0   1   0   2  -2   1   1  -1   0  -1  -1   1  -1  -2  -2   1   1  -3  -1   0    9   8   4  14   0   7   7   3   2   3   5   7   0   0   0  13   8   0   3   7  0.12 0.07
  127 V    -1  -3  -2  -2  -3  -1  -2  -4  -2   2   4  -2   1   0  -4  -3   0  -3  -2   2    6   0   1   2   0   3   3   0   1   9  51   1   2   3   0   0   5   0   0  14  0.42 0.18
  128 S     0   1   3   1  -3   0   0  -1   0  -2  -2   1  -1  -3   0   1   1  -4  -2  -2    9   9  17   9   0   2   4   3   1   1   1  10   1   0   3  14  12   0   1   2  0.22 0.11
  129 E    -1  -1   1   0   1   1   4  -1   0  -2  -2   2  -3  -4  -1   1   0  -4  -3  -2    4   2   7   2   4   5  38   3   1   1   3  13   0   0   1   8   4   0   0   3  0.39 0.17
  130 I    -1  -4  -3  -4  -3  -4  -4  -1  -4   5   1  -4   0   3  -1  -2  -1  -3  -2   1    6   0   1   0   0   0   0   5   0  52   9   0   2  12   3   3   3   0   0   5  0.58 0.23
  131 T     0   0   3   0  -1   0   0   0   0  -1  -1   0  -1  -1  -1   1   0  -1   0   0    4   5  24   3   1   2   5   7   1   3   5   5   1   2   3   9   7   1   3   7  0.12 0.03
  132 T     0  -1  -1   0   1  -1  -1  -1  -1   2   0   0   0  -1   0  -1   0  -1  -1   2    4   3   2   5   4   2   3   4   1  14   8   5   1   2   4   4   7   1   2  25  0.06 0.03
  133 T     0  -1   0  -1  -1  -1  -1  -1  -1  -1  -1  -1  -1  -1   0   4   1  -1  -1  -1    4   2   2   3   1   2   3   4   1   3   7   3   1   3   5  42   8   1   2   3  0.24 0.08
  134 S    -4  -5  -5  -6  -1  -4  -5  -6  -2  -1  -2  -5  -3   6  -6  -2  -3  -1   8  -3    0   0   0   0   1   0   0   0   0   4   2   0   0  37   0   2   1   0  52   0  1.68 0.42
  135 R    -1   3  -2  -1  -4   2   0  -3   0  -4  -2   4  -1  -4   3  -1   1  -4  -3  -3    5  15   0   3   0   8   4   0   2   0   2  35   1   0  14   1   9   0   0   0  0.54 0.21
  136 S     0  -2  -2   0  -3   1   3  -3  -3  -4  -4  -2  -3  -5  -1   4   3  -5  -4  -3    4   0   0   3   0   4  24   0   0   0   0   0   0   0   2  46  16   0   0   0  0.73 0.29
  137 L    -4  -5  -5  -6  -4  -5  -5  -6  -4   1   0  -5  -2   8  -6  -5  -4   1   1   1    0   0   0   0   0   0   0   0   0   8   8   0   0  71   0   0   0   2   2   9  1.55 0.39
  138 L    -1  -1   1   0  -1   0   4  -3  -1  -1   1   0  -1  -3  -3  -2  -2  -4  -2   0    5   2   8   4   2   2  40   0   1   3  15   6   1   0   0   0   1   0   1   9  0.34 0.17
  139 A     0   1   1   0  -1   1   0  -1   0  -1  -1   1  -1  -1   0   1   0  -1  -1  -1    9  12   6   5   1   6   5   4   3   3   7   6   1   2   3  13   7   1   2   4  0.07 0.01
  140 A     0   0   0   1  -1   1   0   0   0   0   0   0   0  -1   0   0   0  -1  -1   0    8   4   6   7   1   6   7   7   2  11   6   9   2   3   5   5   4   1   2   5  0.02 0.00
  141 R     0   0   1   1  -1   1   1   0   0  -1  -1   0   0  -1   0   0   0   0   0  -1    7   6   7   7   1   5  10   6   2   4   7   7   2   3   4   7   6   1   6   5  0.04 0.00
  142 S     1  -2   1   3  -3   0   3  -1   0  -3  -3   0  -1  -4   0   1   0  -4  -3  -2   14   0   5  23   0   2  21   4   2   0   1   5   3   0   5   9   4   0   0   2  0.33 0.14
  143 K    -1  -2   3   4   1   0  -1  -2   2  -3  -2  -1  -2   1  -3   0  -1  -3   1  -2    3   0  21  29   4   3   0   0   6   0   5   3   0   6   0   7   2   0   6   3  0.39 0.17
  144 H    -1   0  -1   2  -4   2   2  -2   3  -4  -3   0  -3  -4   4   0  -1  -4  -1  -4    5   5   1  13   0   9  15   2   9   0   1   3   0   0  25   7   3   0   2   0  0.53 0.18
  145 K     1  -1   0   3  -4   1   3  -2   0  -4  -4   1  -3  -4   4   0  -2  -1  -3  -4   14   1   2  22   0   6  19   1   2   0   0   9   0   0  19   4   0   1   0   0  0.55 0.19
  146 M    -1  -2  -3  -4  -3   1  -2  -4  -1   0   1   0   6   3  -4  -2   0  -3   0   0    3   1   0   0   0   8   2   0   1   4  11   6  33  15   0   1   7   0   3   5  0.48 0.22
  147 E    -2  -4  -4  -5   1  -1  -2  -5  -2   1   4  -4   1   3  -4  -3  -2  -2   2   1    1   0   0   0   3   3   2   0   1   5  52   0   1  15   0   0   1   0   6  10  0.58 0.21
  148 A     1   0   1   3  -3   3   3  -2  -1  -4  -3   1  -3  -4  -2   1  -1  -4  -3  -2   14   3   8  15   0  14  21   0   1   0   2   6   0   0   1  12   2   0   0   1  0.38 0.16
  149 A    -1   0  -1  -2  -2   0  -1  -3  -2   1   2   0   3   0  -2  -1   0  -2   0   1    4   7   2   1   0   6   1   0   0   6  27   6  12   3   1   4   6   0   4  10  0.15 0.10
  150 V    -3  -4  -5  -6  -3  -4  -5  -6  -5   2   5  -5   1   2  -5  -4  -3  -3  -2   1    0   0   0   0   0   0   0   0   0   8  73   0   2   7   0   0   0   0   0   9  1.04 0.30
  151 L    -2  -2  -3  -4  -1  -3  -2  -2  -4   2   4  -2   2   1  -4  -2  -2  -3  -2   1    1   1   1   0   1   0   3   3   0  14  51   3   5   5   0   3   1   0   0   8  0.44 0.18
  152 A     0   0   0   2  -1   0   1   0   0  -1  -1   0  -1  -1   0   0   0  -1  -1  -1    9   5   3  14   1   3   9   7   3   3   6   7   1   2   3   9   7   1   2   4  0.07 0.01
  153 L     0   0   0  -1   1   0   0  -1   0   0   0   0   0   1   0   0   0   0   2   0    6   7   3   4   4   3   4   5   2   5   9   8   2  10   4   5   5   1   9   5  0.02 0.01
  154 L     0  -1  -1  -1  -1   0  -1  -1  -1   0   2  -1   0   1   0   0   0   2   0   0    6   4   3   4   1   3   4   5   2   4  30   4   2   7   4   5   4   3   2   5  0.04 0.01
  155 A     0   0   0   0  -1   1   1   0   0   0   0   1   0  -1   0   0   0  -1   0   0    9   4   3   5   1   6   8   7   3   7   7  11   2   3   4   5   4   1   2   8  0.02 0.00
  156 H    -1   0   1   2  -4   2   4  -2   0  -4  -3   3  -2  -4  -3   0  -1  -4  -3  -4    3   2   5  11   0   6  37   1   2   0   1  21   1   0   0   5   4   0   0   0  0.57 0.21
  157 Y     0  -3  -3  -2  -1  -1   0  -3  -1   0   2  -2   2   2  -3  -1   1   0   2   0    9   0   0   2   1   2   9   0   1   5  28   0   7  12   0   2  11   1   7   3  0.20 0.12
  158 Q    -1   4   1  -3   0   2  -1  -3  -2  -4  -3   5  -3  -5  -2  -1   0  -5  -3  -2    6  27   6   0   2   7   0   0   0   0   1  40   0   0   1   3   6   0   0   2  0.69 0.25
  159 P    -2  -5  -5  -5  -6  -4  -4  -5  -5  -5  -5  -4  -5  -6   8  -4  -4  -7  -6  -1    2   0   0   0   0   0   0   0   0   0   0   0   0   0  92   0   0   0   0   6  2.72 0.55
  160 K     2   1  -1  -2  -4   1   0   0   0  -4  -4   5  -3  -4   1  -1  -1  -4  -3  -3   22   4   1   1   0   4   4   6   2   0   0  43   0   0   8   3   2   0   0   0  0.54 0.22
  161 V     1  -5  -5  -5  -3  -4  -4  -5  -5   4  -1  -4   1  -1  -4  -3  -2  -5  -3   5   10   0   0   0   0   0   0   0   0  26   0   0   4   1   0   0   0   0   0  59  1.00 0.31
  162 V    -2  -5  -5  -6  -3  -5  -5  -6  -6   3  -1  -5  -1  -3  -5  -4  -2  -5  -4   6    2   0   0   0   0   0   0   0   0  17   2   0   0   0   0   0   0   0   0  79  1.37 0.39
  163 S    -2  -4  -2  -3  -4  -3  -3  -3  -4  -5  -4  -3  -4  -5  -4   7  -1  -6  -5  -4    0   0   0   0   0   0   0   0   0   0   2   0   0   0   0  97   1   0   0   0  1.76 0.52
  164 F    -5  -6  -6  -7  -5  -6  -6  -6  -4  -3  -2  -6  -3   9  -7  -5  -5  -2   0  -4    0   0   0   0   0   0   0   0   0   0   0   0   0 100   0   0   0   0   0   0  2.71 0.57
  165 H    -5  -4  -3  -4  -6  -3  -3  -5  11  -7  -6  -4  -5  -5  -6  -4  -5  -6  -1  -7    0   0   0   0   0   0   0   0 100   0   0   0   0   0   0   0   0   0   0   0  3.40 0.68
  166 F    -5  -6  -6  -7  -5  -6  -6  -6  -4  -3  -2  -6  -3   9  -7  -5  -5  -2   0  -4    0   0   0   0   0   0   0   0   0   0   1   0   0  99   0   0   0   0   0   0  2.66 0.56
  167 G    -2  -5   0  -4  -5  -4  -5   7  -5  -7  -6  -4  -5  -6  -5  -3  -4  -5  -6  -6    0   0   4   0   0   0   0  96   0   0   0   0   0   0   0   0   0   0   0   0  2.11 0.47
  168 C    -1  -4  -4  -5   2  -4  -4  -5   2   4   4  -4   0   0  -4  -4  -3  -3   1   0    5   0   0   0   5   0   0   0   6  25  49   0   0   2   0   0   0   0   5   3  0.65 0.23
  169 P    -3  -5  -5  -5  -6  -4  -4  -5  -5  -6  -6  -4  -6  -7   9  -4  -4  -7  -6  -5    1   0   0   0   0   0   0   0   0   0   0   0   0   0  99   0   0   0   0   0  3.07 0.60
  170 E     0  -1   1   1  -1   0   1   0   3  -4  -4   0  -3  -3   1   3  -1  -4  -3  -3    5   2   6   9   1   3   8   6  10   0   0   6   0   1   8  35   1   0   0   0  0.39 0.18
  171 K     1   0   0  -1  -3   3   1  -2   0  -2  -1   2  -2  -2   2   1  -1  -4  -3  -1   17   2   4   1   0  16   8   0   2   2   5  19   0   1  11   8   2   0   0   3  0.27 0.14
  172 E     2   0   0   1  -3   1   3  -1   2  -3  -3   0  -2  -4  -1   1   0  -4  -2  -2   18   5   3   9   0   7  21   3   6   0   2   4   0   0   2  14   3   0   1   1  0.28 0.13
  173 F     0  -1  -1  -3  -2   1  -2  -3  -3   1  -1  -1  -1   1  -3   0   3   4   0   2   10   2   1   0   0   8   0   0   0   7   4   1   0   6   0   7  29   6   3  16  0.27 0.16
  174 I    -3  -5  -5  -5  -4  -3  -5  -6  -5   7   1  -5   0  -2  -5  -5  -2  -5  -4   2    0   0   0   0   0   1   0   0   0  79  10   0   1   0   0   0   1   0   0   7  1.39 0.38
  175 G     0   1  -1   2  -4   2   3   0   0  -3  -3   2  -3  -4  -3  -1  -2  -4  -2  -3    9   8   1  15   0  12  23   6   1   1   2  18   0   0   0   2   1   0   1   0  0.41 0.17
  176 K     2   3  -2  -2  -3   1   1  -2  -1  -3  -2   2  -2  -1  -3   0   0   0   0  -2   24  19   0   1   0   6   9   2   1   0   2  18   0   2   0   6   4   1   4   2  0.29 0.15
  177 L    -4  -4  -6  -6  -4  -4  -5  -6  -5   2   6  -5   1   2  -5  -5  -3  -3  -2  -1    0   0   0   0   0   0   0   0   0   8  81   0   2   9   0   0   0   0   0   0  1.22 0.34
  178 Q    -3   2  -2  -3  -5   6  -1  -4   4  -5  -5   5  -3  -5  -4  -2  -3  -5  -3  -5    0  11   0   0   0  41   0   0  11   0   0  37   0   0   0   1   0   0   0   0  1.19 0.37
  179 G     1   1   1   3  -4   2   3   0  -2  -4  -4   2  -3  -4  -2   1  -2  -4  -3  -3   16   5   5  16   0   7  20   5   0   0   0  17   0   0   0   9   0   0   0   0  0.41 0.16
  180 L     2   0   0  -2  -2   1  -1   0   2   0   1  -1   0  -1  -2   0   0  -3  -1  -1   27   4   4   0   0   9   3   6   6   6  16   3   2   2   0   5   3   0   1   1  0.12 0.10
  181 G    -2  -4   0  -2  -5  -2  -3   7  -4  -6  -6  -1  -5  -6  -4  -1  -4  -5  -5  -6    0   0   3   1   0   2   1  86   0   0   0   4   0   0   0   2   0   0   0   0  1.71 0.40
  182 I    -2  -5  -5  -5   1  -5  -5  -4  -5   7   0  -5   0  -2  -5  -3  -1  -5  -4   2    2   0   0   0   3   0   0   1   0  74   5   0   1   0   0   1   4   0   0   8  1.16 0.34
  183 A     0  -1  -2  -3   0  -2  -2  -3  -2   1   2   0   2   0  -2   0   0  -2   2   2    6   2   1   0   2   0   0   0   0   9  23  10   7   2   1   6   6   0   8  15  0.14 0.09
  184 V    -2  -4  -4  -5  -3  -4  -4  -5  -5   2   3  -4   0  -2  -4  -3   2  -4  -3   4    0   0   0   0   0   0   0   0   0  11  28   0   1   0   0   0  16   0   0  43  0.72 0.25
  185 H    -4  -4  -5  -5  -4  -4  -5  -5   0   2   3  -5   4   6  -5  -4  -3  -2   0  -1    0   0   0   0   0   0   0   0   2  10  26   0  13  47   0   0   0   0   0   2  1.06 0.31
  186 V     4  -4  -3  -4  -1  -3  -3   0  -4   2  -1  -3  -2  -3  -3   0  -1  -4  -3   3   42   0   0   0   1   0   0   8   0  10   3   0   0   0   0   7   1   0   0  29  0.52 0.23
  187 C    -2  -4  -2  -3   5  -3  -3  -4  -4  -4  -4  -3  -3  -5  -3   4   6  -5  -4  -3    1   0   0   0  12   0   0   0   0   0   0   0   0   0   0  32  55   0   0   0  1.21 0.39
  188 A     6  -4  -4  -4  -3  -3  -3  -2  -4   0  -3  -3  -3  -4  -3   0  -1  -5  -4   2   73   0   0   0   0   0   0   0   0   4   0   0   0   0   0   4   2   0   0  17  1.02 0.35
  189 T    -3  -4  -3  -4  -4  -4  -4  -5  -5  -4  -4  -4  -4  -5  -4  -1   8  -5  -5  -3    0   0   0   0   0   0   0   0   0   0   0   0   0   0   0   0 100   0   0   0  2.12 0.56
  190 T    -2  -3   5  -1   0  -2  -2  -3  -3  -4  -3  -2  -4  -5  -3   5   2  -5  -4  -4    0   0  34   2   2   0   0   0   0   0   2   0   0   0   0  51  10   0   0   0  1.03 0.36
  191 L    -2  -2  -4  -3  -3  -3  -2  -5  -4   1   4  -4   0  -2  -1  -3  -2  -4  -3   3    3   2   0   2   0   0   3   0   0   3  55   0   0   0   4   0   1   0   0  28  0.67 0.25
  192 A     1   0   0   2  -4   2   3  -3   0  -3  -3   3  -3  -2  -1  -1   0  -4  -3  -2   18   2   2  11   0  11  23   0   2   1   0  19   0   3   2   1   4   0   0   1  0.38 0.17
  193 E    -4  -3  -3  -1  -7  -1   8  -5  -3  -6  -6  -2  -5  -6  -4  -3  -4  -6  -5  -5    0   0   0   1   0   0  99   0   0   0   0   0   0   0   0   0   0   0   0   0  2.15 0.54
  194 V     5  -4  -4  -4  -3  -3  -3   0  -4  -1  -2  -3  -2   2  -3  -1   0  -4  -3   1   67   0   0   0   0   0   0   5   0   2   2   0   0   9   0   1   4   0   0  10  0.78 0.30
  195 D    -2   4  -2  -1  -1   2   1  -4   1  -1   0   3  -2  -3  -3  -2  -1  -1  -1  -1    0  30   0   2   1  11   8   0   4   3   8  21   0   0   0   1   2   1   2   5  0.42 0.18
  196 V     1   0  -1  -2  -3   3   1  -3   2  -1   1   0   0  -1  -3  -1  -1   0   1   0   19   5   2   0   0  21   7   0   7   3  13   2   2   1   0   1   1   1   7   6  0.20 0.14
  197 L     2  -4  -4  -5   1  -4  -4  -4  -4   4   3  -4   0  -2  -4  -2  -2  -4  -3   2   23   0   0   0   3   0   0   0   0  27  37   0   0   0   0   1   0   0   0  10  0.58 0.22
  198 L     1  -2  -1  -1  -2   1   3  -3   0   1   1  -1   0  -2  -3   0   0  -3   0   1   15   1   2   1   1   7  23   0   3  13  14   1   1   0   0   4   5   0   3   9  0.16 0.12
  199 N     2   0   1   3  -3   1   3  -2   0  -4  -3   1  -3  -4  -2   1   0  -4  -3  -3   23   4   6  17   0   6  22   0   1   0   1   8   0   0   0   7   3   0   0   0  0.40 0.17
  200 A     4  -1   0  -3   0  -1  -2  -2   0  -2   1  -1  -2  -1  -3   1  -1  -4  -1  -1   48   3   4   0   1   2   0   0   2   0  19   4   0   2   0  11   1   0   1   2  0.39 0.21
  201 G    -2  -4   1   0  -5  -2  -2   6  -4  -6  -6   0  -5  -5  -4  -2  -4  -5  -5  -5    0   0   6   5   0   1   3  78   0   0   0   7   0   0   0   0   0   0   0   0  1.46 0.37
  202 V     0  -4  -5  -5   0  -4  -4  -5  -5   5   1  -4   2   0  -4  -3  -2  -4  -3   4    8   0   0   0   1   0   0   0   0  36   9   0   4   3   0   0   0   0   0  38  0.76 0.25
  203 D    -3  -4   1   8  -6  -2  -1  -4   2  -6  -6  -3  -6  -6  -4  -3  -4  -7  -5  -6    1   0   5  87   0   1   1   0   5   0   0   0   0   0   0   0   0   0   0   0  1.97 0.47
  204 A     3  -4  -3  -4  -3  -3  -4   5  -4   0  -3  -3  -3   0  -4  -2  -3  -4  -1   0   28   0   0   0   0   0   0  52   0   5   0   0   0   5   0   0   0   0   2   9  0.84 0.27
  205 I    -3  -5  -5  -5  -3  -5  -5  -6  -5   6   2  -5  -1  -2  -5  -4  -3  -5  -3   4    0   0   0   0   0   0   0   0   0  56  15   0   0   0   0   0   0   0   0  29  1.13 0.32
  206 L    -3  -5  -5  -6  -3  -5  -5  -6  -6   5   0  -5  -1  -3  -5  -4  -2  -5  -3   6    0   0   0   0   0   0   0   0   0  31   2   0   0   0   0   0   0   0   0  66  1.32 0.37
  207 C     4  -4  -4  -4   6  -3  -4  -3  -4  -2   2  -3  -2  -3  -4  -1  -2  -4  -4  -1   50   0   0   0  21   0   0   0   0   0  23   0   0   0   0   3   0   0   0   3  0.89 0.31
  208 Q    -4  -2  -3  -3  -6   9  -1  -5  -3  -6  -5  -2  -4  -6  -4  -3  -4  -5  -5  -5    0   0   0   0   0 100   0   0   0   0   0   0   0   0   0   0   0   0   0   0  2.55 0.63
  209 G    -2  -5  -3  -4  -5  -4  -5   7  -5  -6  -6  -4  -5  -6  -5  -1  -4  -5  -6  -6    0   0   0   0   0   0   0  96   0   0   0   0   0   0   0   4   0   0   0   0  2.12 0.47
  210 D    -3  -3  -5  -1  -4  -4  -4  -5  -2   3  -2  -4  -1   3  -5  -4  -4   7   7  -2    2   1   0   4   0   0   0   0   0  17   0   0   1  12   0   0   0  16  44   1  1.31 0.36
  211 E    -4  -3  -1  -1  -7   0   7  -5  -3  -6  -6  -2  -5  -6  -4  -3  -4  -6  -5  -5    0   0   2   0   0   1  97   0   0   0   0   0   0   0   0   0   0   0   0   0  2.07 0.53
  212 A     7  -4  -4  -5  -3  -4  -4  -2  -4  -4  -4  -3  -4  -5  -4  -1  -3  -5  -5  -3  100   0   0   0   0   0   0   0   0   0   0   0   0   0   0   0   0   0   0   0  1.77 0.49
  213 G    -2  -5  -3  -4  -5  -5  -5   7  -5  -7  -7  -4  -6  -6  -5  -3  -4  -5  -6  -6    0   0   0   0   0   0   0 100   0   0   0   0   0   0   0   0   0   0   0   0  2.28 0.49
  214 G    -2  -5  -3  -4  -5  -5  -5   7  -5  -7  -7  -4  -6  -6  -5  -3  -4  -5  -6  -6    0   0   0   0   0   0   0 100   0   0   0   0   0   0   0   0   0   0   0   0  2.28 0.49
  215 H    -5  -4  -3  -4  -6  -3  -3  -5  11  -7  -6  -4  -5  -5  -6  -4  -5  -6  -1  -7    0   0   0   0   0   0   0   0 100   0   0   0   0   0   0   0   0   0   0   0  3.40 0.68
  216 R    -4   8  -3  -5  -6  -2  -3  -5  -3  -6  -5  -1  -4  -6  -5  -3  -4  -6  -5  -6    0  99   0   0   0   0   0   0   0   0   0   0   0   0   0   1   0   0   0   0  2.35 0.55
  217 G    -2  -5  -3  -4  -5  -5  -5   7  -5  -7  -7  -4  -6  -6  -5  -3  -4  -5  -6  -6    0   0   0   0   0   0   0 100   0   0   0   0   0   0   0   0   0   0   0   0  2.28 0.49
  218 S    -1  -2   5  -1   0   0  -2  -3  -2   2  -1  -2   3  -3  -4   0   0  -4  -3   1    4   1  37   2   3   4   0   0   0  13   2   0  13   0   0   8   5   0   0   9  0.47 0.22
  219 F    -5  -6  -6  -7  -5  -6  -6  -6  -4  -3  -2  -6  -3   9  -7  -5  -5  -2   2  -4    0   0   0   0   0   0   0   0   0   0   0   0   0  97   0   0   0   0   3   0  2.60 0.55
  220 D    -2  -3   1   4  -4  -2   0  -3  -1   1   3  -1  -1  -3  -1  -1  -1  -4  -3  -1    2   0   9  33   0   0   3   0   1   7  33   4   0   0   3   2   2   0   0   1  0.43 0.20
  221 L     1  -1  -1   1  -3   0   0  -2  -1  -2  -1  -2  -2  -3   5   1  -1  -4  -3   0   10   2   2   9   0   4   5   1   1   0   7   0   0   0  32  14   2   0   0   9  0.50 0.16
  222 S     0  -1   3   4  -3   1   1  -1  -1  -3  -3   0  -3  -2   1   1   1  -4  -3  -3    6   1  15  25   0   5  10   3   1   1   1   3   0   2   8  11   8   0   0   0  0.37 0.14
  223 N     1   0   0   1  -2   2   1   0   1  -2  -1   1  -2  -3  -2   0   0  -3  -1  -1   19   4   5   8   0  11  11   5   4   1   5  10   0   0   0   3   5   0   3   6  0.13 0.08
  224 G    -1  -1   0   1  -3   0   1  -1   0  -1   0   0  -1   1   2   0   0   0   0  -1    1   1   4  10   0   4  13   3   2   2  15   4   0  10  11   5   7   2   2   1  0.12 0.08
  225 T    -4  -4   0   8  -6  -3   0  -4  -1  -6  -6  -3  -6  -6  -4  -3  -2  -7  -6  -6    0   0   2  92   0   0   3   0   1   0   0   0   0   0   0   0   2   0   0   0  2.13 0.49
  226 E     0  -1  -1   2  -2   1   5   0  -2  -4  -4  -1  -3  -5   0   1   0  -5  -4  -4    8   1   1   8   1   3  51   6   0   0   1   2   0   0   3   9   5   0   0   0  0.66 0.25
  227 N     0   1   3   0   2   4   1  -2  -1  -4  -4   3  -3  -5  -3  -1  -2  -4  -3  -4    6   8  20   5   5  23   7   2   1   0   1  20   0   0   0   1   0   0   0   0  0.53 0.21
  228 L    -3  -4  -5  -6  -3  -3  -5  -6  -5   2   6  -5   3  -1  -5  -4  -3  -1  -3   0    0   0   0   0   0   1   0   0   0   9  80   0   6   1   0   0   0   1   0   3  1.18 0.33
  229 S    -1  -2   0   0  -3  -1  -2   3  -3  -4  -4   0  -3  -5   1   4   1  -5  -4  -4    1   1   2   3   0   1   0  23   0   0   0   6   0   0   6  48   9   0   0   0  0.66 0.26
  230 T    -1  -4  -3  -4  -4  -3  -4  -4  -5  -3  -1  -3  -3  -5  -4  -1   7  -5  -4  -2    3   0   0   0   0   0   0   0   0   0   6   0   0   0   0   0  90   0   0   1  1.71 0.49
  231 F     0  -1  -2  -3  -1   1   0  -3   2   0   1  -1   1   3  -3  -1  -1   1   2   0   10   3   2   0   1   7   5   0   5   2  20   4   5  19   0   5   1   1   6   4  0.16 0.10
  232 A     3  -2  -1   1   2   1   1  -1   0  -1  -2  -1  -2  -3   0   2   0  -4  -3  -1   29   0   2   8   4   6  11   1   2   4   2   1   0   0   3  18   5   0   0   3  0.25 0.14
  233 L    -4  -5  -6  -6  -4  -5  -5  -6  -5  -1   6  -5   0  -2  -6  -5  -4  -4  -4  -2    0   0   0   0   0   0   0   0   0   0 100   0   0   0   0   0   0   0   0   0  1.68 0.44
  234 T    -3  -4  -4  -5  -1  -4  -4  -5  -4   0   1  -4  -1   5  -4  -3   3  -3  -1   4    0   0   0   0   1   0   0   0   0   3  10   0   0  32   0   0  20   0   0  33  0.75 0.27
  235 Q    -1   3   0   1  -4   3   1  -2   0  -1  -2   2  -2  -4   0   0   0  -4  -3  -2    3  20   3   7   0  14   7   1   2   4   3  17   0   0   4   7   6   0   0   1  0.31 0.13
  236 L    -1   1  -2  -1  -2   4   0  -3  -2   0   2   1   0  -3  -3  -1   0  -4  -3  -1    5  10   0   3   1  25   5   0   0   6  27   7   1   0   0   2   4   0   0   3  0.28 0.16
  237 V    -1  -4  -4  -4  -1  -4  -4  -5  -4   4   3  -4   0  -2  -4  -1   0  -4  -3   3    3   0   0   0   1   0   0   0   0  25  35   0   0   0   0   5   5   0   0  26  0.60 0.21
  238 L     0   0  -2  -3  -1   0  -2  -4  -2   1   0   3   0  -3  -3  -1  -1  -4  -3   4    9   4   1   0   1   4   0   0   1   4  10  22   1   0   0   2   2   0   0  39  0.34 0.19
  239 G     1   2   0   1  -2   2   1   0  -1  -3  -3   2  -2  -4  -1   0  -1  -4  -3  -3   12  14   4  10   1  14   7   6   1   1   1  17   0   0   2   7   2   0   0   0  0.28 0.12
  240 K     0   0   0  -2  -3   1   1  -2   3  -1   0   0  -2   0  -3  -1  -1  -2   4  -1   10   5   4   0   0   8  12   2   9   2   9   6   0   3   0   2   3   0  22   2  0.23 0.13
  241 V     0   0   0   0   0   0   0   0   0   0   0   0   0   0   0   0   0   0   0   0    7   4   4   5   2   4   5   6   2   6  14   5   2   3   5   8   5   1   3   9  0.01 0.03
  242 N     0   0   1   1  -1   0   0   0   0   0   0   0   0  -1   0   0   0   0   0   0   11   4   8   8   2   4   5   6   2   6   8   5   2   3   4   6   6   1   3   6  0.02 0.00
  243 G     0   0   1   0  -1   0   0   0   0   0   0   0   0   0   0   0   1  -1   0   0    5   3   6   7   1   3   5   8   1   5   7   8   3   5   3   9   9   1   3   6  0.02 0.00
  244 L     0   0   0   0  -1   0   0   1  -1   0   0   0   0  -1   0   0   0  -1  -1   0    8   3   3   5   1   6   7  10   1   3  15   5   3   2   3  10   4   1   2   6  0.02 0.01
  245 R     0   0   1   0  -1   0   0  -1   0  -1   0   1   0   0   1   0   0  -1   0  -1    6   5   8   6   1   4   6   4   1   3  10  10   1   6   8   7   5   1   2   4  0.05 0.01
  246 L     0   0   0   0  -1   0   0   0   0   0   0   0   0  -1   0   0   0  -1  -1   0    7   5   3   4   1   5   5   7   2   9  11   7   3   2   3   7   6   1   2  10  0.01 0.00
  247 Q    -1  -2   0   0   3   1   0  -2   0   1   1  -1   0  -1  -3   0   0  -3  -1   1    1   0   4   6   9   7   4   3   3   8  19   4   0   2   0   8   7   0   1  13  0.08 0.08
  248 N    -1   1   3   3  -4   1   1  -1  -2  -4  -4   1  -3  -4  -1   2   0   1  -3  -4    2   8  20  23   0   5   6   4   0   0   0   9   0   0   2  16   3   2   0   0  0.45 0.17
  249 P     0  -1  -3  -2   1  -2  -1  -2  -2   2   2   0   0  -2   1  -1   0  -3  -2   1    5   3   0   1   3   0   4   2   1  15  29   7   1   0   8   3   5   0   0  13  0.16 0.10
  250 P    -3  -5  -4  -3  -1  -2  -3  -2  -5  -5  -5  -2  -5  -6   8  -2   0  -6  -6  -4    0   0   0   1   1   2   1   3   0   0   0   1   0   0  83   1   5   0   0   1  2.24 0.48
  251 V    -1  -1  -1  -1  -1  -1  -1  -1  -1  -1   0  -1  -1   5  -1  -1  -1   0   4   0    4   4   2   3   1   2   3   4   1   2   7   5   1  29   3   3   3   1  18   5  0.29 0.07
  252 V    -3  -5  -5  -5  -3  -4  -5  -5  -5   4   2  -4  -1  -2  -5  -4  -2  -4  -3   5    0   0   0   0   0   0   0   0   0  29  23   0   0   0   0   0   0   0   0  48  0.99 0.29
  253 I    -3  -5  -6  -6  -3  -5  -5  -6  -6   7  -1  -5  -1  -3  -5  -5  -3  -5  -4   4    0   0   0   0   0   0   0   0   0  74   1   0   0   0   0   0   0   0   0  25  1.51 0.40
  254 A     5  -4  -4  -4  -3  -3  -3  -3  -4  -4  -4  -3  -4  -5   5   0  -2  -5  -4  -3   62   0   0   0   0   0   0   0   0   0   0   0   0   0  33   4   1   0   0   0  1.33 0.38
  255 A     7  -4  -4  -4  -3  -3  -3  -2  -4  -4  -4  -3  -3  -5  -3   0   0  -5  -4  -3   93   0   0   0   0   0   0   0   0   0   0   0   0   0   0   3   4   0   0   0  1.53 0.45
  256 G    -2  -5  -3  -4  -5  -5  -5   7  -5  -7  -7  -4  -6  -6  -5  -3  -4  -5  -6  -6    0   0   0   0   0   0   0 100   0   0   0   0   0   0   0   0   0   0   0   0  2.28 0.49
  257 G    -2  -5  -3  -4  -5  -4  -5   7  -5  -7  -6  -4  -5  -6  -5  -2  -4  -5  -6  -6    0   0   0   0   0   0   0  98   0   0   0   0   0   0   0   2   0   0   0   0  2.19 0.48
  258 I    -4  -6  -6  -6  -4  -5  -6  -6  -6   7   1  -5   1  -3  -5  -5  -3  -5  -4   1    0   0   0   0   0   0   0   0   0  90   6   0   2   0   0   0   0   0   0   2  1.74 0.44
  259 M    -1  -4  -1  -3  -4  -3  -4  -2   1  -1  -1  -4   9  -2  -5  -2  -1  -4   0   2    4   0   3   1   0   0   0   3   3   1   0   0  59   0   0   2   3   0   4  16  1.16 0.39
  260 D    -3  -4   3   7  -5  -2   0  -2  -3  -5  -6  -3  -5  -6  -4   1   1  -6  -5  -5    0   0  12  67   0   0   2   2   0   0   0   0   0   0   0   9   9   0   0   0  1.35 0.37
  261 G     1  -4  -2  -2  -4  -3  -3   6  -4  -5  -5  -3  -4  -5  -1   2  -2  -5  -5  -4    9   0   0   1   0   0   0  66   0   0   0   0   0   0   3  19   2   0   0   0  1.19 0.33
  262 T     2   1   0   0  -3   2   2  -1   0  -3  -3   3  -2  -3  -2   0   0  -4  -2  -2   22   8   3   3   0  11  12   2   2   0   0  22   1   1   0   6   5   0   1   1  0.32 0.15
  263 V     0  -3  -1   3  -3   1  -1   3  -1  -2  -3  -2  -3  -4  -3   1   2  -4  -4  -2    6   0   0  22   0   8   1  26   2   3   1   0   0   0   0  10  20   0   0   2  0.44 0.19
  264 I     1  -5  -5  -5  -3  -5  -5  -5  -5   7  -1  -4   1  -3  -5  -4  -3  -5  -4   3   13   0   0   0   0   0   0   0   0  69   0   0   2   0   0   0   0   0   0  16  1.19 0.35
  265 E     2   3   2  -1  -2   1   0  -1  -2  -3  -2   2  -2  -3  -3   0  -1   0  -3  -2   25  18  10   1   1   4   6   3   0   0   4  16   0   1   0   7   2   1   0   1  0.28 0.14
  266 S     3  -1   0  -2  -3   0   1  -1   2  -3  -3   1  -2   0  -3   0  -1   1   4  -2   30   3   4   1   0   5   8   3   5   1   1   7   0   3   0   5   3   2  19   0  0.30 0.16
  267 L     3  -4  -4  -5   0  -3  -4  -4  -2  -2   0  -3   4   0  -4  -2  -2  -2   6   0   27   0   0   0   2   0   0   0   0   1   7   0  16   2   0   0   2   0  38   6  0.82 0.30
  268 L    -3  -3  -5  -6  -3  -4  -5  -6  -5   2   6  -4   3   0  -5  -4  -3  -4  -3   0    0   1   0   0   0   0   0   0   0   8  79   0   6   3   0   0   0   0   0   3  1.15 0.33
  269 S     1   0   2   3  -3   2   1  -2  -2  -3  -3   1   0  -4  -2   2   0  -4  -3  -3   12   5   9  21   0  12   7   1   0   1   0  11   3   0   0  15   3   0   0   0  0.36 0.15
  270 L    -2  -2   1  -3  -2   2  -1  -4   1   0   4   0   0   0  -4  -1  -2  -3   0  -1    3   0  10   0   1  10   4   0   5   3  49   6   0   3   0   3   1   0   3   0  0.34 0.19
  271 G    -2  -5  -1  -4  -5   0  -4   7  -4  -6  -6  -4  -5  -6  -5  -3  -4  -5  -6  -6    0   0   3   0   0   4   0  93   0   0   0   0   0   0   0   0   0   0   0   0  1.98 0.45
  272 A     6  -4  -4  -4   0  -3  -3  -2  -4   0  -3  -3  -3  -4  -3  -1  -2  -5  -4   0   86   0   0   0   1   0   0   0   0   5   0   0   0   0   0   1   0   0   0   6  1.28 0.40
  273 G     3  -2  -2   2  -3   0   0  -1  -3  -2  -3  -1  -1  -4  -3   3  -1  -4  -3   0   33   0   0  13   0   4   6   2   0   1   1   3   1   0   0  27   1   0   0   7  0.40 0.20
  274 G     6  -4  -3  -4  -3  -3  -3   3  -4  -4  -4  -3  -4  -5  -3   0  -2  -5  -4  -3   75   0   0   0   0   0   0  22   0   0   0   0   0   0   0   3   0   0   0   0  1.23 0.38
  275 V     2  -5  -5  -5   1  -4  -4  -4  -5   0  -2  -4  -2  -3  -4  -3  -1  -5  -4   6   20   0   0   0   3   0   0   0   0   2   0   0   0   0   0   0   3   0   0  73  1.11 0.36
  276 M    -4  -2  -3  -3  -1   8  -1  -5  -3  -6  -5  -2   0  -6  -4  -1  -4  -5  -4  -5    0   0   0   0   2  93   0   0   0   0   0   0   2   0   0   3   0   0   0   0  2.21 0.58
  277 M    -3  -4  -5  -6  -3  -4  -5  -6  -5   0   5  -4   6  -2  -5  -4  -3  -4  -3   1    0   0   0   0   0   0   0   0   0   2  66   0  23   0   0   0   0   0   0   8  1.19 0.34
  278 G    -2  -5  -3  -4  -5  -5  -5   7  -5  -7  -7  -4  -6  -6  -5  -3  -4  -5  -6  -6    0   0   0   0   0   0   0 100   0   0   0   0   0   0   0   0   0   0   0   0  2.28 0.49
  279 T    -3  -4  -3  -4  -4  -4  -4  -4  -5  -4  -4  -4  -4  -5  -4   0   8  -5  -5  -3    0   0   0   0   0   0   0   0   0   0   0   0   0   0   0   3  97   0   0   0  2.01 0.54
  280 A     6  -4  -4  -4  -3  -3  -3  -3  -4   1  -2  -3  -2  -4  -3  -1  -1  -5  -4   2   72   0   0   0   0   0   0   0   0   8   3   0   0   0   0   0   1   0   0  16  0.98 0.34
  281 F    -5  -6  -6  -6  -5  -6  -6  -6  -4  -3  -1  -6  -3   9  -7  -5  -5   4   2  -4    0   0   0   0   0   0   0   0   0   0   2   0   0  89   0   0   0   6   3   0  2.33 0.51
  282 L    -3  -4  -5  -5  -3  -4  -5  -6  -5   4   4  -4   0  -2  -5  -4  -3  -4  -3   3    0   0   0   0   0   0   0   0   0  25  53   0   0   0   0   0   0   0   0  22  0.94 0.28
  283 R     3  -1  -2  -1  -3   0  -2   1  -1  -2   1  -1  -2  -2   3   0   0  -4  -3  -2   30   3   0   2   0   6   0  11   1   0  17   1   0   1  16   3   7   0   0   0  0.30 0.16
  284 T    -1  -4  -3  -4   9  -4  -4  -4  -5  -3  -4  -4  -3  -5  -4   0   5  -5  -4   0    5   0   0   0  45   0   0   0   0   0   0   0   0   0   0   7  38   0   0   6  1.50 0.40
  285 P     0  -1  -1   1  -4   0  -1  -3  -3  -4  -4   2  -4  -5   6   0   0  -5  -4  -3    7   3   2   8   0   3   3   0   0   0   0  13   0   0  50   6   4   0   0   2  1.07 0.28
  286 E    -3  -3  -3   0  -6   2   7  -2  -3  -6  -5  -2  -4  -6  -4  -1  -2  -5  -5  -5    0   0   0   1   0   9  82   3   0   0   0   0   0   0   0   2   2   0   0   0  1.56 0.44
  287 S     1  -3  -2  -3   3  -3  -3  -3  -4  -5  -5  -3  -4  -5  -3   6   0  -5  -4  -4    8   0   0   0   6   0   0   0   0   0   0   0   0   0   0  84   2   0   0   0  1.42 0.44
  288 I     2  -1   3  -2  -2   0  -2  -1  -1  -1   0   0  -2  -3  -3   2   2  -4  -3  -1   22   2  16   0   0   3   0   1   1   4  11   6   0   0   0  20  13   0   0   2  0.26 0.15
  289 V     5  -3   0  -3  -2  -3  -3  -2  -3   1  -3  -3  -2  -4  -3   1   1  -4  -3   1   55   0   6   0   0   0   0   0   0   9   0   0   0   0   0  10   9   0   0  12  0.61 0.26
  290 S    -1  -3   4   3  -1  -2  -1  -1   1  -5  -5  -1  -4  -5   2   3  -1  -5  -4  -4    4   0  23  21   1   0   0   2   3   0   0   3   0   0  11  31   1   0   0   0  0.67 0.25
  291 R     2   0  -1   1  -3   1   1  -1  -1  -3  -3   2  -3  -4   3   1   0  -4  -2  -2   17   5   0   7   0   6  10   2   1   0   0  13   0   0  18  15   3   0   1   1  0.37 0.15
  292 T     1  -2  -1  -1  -3  -2   0   2   0  -1  -1   0  -2   4  -3  -1  -1  -2   2  -2   18   0   3   2   0   0   7  15   2   4   3   6   0  26   0   2   4   0   8   0  0.27 0.15
  293 F    -4  -4  -2  -5  -4  -4  -4  -5   5   2  -2  -4  -3   5  -5  -4  -4   3   7  -2    0   0   2   0   0   0   0   0  14  13   0   0   0  25   0   0   0   3  41   2  1.27 0.35
  294 S    -1   5   0  -3  -4   0  -1   0  -1  -4  -2   2  -3  -4  -3   1   0  -4  -3  -3    3  48   4   0   0   3   2   8   1   0   5  12   0   0   0   9   4   0   0   0  0.64 0.23
  295 K     1   1   2   2  -3   1   2  -2  -1  -3  -3   2  -3  -4  -1   0   0  -4  -3  -2   18   6  12  13   0   7  11   1   1   0   0  18   0   0   1   5   4   0   0   1  0.33 0.14
  296 Q     3  -1  -2  -3   0   0  -1  -2  -2   0   1   0   1  -1   0   1   0  -3  -1   0   34   3   0   0   2   5   3   0   1   3  18   6   3   1   3   9   4   0   2   3  0.17 0.12
  297 V    -3  -4  -4  -5  -3  -4  -4  -3  -4   3   4  -3   1   2  -4  -3  -2  -3  -2   2    0   0   0   0   0   0   0   1   0  16  56   2   2   9   0   1   0   0   0  12  0.69 0.22
  298 E     0   1   0   0  -3   1   0  -2   0  -2  -1   2  -1   2  -2   0   1  -2  -1  -2    7   8   4   4   0   7   5   1   1   0   6  20   1  14   0   8  12   0   0   1  0.15 0.10
  299 G     0   0   2   0  -3   0   1   1  -1  -3  -3   0  -2  -3  -2   3   0  -3  -1  -3    5   3  10   4   0   2  10  11   1   1   2   6   0   0   1  37   4   0   2   1  0.34 0.16
  300 L     1   1   2   0  -1   0   0   0  -1  -2  -2   1  -2  -3   3   0   0  -3  -1  -2   14   9  12   5   2   5   4   7   1   2   4   7   0   0  15   6   7   0   2   1  0.20 0.09
  301 Y     2   1  -1   0  -3   1   1   1   0  -2   0   0  -2  -3   0   1  -1  -3  -1  -2   28   9   1   3   0   5   8  12   3   0  10   4   0   0   5   9   0   0   3   0  0.18 0.12
  302 T     0   0   0   0  -2   0   0   0   2  -1  -1   0  -1  -1   2   0   1   0   0  -1   10   6   3   5   0   4   7   6   7   5   4   7   1   2   9   6  10   1   3   3  0.08 0.04
  303 D    -1   0   1   2  -1   1   2   0   4  -3  -3   0  -2  -4   3   0   0  -4  -2  -3    4   3   5  14   1   4  13   5  13   1   1   5   1   0  16   6   7   0   0   0  0.34 0.13
  304 T    -3  -4  -3  -4  -4  -4  -4  -5  -5  -4  -4  -4  -4  -5  -4  -1   8  -6  -5  -3    0   0   0   0   0   0   0   0   0   0   0   0   0   0   0   0 100   0   0   0  2.16 0.59
  305 I     0   1  -3  -3   0   1  -1  -4  -3   3   0  -1   0  -2  -3  -2   0  -4  -3   3    8  10   0   0   2   8   4   0   0  27   5   3   2   0   0   1   4   0   0  26  0.30 0.17
  306 I    -4  -4  -5  -6  -4  -4  -5  -6  -5   3   1  -4   9  -3  -5  -4  -3  -4  -4   0    0   0   0   0   0   0   0   0   0  14  11   0  71   0   0   0   0   0   0   5  1.86 0.51
  307 T    -3  -4  -3  -4  -3  -3  -4  -4  -4   0  -3  -3  -3  -4  -4   0   7  -5  -4   1    0   0   0   0   0   0   0   0   0   5   1   0   0   0   0   6  79   0   0   9  1.41 0.45
  308 P     2   2   1   2   0  -1   0  -2  -2  -4  -4   0  -3  -4   3   2  -1  -4  -3  -3   25  14   7  12   3   0   3   0   1   0   0   5   0   0  15  16   1   0   0   0  0.42 0.19
  309 L     3  -3  -2  -4  -1  -3  -2  -2  -3   1   3  -3   0  -1  -3   1  -1  -3  -1   1   28   0   2   0   1   0   1   1   0   6  35   0   1   1   0   9   1   0   2  11  0.33 0.18
  310 V    -3  -5  -5  -5   0  -5  -5  -6  -5   6   0  -5  -1   1  -1  -4  -3  -4  -3   4    0   0   0   0   2   0   0   0   0  49   2   0   0   6   3   0   0   0   0  38  1.04 0.33
  311 S    -2  -4  -2  -3  -4  -3  -3  -3  -4  -5  -5  -3  -4  -5  -4   7   1  -6  -5  -4    0   0   0   0   0   0   0   0   0   0   0   0   0   0   0  95   5   0   0   0  1.76 0.53
  312 G    -3  -5  -3  -4  -5  -5  -5   7  -5  -7  -7  -4  -6  -6  -5  -3  -4  -5  -6  -6    0   0   0   0   0   0   0 100   0   0   0   0   0   0   0   0   0   0   0   0  2.30 0.52
  313 R    -4   7  -3  -4  -6  -1  -2  -5  -3  -5  -3   4  -4  -5  -4  -3  -3  -5  -4  -5    0  66   0   0   0   0   0   0   0   0   3  31   0   0   0   0   0   0   0   0  1.61 0.44
  314 P    -1  -1   1  -3  -5  -1  -3  -4   1  -2  -5  -3  -4   0   7  -1  -3  -6  -4  -4    4   4   9   0   0   2   0   0   3   3   0   0   0   4  67   4   0   0   0   0  1.64 0.41
  315 A     6  -4  -4  -4  -3  -3  -4  -2  -4  -4  -1  -3  -3  -5  -3  -1  -1  -5  -4  -3   91   0   0   0   0   0   0   0   0   0   6   0   0   0   0   1   2   0   0   0  1.47 0.46
  316 R    -4   8  -3  -5  -7  -2  -3  -5  -3  -6  -5  -1  -4  -6  -5  -4  -4  -6  -5  -6    0 100   0   0   0   0   0   0   0   0   0   0   0   0   0   0   0   0   0   0  2.45 0.59
  317 C     2  -4  -3  -4   7  -3  -4   3  -4  -4  -4  -3  -3  -5  -4   0   4  -5  -4  -3   18   0   0   0  27   0   0  23   0   0   0   0   0   0   0   4  27   0   0   0  0.94 0.32
  318 L    -3  -2  -5  -5  -3  -4  -5  -5  -5   5   4  -4   1   0  -5  -4  -3  -4  -3   2    0   2   0   0   0   0   0   0   0  37  42   0   3   4   0   0   0   0   0  13  0.83 0.27
  319 K     1   2  -1  -1   0   0   0  -2  -1   0   0   2   0  -2  -1   0  -1  -3  -2   1   11  13   1   2   2   1   7   1   1   7  10  16   2   0   2   9   2   0   1  13  0.09 0.08
  320 T    -3  -3   6  -2  -4  -3  -3  -2  -3  -3  -5  -3  -4  -5  -4   0   5  -6  -4  -4    0   0  46   0   0   0   0   1   0   1   0   0   0   0   0   4  48   0   0   0  1.34 0.43
  321 L     0   3  -3   0  -4   0  -1  -2   0  -4  -3   0  -3  -4   6  -1  -2  -5  -2  -3    9  17   0   6   0   5   3   2   3   0   2   3   0   0  42   2   2   0   1   1  0.84 0.26
  322 F    -2  -2  -1  -2  -2  -2  -2  -2  -1  -1   0  -2   0   6  -2  -2  -2   1   1  -1    3   2   3   2   1   2   3   3   1   2   8   2   2  52   2   3   2   2   3   3  0.62 0.14
  323 V    -4  -5  -5  -5  -4  -5  -5  -5  -1   5   1  -5   1   6  -5  -4  -3   4   0   0    0   0   0   0   0   0   0   0   1  38  13   0   2  35   0   0   0   6   1   2  1.00 0.31
  324 S    -2   1   0   1   1   1   2  -3   1   0  -3   0  -2  -3  -3   0   3  -4  -3  -1    1   8   4   9   4   7  17   0   4   9   0   3   0   0   0   6  24   0   0   3  0.27 0.16
  325 S     1   3   1   2  -1   1   1  -1   1  -4  -4   2  -3  -4  -2   1   0  -4  -3  -3   13  19   7  13   2   7   9   2   3   0   0  11   0   0   0  10   4   0   0   0  0.33 0.14
  326 L    -2  -4  -3  -2  -3  -2  -2  -5  -2   1   4  -4   1   2  -4  -4  -2   4  -1   0    2   0   1   2   0   2   2   0   1   6  60   0   3   7   0   0   1   7   1   5  0.65 0.24
  327 E     1  -2  -2  -1  -2  -1   1   1   1   2   0  -2  -1  -1  -3  -1   1  -3  -1   1   12   0   0   4   0   2  10  13   5  18   7   1   0   1   0   3  11   0   2  13  0.10 0.10
  328 R     1   1   1   2   0   2   2   1  -2  -2  -2   1  -2  -3  -2   1  -1  -1  -3  -2   11  11   7  11   2  10  12   9   0   3   3   7   0   0   0  11   2   1   0   0  0.21 0.10
  329 E     0   0   2   1  -1   2   1   0   0  -2  -1   0  -2  -3   1   1   1  -3  -2  -2    9   2  11  10   1  10   8   5   2   0   7   4   0   0   5  11  12   0   0   2  0.17 0.09
  330 Y     1  -1   0  -1   0   1  -1  -1   0   0  -1  -1  -1   1   1   1  -1  -2   2   0   12   2   6   3   2   9   1   4   2   6   4   1   0   6   8  13   2   0  12   7  0.09 0.08
  331 A     0   0   1   1  -2   0   1   0   0  -1  -1   0  -1  -1   1   1   0  -2  -1  -1   11   7   8  11   1   3  10   7   2   5   4   4   1   3   8   9   4   0   1   2  0.11 0.03
  332 N     0   0   0   0  -1   0   1   0   0   0   0   0   0   0   0   0   0   0   0   0    7   5   6   5   2   4   9   8   2   5   9   7   2   3   5   6   5   1   3   6  0.02 0.03
  333 L     0   0   0   0   0   0   0   0   0   0   0   0   0   0   0   0   0   0   0   0    7   5   4   5   2   5   7   7   2   5  13   5   2   4   5   7   5   1   3   6  0.01 0.02
  334 S     0   0   1   0  -1   0   0   0   0  -1   0   0   0  -1   0   1   0   0   0   0    7   4   9   5   2   4   8   7   2   4   8   6   2   3   4  10   5   1   3   6  0.03 0.00
  335 D     0   0   0   0  -1   0   0   0   0   0   0   0   0   1   0   0   0   0   1   0    6   4   4   7   2   5   5   6   2   4  12   5   2   8   4   6   5   1   6   8  0.01 0.00
  336 K     0   1   0   1  -1   2   0  -1   1  -2  -2   2  -1  -4   3   0   0  -4  -3  -3    7   9   3  10   1  12   4   4   5   1   2  12   1   0  13   8   5   0   0   0  0.26 0.11
  337 E     0   0  -1   1  -1   0   0   1  -1  -1   0   0  -1  -2   2   0   0  -3  -2   0    8   4   2  10   1   2   8  12   2   0  16   5   0   0   9   8   5   0   0   9  0.09 0.06
  338 K     0   0   0   2  -1   1   2  -2   0  -2  -1   1  -2  -2  -2   1  -1  -3   0  -1    9   4   4  15   1   4  20   2   2   0   7   9   0   2   1  11   1   0   3   4  0.18 0.10
  339 G     0  -2   0   1  -3   0   2  -2  -2   2  -1  -1   0  -2   2  -1   0  -3  -3   1    7   0   4   6   0   3  18   3   0  19   5   3   2   0  13   2   4   0   0  10  0.18 0.11
  340 L    -1  -1  -2  -2  -1   0  -1  -2  -2   2   3  -1   1   0  -1  -1  -1  -1  -1   0    3   2   2   2   1   4   3   3   1  11  44   2   2   3   3   3   3   1   1   3  0.20 0.07
  341 P    -2  -5  -5  -5  -6  -4  -4  -5  -5  -6  -4  -4  -5  -7   9  -4  -4  -7  -6  -5    2   0   0   0   0   0   0   0   0   0   1   0   0   0  96   0   0   0   0   0  2.95 0.61
  342 D     0  -4  -1   6  -5  -1  -1   0  -3  -5  -3  -3  -4  -5   4   0  -3  -6  -5  -4    9   0   0  51   0   2   1   6   0   0   3   0   0   0  19   8   0   0   0   0  0.96 0.31
  343 Y    -5  -5  -5  -6  -6  -5  -5  -6  -1  -4  -4  -5  -4   3  -6  -5  -5  -1   9  -4    0   0   0   0   0   0   0   0   0   0   0   0   0  11   0   0   0   0  89   0  2.66 0.61
  344 V    -3  -5  -4  -4  -5  -2  -4   4  -4  -5  -5  -4  -5  -6   7  -1  -3  -6  -5  -3    0   0   0   0   0   1   0  34   0   0   0   0   0   0  58   5   0   0   0   2  1.69 0.42
  345 Y    -3  -3  -4  -5   0  -4  -4  -5  -2   3   2  -4   0   1  -5  -3  -2  -1   7   0    1   1   0   0   2   0   0   0   0  19  20   0   1   2   0   1   2   0  45   5  0.94 0.31
  346 R     4   1  -3  -3  -3  -2  -3  -1  -3  -2  -2  -2   2  -4   2   0   1  -4  -3   0   44  11   0   0   0   0   0   4   0   1   2   0   8   0   9   4  12   0   0   6  0.45 0.23
  347 Y    -3  -5  -5  -6  -5  -4  -5  -2  -1  -4  -4  -5  -4   1  -6  -4  -1  -1   9  -4    2   0   0   0   0   0   0   3   0   0   0   0   0   2   0   0   5   0  88   0  2.40 0.58
  348 V    -1  -3   3   6  -4  -2  -1  -2   0  -4  -5  -1  -4  -4  -3   2  -2  -4   2  -2    4   0  15  47   0   0   0   2   1   0   0   2   0   0   0  18   0   0   8   4  0.82 0.29
  349 M     5  -2  -3  -4  -3  -3  -1   0  -4   0   1  -3   0  -3  -3   0  -2  -4  -3   0   59   1   0   0   0   0   3   6   0   5  12   0   2   0   0   4   0   0   0   6  0.59 0.26
  350 Y     1  -4  -3  -4  -4  -3  -4   3  -2  -1  -3  -4   0   4  -4  -2  -3  -1   6  -3   13   0   0   0   0   1   0  29   0   3   0   0   2  22   0   1   1   0  29   0  0.83 0.29
  351 K    -3   2  -3  -3  -6  -1  -2  -4  -3  -6  -5   7  -4  -6  -4  -2  -3  -6  -5  -5    0   8   0   0   0   0   0   0   0   0   0  90   0   0   0   2   0   0   0   0  1.82 0.50
  352 K     3   0  -2   0  -3   4   0  -1  -2  -3  -3   2  -2  -4   0   1   1  -4  -3  -3   29   4   0   5   0  22   3   2   0   0   1  11   0   0   3  13   7   0   0   0  0.40 0.20
  353 I    -2  -4  -5  -6  -3  -4  -5  -6  -5   1   5  -5   2   0  -5  -4  -3   0  -3   0    3   0   0   0   0   0   0   0   0   6  79   0   4   3   0   0   0   1   0   4  1.10 0.33
  354 L     3  -2  -2   0  -2  -1   0  -2  -3  -1   2   1  -1  -2  -2  -1  -1  -3  -3   0   40   0   0   6   0   2   5   1   0   1  21  11   0   0   0   2   3   0   0   4  0.28 0.17
  355 A     5  -3  -2  -3  -2  -3  -3  -1  -3  -1   0  -3  -2   1  -3  -1  -2  -3   2   1   57   0   2   0   0   0   0   4   0   3   8   0   0   6   0   1   0   0   8   9  0.52 0.23
  356 H     0   1   0  -2  -3   0   0  -2   0  -2  -2   4   0  -3   2   1  -1  -3  -2  -1    6   6   4   1   0   3   5   2   3   1   4  33   2   0  11  13   1   0   0   4  0.30 0.14
  357 L     2   0   1   0  -2   2   1   0  -1  -2  -1   2  -2  -3  -2   1   0  -3  -1  -2   24   2   5   6   0  12   8   5   0   0   5  16   0   0   0   9   3   0   2   1  0.21 0.11
  358 P     0   1   0  -1  -1   2   0  -2   0  -1   0   2   0  -1   0   1   0  -3  -2  -1   11   6   3   3   1  14   2   1   2   4   9  16   3   2   4  10   6   0   0   3  0.10 0.07
  359 N     0  -1   1   0  -3  -1  -2   5  -3  -1  -3  -2  -3  -4  -3  -1  -2  -4  -4  -2    8   2   6   6   0   2   2  58   0   4   2   2   0   0   0   3   0   0   0   3  0.76 0.23
  360 Q    -1   1   2   3   1   1   3  -1   0  -3  -3   0  -3  -4   1   0  -1  -4  -3  -2    2   6  14  16   4   7  23   4   2   0   1   4   0   0   5   6   1   0   0   3  0.33 0.13
  361 D    -1   0   0   1  -3   0   0   0   2  -1  -1   0   0   2   1   0   0   0   1  -2    4   3   5   9   0   6   6   7   6   2   5   4   2  14   9   6   4   1   7   1  0.10 0.06
  362 G     0  -1   1   3  -3  -1   0   4  -2  -1  -3  -2  -3  -2  -1  -1  -1  -3  -3  -1    6   3   5  24   0   1   6  36   0   4   1   1   0   2   2   3   2   0   0   4  0.45 0.16
  363 R     0   1   0   0   0   1   0   0   0   0   0   0   0   0   0   0   0   0   0   0    7   7   4   5   2   5   7   7   2   5   8   7   2   4   5   8   5   1   3   6  0.03 0.02
  364 Y    -3  -3  -1  -4   1  -3  -4  -4  -1   1  -1  -3  -2   5  -4  -3  -2  -1   6  -1    1   1   3   1   3   0   1   1   0  11   2   1   0  31   1   1   2   0  38   3  0.98 0.28
  365 G     1  -3   0   0  -3  -2  -3   6  -3  -4  -2  -2  -3  -4  -3   1  -2  -4  -4  -3   10   1   3   4   0   2   1  60   0   1   4   1   0   0   1  11   1   0   0   1  0.87 0.24
  366 L     4  -3  -3  -3  -2  -3  -3  -2  -3  -2  -1  -3   0   5   0  -1  -2  -2  -1   0   47   1   0   1   0   0   1   1   0   1   3   1   3  29   4   4   1   0   0   6  0.62 0.24
  367 H    -3  -2  -2  -3  -1   3  -2  -4   5  -2  -1  -2  -2   3  -4  -3  -3  -1   6  -3    1   1   2   1   1  20   1   1  17   2   5   1   0  10   1   1   1   0  37   1  0.91 0.29
  368 L    -2  -3  -3  -4  -2  -2  -3  -4  -1   0   1  -3   0   3  -3  -3  -2   7   4   1    0   0   0   0   0   0   0   0   0   0  20   0   0  20   0   0   0  20  20  20  0.56 0.06
  369 T     6  -4  -4  -4   2  -3  -3  -2  -4  -3  -4  -3  -3  -5  -3  -1  -1  -5  -4   0   85   0   0   0   5   0   0   0   0   0   0   0   0   0   0   1   2   0   0   7  1.31 0.42
  370 G    -2  -5  -3  -4  -5  -5  -5   7  -5  -7  -7  -4  -6  -6  -5  -2  -4  -5  -6  -6    0   0   0   0   0   0   0  98   0   0   0   0   0   0   0   2   0   0   0   0  2.23 0.51
  371 Q     1  -2  -2  -2  -5   7   0  -4  -2  -5  -5  -2  -2  -5  -4   2   0  -5  -4  -4    9   0   0   2   0  66   4   0   0   0   0   0   1   0   0  14   4   0   0   0  1.29 0.43
  372 G    -1  -3   6  -2  -5  -2  -3   5  -1  -6  -6  -1  -4  -5  -4   1  -3  -5  -5  -5    2   0  41   0   0   1   0  44   1   0   0   2   0   0   0   8   0   0   0   0  1.16 0.35
  373 Y     4  -4  -4  -5  -3  -1  -4  -4   1  -2  -3  -3  -3   1  -4  -2  -3  -2   6   2   36   0   0   0   0   2   0   0   2   0   0   0   0   4   0   0   0   0  39  16  0.95 0.35
  374 P     1  -2  -1   0  -4   1  -2  -1   5  -3  -3  -1  -1  -1   5  -1  -1  -4   0  -3   16   0   1   6   0   7   0   5  16   1   1   3   2   2  27   3   4   0   4   0  0.52 0.20
  375 F    -2   1   0  -3  -3   3  -2  -4  -1  -2   3   2   3   0  -3   1  -2  -3  -2  -2    0   6   5   0   0  16   0   0   1   0  35  15   8   3   0  11   0   0   0   0  0.36 0.21
  376 I     3  -3  -2  -4   1  -3  -3  -3  -4   4  -1  -2   1  -3  -3   1  -1  -4  -3   2   31   0   1   0   3   0   0   0   0  31   2   2   3   0   0  10   1   0   0  15  0.46 0.22
  377 R    -3   6   1   0  -5   2   1  -4  -2  -5  -3   1  -3  -4  -4   0  -1   3  -3  -4    0  51   8   4   0   8   8   0   0   0   1   3   0   0   0   7   3   4   0   0  0.84 0.29
  378 S     0   0   0   0  -1   0   0   0   0  -1  -1   1   0  -1   2   1   1  -1  -1  -1    5   3   4   4   1   4   3   7   3   5   5  10   3   2  12  12  11   1   2   5  0.10 0.02
  379 G     1  -2   2   2  -2   0   2   3  -2  -4  -4  -1  -3  -4  -1   0   1  -4  -3  -3   15   1  10  10   1   3  20  22   0   0   0   2   0   0   2   6   8   0   1   0  0.37 0.16
  380 L    -2   0  -1  -2  -3  -2  -2  -4  -3   1   4   1   5   0  -4  -2  -2  -4  -3  -1    2   5   3   2   0   0   2   0   0   6  44  10  23   2   0   2   0   0   0   0  0.54 0.24
  381 N    -1  -3   1   1  -4  -2   0  -1  -3  -4  -3  -1  -3  -5   5   3   2  -5  -4  -3    3   0   8   6   0   0   5   3   0   0   3   3   0   0  34  24  12   0   0   0  0.73 0.25
  382 A     5  -3  -3  -4  -3  -3  -3  -2  -4  -1  -3  -3  -1  -4  -3   1   3  -5  -4   1   58   0   0   0   0   0   0   0   0   3   0   0   2   0   0   6  19   0   0  12  0.79 0.31
  383 Q     2   0  -1   0  -1   2   2   2  -2  -3  -2   1  -2  -4  -2   0   0  -4  -3  -2   22   3   1   5   2  10  15  15   0   0   2  12   0   0   1   5   4   0   0   3  0.26 0.13
  384 Q    -1  -1   0   2  -5   3   5  -4  -1  -4  -4   1  -3  -5  -3  -2  -1  -5  -4  -2    5   2   2  12   0  15  49   0   1   0   1   7   0   0   0   0   2   0   0   4  0.79 0.28
  385 V    -3  -4  -5  -5  -3  -4  -4  -5  -5   4   4  -2   1  -1  -4  -4  -2  -4  -3   3    0   0   0   0   0   0   0   0   0  23  50   3   3   1   0   0   2   0   0  19  0.77 0.26
  386 F    -3  -4  -5  -5  -3  -3  -4  -5  -4   3   2  -4   6   2  -5  -4  -1  -3  -2   3    0   0   0   0   0   0   0   0   0  16  13   0  30  11   0   0   4   0   0  26  0.80 0.28
  387 G     1   1   2   1  -3   2   2  -1   0  -3  -2   2  -2  -4  -2   1  -1  -4  -3  -2   18   9  10   6   0  10  13   4   2   0   3  14   0   0   0  10   1   0   0   2  0.26 0.13
  388 E     0   1   1   0  -1   2   1  -2  -2   0  -1   1  -1  -3  -2   0   2  -4  -3   0    7   8   8   4   1  11   9   1   0   5   4   8   2   0   0   5  20   0   0   7  0.16 0.10
  389 L    -4  -5  -6  -6  -4  -4  -5  -6  -5   1   6  -5   1  -1  -5  -5  -3  -1  -3   0    0   0   0   0   0   0   0   0   0   5  87   0   2   2   0   0   0   1   0   3  1.32 0.38
  390 T     1  -1  -3  -3  -1  -2  -2   0  -3   3  -1  -1  -1  -2  -3  -1   2   2  -3   3   11   2   0   0   1   1   2   8   0  18   3   4   1   0   0   2  14   3   0  31  0.27 0.16
  391 E     0   2   1   1  -4   2   2  -3   0  -3  -1   3  -2  -4  -2   0   0  -4  -3  -3    8  11   7   6   0  11  17   0   2   0   8  21   0   0   0   5   4   0   0   0  0.32 0.15
  392 E    -2  -1   0   1  -5   0   6   2  -2  -5  -5   0  -4  -5  -3  -1  -3  -5  -4  -5    2   2   3   6   0   3  64  15   0   0   0   3   0   0   0   2   0   0   0   0  1.06 0.35
  393 L    -1  -4  -5  -5   1  -3  -4  -4  -4   1   4  -4   5  -1  -4  -3  -1   4  -1   0    4   0   0   0   3   0   0   1   0   8  50   0  18   1   0   0   3   5   2   5  0.70 0.25
  394 E     0   1   1  -1  -3   2   1  -1   1  -1  -2   2   0  -2  -2   1   0  -1  -2  -2   10   7   8   1   0  14  11   4   3   3   1  17   2   2   0   8   7   1   0   1  0.21 0.11
  395 A     1   0   1   1  -2   1   0   0   0   0  -1   0  -1  -1   0   1   0   1  -2   0   15   4   7   7   0   8   5   5   2   9   5   8   0   3   3   9   2   2   0   8  0.05 0.04
  396 R     2   1   1  -1   0   1   0  -1   1   0  -1   0  -1  -1  -1   0   0  -3  -1   0   27   9   7   2   2   6   7   2   5  10   3   3   0   2   2   4   3   0   2   6  0.08 0.07
  397 G     0   0   0   0  -2   0   0   2  -2  -1   0   0   0   1  -1   0   0  -3  -1  -1    9   3   2   4   0   6   4  22   0   3  11   7   3   8   1   9   7   0   0   1  0.09 0.05
  398 W     0   3   0  -2  -3   1   1   1   1  -3  -3   1  -2   0  -3  -1  -2   3   0  -1    7  20   5   0   0   7   9  15   5   0   0  11   0   5   0   3   0   5   4   6  0.21 0.09
  399 K     1   0   1   1   0   1   0   1  -1  -2  -3   2  -2  -3   1   1   0  -3   0  -1   15   2  10   8   3   8   0  11   0   0   0  19   0   0   6   7   4   0   4   3  0.17 0.06
  400 L     0  -2  -2  -2  -2  -1   1  -2  -2   1   1  -2   0   2   0   0   0  -2   0   1   10   0   0   0   0   0  13   0   0  11  15   0   0  18   5  12   6   0   0   8  0.10 0.04
  401 G     0   3   1  -1  -2   1   0   1  -1  -2  -2   1  -2  -3   1   1   1  -3  -2  -1    9  26   8   0   0   8   0  12   0   0   0   8   0   0   5  11   8   0   0   6  0.22 0.03
  402 V     1   2   2  -1  -2  -1  -1  -2  -1   0  -1   0  -1   1   1   0   1  -3  -1   1   14  16  20   0   0   0   0   0   0   8   0   0   0   8   8   0  12   0   0  15  0.11 0.03
  403 D     0   0   0   4  -2   1   0  -2  -1  -1  -2  -1  -2  -3   1   1   1  -4  -2   0    8   7   0  35   0   8   0   0   0   0   0   0   0   0   8  10  10   0   0  14  0.26 0.04
  404 S     0   0   0  -1  -2   2   0   2   4  -3  -3   2  -2  -3  -2   2   0  -3  -1  -3    0   0   0   0   0  17   0  18  22   0   0  17   0   0   0  26   0   0   0   0  0.30 0.02
  405 I    -1  -2   0   4  -2  -1   0  -2  -2   1   0  -1   2  -2  -2   1   0  -3  -2   0    0   0   0  39   0   0   0   0   0  26   0   0  17   0   0  17   0   0   0   0  0.22 0.02
  406 N     1  -2   3  -1  -1  -1  -1  -1  -1   0   1  -1   0  -1  -2   0   0  -3  -2   1   23   0  31   0   0   0   0   0   0   0  23   0   0   0   0   0   0   0   0  23  0.13 0.01
  407 E     0   2   0   0  -3   1   3  -2  -1  -3  -3   1  -2  -3   4   1   0  -3  -2  -2    0  23   0   0   0   0  31   0   0   0   0   0   0   0  23  23   0   0   0   0  0.49 0.01
  408 L    -1   4  -1  -2  -2   0  -1  -2  -1  -1   1   1   0  -1  -2   1   0  -3  -2  -1    0  46   0   0   0   0   0   0   0   0  31   0   0   0   0  23   0   0   0   0  0.24 0.01
  409 P     0  -2  -1  -2  -2  -1  -1  -2  -2  -1   1  -1   0  -2   5   2   0  -3  -2  -1    0   0   0   0   0   0   0   0   0   0  31   0   0   0  37  31   0   0   0   0  0.53 0.01
  410 K    -1   0  -1  -1  -3   0   0  -2  -2  -3  -3   3  -2  -4   7  -1  -1  -4  -3  -3    0   0   0   0   0   0   0   0   0   0   0  37   0   0  63   0   0   0   0   0  1.16 0.01
  411 V     0  -2  -1  -2  -1  -1  -2  -2  -2   1   1  -1   3  -1  -2   2   0  -2  -1   2    0   0   0   0   0   0   0   0   0   0   0   0  31   0   0  31   0   0   0  37  0.15 0.01
  412 Q     0   1   0   0  -2   5   1  -1   0  -3  -2   1  -1  -3  -1   2   0  -2  -2  -2    0   0   0   0   0  69   0   0   0   0   0   0   0   0   0  31   0   0   0   0  0.48 0.01

                      K         Lambda
PSI Ungapped         0.1546     0.3179
PSI Gapped           0.0473     0.2670
