
Last position-specific scoring matrix computed, weighted observed percentages rounded down, information per position, and relative weight of gapless real matches to pseudocounts
            A   R   N   D   C   Q   E   G   H   I   L   K   M   F   P   S   T   W   Y   V   A   R   N   D   C   Q   E   G   H   I   L   K   M   F   P   S   T   W   Y   V
    1 M    -1   0   0   1  -3   0  -2  -2  -3  -1   0   0   6  -3   1   1   1  -4  -3  -1    3   5   3   7   0   2   1   2   0   1   5   6  35   0   7   9  10   0   0   2  0.33 0.19
    2 L    -1   0   0  -1  -2  -1  -1  -2   1   0   0   0   6   0   0   0  -1  -3   0  -1    2   5   4   3   1   2   4   2   3   5   3   6  34   3   4   9   3   0   4   3  0.29 0.19
    3 L     0  -1   1  -1  -3   0  -2  -2   0  -2  -1   0   4  -1  -2   2   1   6  -2  -2    6   3   8   3   0   5   1   2   2   1   4   6  18   2   1  19   7  11   0   1  0.33 0.19
    4 N     0   0   1  -1  -3   1   0  -2   1  -2  -1   0   4  -1   1   1   0  -3  -1  -1    8   4   7   2   0   7   4   2   3   0   2   7  19   3   7  15   4   0   2   2  0.19 0.15
    5 Y    -1   0   0   1   2   0   0  -2   0  -1  -1   0   2  -1  -1   2   1  -3   1  -1    3   6   2   9   6   3   4   2   2   3   3   7   8   3   2  21   8   0   6   1  0.12 0.11
    6 K    -1   1   3  -2  -1   1  -1  -3   1  -1  -1   1   4  -2  -1   1   1  -4  -3  -2    3   8  17   1   1   5   1   0   4   3   4  11  14   1   2  12  12   0   0   0  0.24 0.17
    7 H     0   2   1   0  -3   1  -1  -2   1  -2  -2   1   1  -3   0   2   1  -3  -2  -2    9  14   6   5   0   6   2   1   4   1   4  11   4   0   5  17  10   0   1   1  0.19 0.13
    8 F    -3  -4  -5  -6  -4  -5  -5  -6  -2   1   4  -4   1   6  -5  -4  -3  -3  -1  -1    2   0   0   0   0   0   0   0   1   8  45   1   3  37   0   0   1   0   0   2  1.05 0.35
    9 L    -1  -2  -4  -4   4   0  -3  -4  -2   1   4  -3   2  -1  -4  -2   1  -4  -3   0    5   3   0   0   9   4   1   0   1   6  46   0   5   2   0   2  11   0   0   5  0.47 0.22
   10 S     0   0   0   2  -4   3   2  -3   0  -4  -3   3  -3  -4  -3   1   1  -4  -3  -3    6   3   3  13   0  15  13   1   2   0   1  23   0   0   0  11   8   0   1   1  0.44 0.21
   11 K    -1   4  -1  -2   1   0  -1  -3  -1  -2   2   2  -1  -3  -3  -1   1  -3  -3  -2    5  30   2   1   3   4   1   1   2   0  21  14   0   1   0   4  10   0   0   1  0.37 0.21
   12 I    -3  -5  -6  -6  -4  -5  -6  -6  -5   1   6  -5   0   4  -6  -5  -4  -4  -2  -2    1   0   0   0   0   0   0   0   0   4  75   0   0  19   0   0   0   0   0   1  1.36 0.43
   13 G    -1  -1   3   1  -5  -1  -1   6  -3  -5  -5   0  -3  -5  -4  -1  -2  -5  -5  -4    3   3  14   6   0   3   3  57   0   0   0   5   0   0   0   4   1   0   0   1  0.97 0.32
   14 V    -3  -5  -6  -6  -3  -5  -5  -6  -5   5   4  -5   0  -2  -4  -4  -2  -5  -4   3    0   0   0   0   0   0   0   0   0  43  35   0   1   0   1   0   2   0   0  17  1.05 0.34
   15 K    -1   3  -1   1  -5   2   2  -3  -1  -4  -4   4  -3  -5  -2   0   0  -5  -4  -3    4  21   2   9   0   8  17   0   1   0   0  26   0   0   1   5   5   0   0   1  0.54 0.23
   16 Y    -3  -3  -4  -5  -3  -3  -3  -5   5   0   1  -2  -1   2  -5  -4  -2   3   6   1    1   1   0   0   0   0   1   0  16   5  15   3   1   6   0   0   2   4  37   9  0.87 0.32
   17 P    -5  -6  -5  -5  -7  -5  -5  -6  -6  -7  -7  -5  -6  -8   9  -5  -5  -8  -7  -6    0   0   0   0   0   0   0   0   0   0   0   0   0   0 100   0   0   0   0   0  3.28 0.75
   18 I    -4  -6  -6  -6  -4  -6  -6  -7  -6   8   1  -6  -2  -3  -6  -5  -4  -6  -4   1    0   0   0   0   0   0   0   0   0  86   9   0   0   0   0   0   0   0   0   5  1.90 0.53
   19 I    -4  -5  -6  -6  -4  -5  -6  -6  -6   7   1  -5   1   3  -5  -5  -3  -1  -3   2    0   0   0   0   0   0   0   0   0  65  11   0   3  11   0   0   0   1   0  10  1.28 0.40
   20 Q    -4  -3  -4  -4  -6   9  -2  -6  -3  -5   1  -2  -3  -6  -5  -4  -4  -6  -5  -4    0   0   0   0   0  87   0   0   0   0  12   0   0   0   0   0   0   0   0   1  2.25 0.68
   21 A     7  -4  -4  -5  -4  -4  -4  -3  -5  -5  -5  -4  -4  -5  -4   2  -3  -6  -5  -3   88   0   0   0   0   0   0   0   0   0   0   0   0   0   0  11   0   0   0   0  1.68 0.54
   22 P    -5  -6  -6  -5  -7  -5  -5  -6  -6  -7  -7  -5  -6  -8   9  -5  -5  -8  -7  -6    0   0   0   0   0   0   0   0   0   0   0   0   0   0 100   0   0   0   0   0  3.30 0.76
   23 M    -5  -5  -6  -7  -6  -4  -6  -7  -6  -3  -2  -5  11  -4  -7  -6  -5  -6  -5  -3    0   0   0   0   0   0   0   0   0   0   0   0 100   0   0   0   0   0   0   0  3.46 0.86
   24 A     7  -5  -5  -5  -4  -4  -4  -3  -5  -4  -5  -4  -4  -6  -4  -2  -3  -6  -5  -1   96   0   0   0   0   0   0   0   0   0   0   0   0   0   0   0   1   0   0   3  1.88 0.59
   25 G    -3  -6  -1  -4  -6  -5  -5   7  -5  -7  -7  -5  -6  -6  -5  -2  -5  -6  -6  -5    0   0   2   0   0   0   0  95   0   0   0   0   0   0   0   3   0   0   0   1  2.25 0.58
   26 V     2  -5  -5  -5  -3  -4  -5  -5  -5   2  -2  -4  -2  -3  -5  -2   0  -5  -4   6   16   0   0   0   0   0   0   0   0  10   0   0   0   0   0   3   5   0   0  66  1.10 0.40
   27 S     1  -4  -2  -3  -1   0  -3  -2  -4  -5  -4  -3  -4  -5  -4   6   2  -6  -5  -4    8   0   0   0   1   4   0   1   0   0   1   0   0   0   0  76   9   0   0   0  1.33 0.50
   28 T    -3  -4  -1   0  -4  -4  -4  -1  -5  -4  -5  -4  -4  -5  -2   1   7  -6  -5  -3    0   0   2   4   0   0   0   4   0   0   0   0   0   0   2   9  80   0   0   0  1.59 0.54
   29 P    -1  -5  -5  -5  -5  -4  -3  -5  -4   1  -3  -4  -4  -5   7  -1  -3  -3  -5   1    4   0   0   0   0   0   1   0   0  10   2   0   0   0  65   5   0   0   0  11  1.68 0.48
   30 K     3   0  -2   0  -4   2   4  -2  -3  -4  -3   1  -3  -5  -3  -1  -2  -5  -4  -2   25   4   0   5   0   9  38   2   0   0   2   9   0   0   0   3   1   0   0   1  0.60 0.28
   31 M    -4  -5  -6  -6  -4  -4  -6  -6  -5  -1   5  -5   7  -2  -6  -5  -4  -4  -4  -1    0   0   0   0   0   0   0   0   0   1  64   0  32   1   0   0   0   0   0   2  1.56 0.48
   32 A     7  -5  -5  -5  -4  -4  -4  -3  -5  -3  -5  -4  -4  -5  -4   0  -2  -6  -5  -1   92   0   0   0   0   0   0   0   0   1   0   0   0   0   0   4   1   0   0   3  1.70 0.55
   33 A     6  -4  -4  -4  -3  -3  -4  -3  -4   0  -2  -3  -2  -3  -4   2  -1  -5  -4  -2   72   0   0   0   0   0   0   0   0   6   4   1   1   1   0  13   2   0   0   1  1.10 0.42
   34 N     5  -3  -2  -1  -3  -1   1  -2  -4  -2  -4   0  -3  -5  -3   0   0  -5  -4  -2   64   0   2   2   0   3  11   1   0   2   0   4   0   0   0   4   6   0   0   1  0.84 0.36
   35 V    -1  -6  -6  -6  -4  -5  -6  -6  -6   2  -2  -5  -2  -4  -5  -5  -3  -6  -4   7    4   0   0   0   0   0   0   0   0  10   0   0   0   0   0   0   0   0   0  85  1.69 0.52
   36 A     1  -3  -2  -3   4  -3  -3  -3  -2  -4  -4  -3  -4  -5  -4   5   3  -5  -3  -2   10   1   1   0   8   0   0   1   1   0   0   0   0   0   0  55  22   0   1   1  1.00 0.41
   37 M    -1   2   7  -1  -5  -1   1  -3  -2  -3  -4   1  -1  -5  -4  -1  -3  -6  -5  -5    6   9  58   2   0   1   9   1   0   2   1   8   2   0   0   2   0   0   0   0  1.10 0.40
   38 H     5  -2   1  -3  -2   0  -3  -1   1  -3  -2  -2  -3  -2  -3   1  -2  -5  -2  -3   62   1   8   0   0   5   0   2   4   1   5   1   0   1   0   9   0   0   1   1  0.77 0.35
   39 G    -3  -6  -3  -5  -4  -5  -6   7  -5  -7  -7  -5  -6  -7  -6  -4  -5  -6  -7  -7    0   0   1   0   0   0   0  99   0   0   0   0   0   0   0   0   0   0   0   0  2.45 0.61
   40 G     3  -5  -4  -4  -5  -4  -5   7  -5  -6  -6  -4  -5  -6  -5  -3  -4  -6  -6  -5   26   0   0   0   0   0   0  74   0   0   0   0   0   0   0   0   0   0   0   0  1.73 0.49
   41 I    -4  -5  -6  -7  -4  -5  -6  -7  -6   2   6  -5   2  -1  -6  -5  -4  -4  -4  -1    0   0   0   0   0   0   0   0   0  10  85   0   4   1   0   0   0   0   0   0  1.50 0.46
   42 G    -1  -6  -4  -5  -6  -5  -5   7  -5  -7  -7  -5  -6  -6  -3  -3  -5  -6  -6  -6    3   0   0   0   0   0   0  96   0   0   0   0   0   0   1   0   0   0   0   0  2.30 0.59
   43 S     1  -4  -3  -4  -4  -3  -3  -3  -4  -6  -6  -3  -3  -6  -4   7  -2  -6  -5  -5   10   0   0   0   0   0   0   1   0   0   0   0   0   0   0  89   0   0   0   0  1.77 0.60
   44 L    -4  -5  -6  -6  -4  -4  -6  -6  -6   5   5  -5   0  -2  -6  -5  -4  -5  -4  -1    0   0   0   0   0   1   0   0   0  35  63   0   0   0   0   0   0   0   0   1  1.35 0.42
   45 P     1  -5  -4  -4  -5  -4  -4   5  -5  -6  -6  -4  -5  -6   6  -1  -3  -6  -6  -5   11   0   0   0   0   0   0  47   0   0   0   0   0   0  37   5   1   0   0   0  1.42 0.43
   46 V    -2  -5  -5  -6   4  -4  -5  -5  -5   3   4  -5   2   0  -5  -4  -3  -4  -3   3    3   0   0   0   8   0   0   0   0  13  49   0   5   3   0   0   0   0   0  19  0.82 0.29
   47 S     2  -4  -3  -4  -2  -4  -4   6  -4  -6  -6  -4  -5  -6  -4   3  -3  -5  -5  -5   19   0   0   0   1   0   0  60   0   0   0   0   0   0   0  20   0   0   0   0  1.30 0.42
   48 G     4  -3  -2  -4  -3  -3  -2   0   4  -4  -3  -2   2  -4   0   2  -1  -4  -1  -3   47   0   0   0   0   0   1   6  11   0   1   1   8   0   5  15   3   0   3   0  0.63 0.31
   49 I     0  -3  -1  -3   0  -2  -3  -3   1   2   1  -3   3   0  -3   2   0  -3  -1   1    8   0   2   0   2   1   0   1   4  15  16   0  10   4   0  25   3   0   1   9  0.26 0.18
   50 N    -2  -3   3   5  -4  -2  -2  -2  -3  -5  -4   0  -4  -5  -2   3   3  -6  -4  -4    1   0  13  33   0   0   0   1   0   0   1   5   0   0   1  27  17   0   0   0  0.79 0.33
   51 F     2  -3  -2  -3  -2  -1  -1  -3  -2   0   1  -3  -1   3   3  -1  -2  -3  -1   2   18   0   2   0   0   2   4   1   1   3  16   0   0  15  13   4   0   0   1  20  0.29 0.18
   52 T     0   2   1   0  -1   0   0  -1   0  -1  -1   1  -1  -1   0   0   2  -1  -1  -1    6  15   6   5   1   4   4   5   1   3   6   6   1   3   3   6  16   1   2   4  0.08 0.02
   53 Q     0   0   1   0   0   1   0   0   0  -1  -1   1  -1  -1   1   0   0  -1  -1  -1    5   5   7   5   2  10   4   5   1   4   6  14   2   3   7   9   5   1   2   4  0.07 0.01
   54 E     0   0   0   1  -1   0   0   0   0  -1   0   0   0   0   1   0   0  -1   0   0    8   4   3   8   1   5   6   8   2   4   8   4   2   4   6   9   8   1   2   6  0.04 0.00
   55 E     0   0   1   1  -1   0   1   0   0   0  -1   0   0   0   0   0   0  -1   0   0    6   4  11   9   1   3   8   6   2   5   7   4   2   4   4   9   6   1   2   7  0.04 0.00
   56 A     0   0   0   0  -1   0   0   1   0  -1  -1   0   0  -1   0   1   0   0   0  -1    9   4   4   7   2   3   6  14   2   4   7   5   2   3   4  12   5   1   3   5  0.04 0.00
   57 I     0   0   0   0  -1   0   0   0  -1   1   0   0   0   0   0   0   0   0   0   1    6   4   4   4   2   3   5   6   2  12   9   5   2   5   4   6   6   1   3  11  0.00 0.00
   58 S     0  -2   0   3  -5   1   5  -2  -1  -4  -4  -1  -4  -5  -1   1  -1  -5  -4  -4   10   1   3  18   0   5  43   3   1   0   1   1   0   0   2  10   2   0   0   0  0.69 0.29
   59 K     1  -1   0  -1  -4   4   0   0  -2  -3  -3   3  -2  -4   1   0   0  -4  -4  -2   16   0   4   2   0  24   5   7   0   1   1  20   0   0   7   6   5   0   0   2  0.39 0.21
   60 L     4  -4  -4  -4  -1  -3  -3  -3  -4   2   2  -3   0  -1  -4  -2  -1   2  -3   1   46   0   0   0   1   0   1   0   0  11  21   1   1   2   0   0   2   3   0  11  0.56 0.27
   61 E    -1   5  -1   1  -5   0   2  -2   1  -4  -2   1  -3   0  -3  -1  -3  -4  -3  -3    5  43   1   9   0   2  15   2   3   0   4   5   0   5   1   4   0   0   0   1  0.61 0.27
   62 T     1   0   0   0  -3   2   2  -2  -1  -3  -3   3  -3  -4  -1   1   1  -4  -3  -2   15   4   3   4   0   9  13   1   1   0   2  22   0   0   2  14   8   0   0   2  0.32 0.18
   63 L     1  -2  -3  -1  -3   3   1  -3  -1   0   2  -2   5  -1  -4  -1   0  -4  -3  -1   13   0   0   3   0  18   9   1   1   3  17   1  22   3   0   3   5   0   0   2  0.38 0.23
   64 L    -4  -5  -6  -6  -1  -5  -5  -6  -5   6   2  -4   1  -2  -5  -5  -3  -5  -1   2    0   0   0   0   1   0   0   0   0  59  19   1   3   0   0   0   0   0   3  13  1.16 0.37
   65 N     1   1   1   0  -3   1   2  -1   1  -1   0   0  -2  -3  -3   1   0  -4  -3  -2   16   9   7   4   0   8  16   2   4   4   9   4   0   0   0  11   5   0   0   0  0.19 0.13
   66 T     1   0   0   0  -2   3   3  -2   0  -3  -3   2  -3  -4  -3   0   0  -4  -3  -2   16   5   3   5   1  16  25   1   2   2   0  13   0   0   0   6   5   0   0   2  0.41 0.21
   67 C    -2  -4  -4  -3   0  -4  -4  -3  -3   1   1  -4   0   4  -4  -2   4  -3   3   2    2   0   0   1   2   0   0   1   0   7  10   0   2  23   0   0  30   0   9  13  0.56 0.26
   68 Q    -1   5   0  -2  -5   4  -1  -2  -1  -3  -2   2  -1  -4  -4  -1  -2  -5  -4  -4    3  40   3   2   0  25   1   3   1   1   3  11   2   0   0   2   1   0   0   0  0.83 0.33
   69 T     3   0  -1   0  -2   1   2   0   0  -3  -3   1  -3  -4  -3   2   0  -4  -3  -2   30   5   2   6   1   8  12   5   2   0   1   7   0   0   0  15   6   0   0   1  0.32 0.18
   70 V     0   1  -2  -4  -1   0  -2  -1   0   0   4   0   1  -1  -4  -2  -2  -4  -1  -1    9   8   1   0   1   4   1   4   3   2  53   5   2   1   0   1   1   0   2   3  0.39 0.22
   71 Y     0   0   0   0   0   0   0   0   0   0   0   0   0   0   0   0   0   0   0   0    7   5   6   6   2   4   7   8   2   5   9   5   2   4   5   7   5   1   5   6  0.02 0.02
   72 A     1  -1  -3  -3   0  -3  -3  -3  -4  -1  -2  -1  -3  -4  -3   1   6  -5  -4   1    9   4   0   1   2   0   0   1   0   3   3   2   0   0   0   7  59   0   0   8  0.85 0.35
   73 S     1   0   2   4  -3   0   0   1  -1  -3  -4   0  -3  -4   1   1   0  -4  -3  -2   12   4  10  24   0   4   4  11   1   0   0   3   0   0   6  12   5   0   0   2  0.33 0.15
   74 N     0   4   1   0  -4   1  -1   2   1  -4  -4   3  -3  -4  -3   0  -1  -4  -2  -4    6  25   8   6   0   7   1  14   3   0   0  20   0   0   0   4   3   0   2   0  0.45 0.20
   75 N     0  -3   3  -3  -2  -3  -3  -4  -4  -2  -3  -2  -4  -5   7   0  -1  -6  -5   0    9   0  15   0   1   0   0   0   0   2   3   2   0   0  51   7   3   0   0   6  1.17 0.37
   76 L    -2  -5  -5  -6  -4  -5  -5  -6  -4   2   1  -5   0   6  -5  -4  -3  -3   1   4    2   0   0   0   0   0   0   0   0   9  11   0   2  43   0   0   1   0   3  29  1.05 0.35
   77 N    -5  -4   9  -2  -6   1  -4  -3  -1  -7  -7  -4  -6  -7  -6  -3  -4  -7  -6  -7    0   0  92   0   0   5   0   1   1   0   0   0   0   0   0   0   0   0   0   0  2.47 0.67
   78 I    -2  -5  -6  -6   0  -5  -5  -6  -5   2   4  -5  -1  -1  -5  -4  -3  -5  -3   5    1   0   0   0   2   0   0   0   0  11  38   0   0   2   0   0   0   0   0  46  0.98 0.34
   79 N    -5  -4   9  -2  -7  -4  -4  -4  -3  -7  -7  -4  -6  -7  -6  -3  -4  -8  -6  -7    0   0 100   0   0   0   0   0   0   0   0   0   0   0   0   0   0   0   0   0  2.83 0.73
   80 F    -4  -6  -6  -6  -5  -6  -6  -6  -5  -2   2  -6  -2   8  -6  -5  -4  -3   0   3    0   0   0   0   0   0   0   0   0   0  16   0   0  62   0   0   0   0   1  21  1.59 0.47
   81 F    -6  -7  -7  -7  -6  -7  -7  -7  -5  -4  -3  -7   0   9  -7  -6  -6  -3   0  -4    0   0   0   0   0   0   0   0   0   0   0   0   2  98   0   0   0   0   0   0  2.93 0.70
   82 C     1  -6  -5  -6  10  -6  -6  -5  -6  -4  -4  -6  -4  -5  -6  -1   1  -6  -3   0    9   0   0   0  71   0   0   0   0   0   0   0   0   0   0   3   8   0   1   8  2.40 0.60
   83 H    -6  -4  -3  -5  -7  -2  -4  -6  11  -7  -7  -5  -5  -1  -6  -5  -6  -6   0  -7    0   0   0   0   0   1   0   0  95   0   0   0   0   3   0   0   0   0   1   0  3.42 0.80
   84 K     1   2  -1   3  -4   3   3  -3  -1  -4  -3   2  -3  -5   1  -1  -1  -5  -4  -3   12  12   1  17   0  14  19   0   1   0   1  10   0   0   7   2   2   0   0   1  0.45 0.21
   85 K    -1  -2  -2  -2  -4  -2   0  -4   0   1  -3  -1  -3  -2   6   0   0  -5   0   0    3   1   2   1   0   1   8   0   2   9   1   4   0   2  44   7   7   0   4   5  0.80 0.28
   86 V     3  -3  -3  -2  -3  -2   1  -3  -4  -3  -3  -1  -3  -3   6  -1  -2  -5  -3   1   31   0   1   1   0   0   8   0   0   0   2   4   0   1  35   1   2   0   1  11  0.82 0.32
   87 S     0   2   1  -1  -1   2   1  -3   1  -1  -2   1  -2  -3   1   0   0  -4  -3  -1    6  16   9   1   1  11  11   0   3   5   3   9   0   0   5   8   5   0   0   6  0.21 0.12
   88 K     1   3  -1  -3  -4  -1   0  -3  -1  -1  -1   0  -1  -2   5   0  -1  -4  -3  -1   14  17   2   0   0   1   5   0   1   3   7   4   1   2  29   6   2   0   0   5  0.48 0.20
   89 P    -3  -2   3   6  -5   0  -1  -2  -1  -5  -4  -2  -4  -5   0   0   2  -6  -5  -3    1   1  16  47   0   3   1   2   1   0   1   0   0   0   5   5  14   0   0   1  0.89 0.33
   90 T     0   0   0   0   0   0   0   0   0   0   0   0   0   0   1   0   0   0   0   0    7   5   4   5   2   5   6   8   2   5   8   7   2   3   5   8   9   1   3   6  0.03 0.00
   91 T     2  -1   0   2  -3   0   1  -3  -1  -3  -2   1  -3  -4   4   0   0  -5  -3  -2   20   3   3  11   0   5   9   0   1   1   2   8   0   0  20   7   6   0   0   2  0.38 0.18
   92 A     2   0  -1   1  -3   1   2  -2   0  -1  -2   0  -2  -4  -2   1   1  -4  -3   0   23   3   2   9   0   7  19   1   3   3   3   3   0   0   1   7   8   0   0   7  0.23 0.15
   93 E    -1   3  -1  -2  -1   4   1  -3  -1   0  -1   2  -2  -4  -3  -1  -1  -4  -3   1    3  22   1   1   1  22   8   1   1   5   4  12   0   0   0   3   3   0   0  14  0.39 0.21
   94 I    -1  -2   2   0  -4   1   5  -4   0   1  -2   0  -2  -3  -3  -1   0  -5  -3   0    4   0   9   4   0   4  44   0   2  10   2   5   1   1   0   2   4   0   0   7  0.51 0.25
   95 E     2   2   1   1  -4   3   2  -2  -2  -4  -3   1  -3  -4  -3   0   0  -4  -3  -3   23  10   5   6   0  19  16   2   0   0   1   7   0   0   0   7   4   0   0   0  0.41 0.21
   96 N     3   2   5  -1  -2   1   1  -2  -2  -3  -4   1  -3  -5  -3  -1  -1  -5  -4  -3   31  10  31   2   0   5   7   1   0   1   0   6   0   0   0   2   2   0   0   0  0.60 0.28
   97 W    -7  -7  -8  -9  -7  -6  -7  -7  -7  -7  -6  -7  -3  -2  -8  -7  -4  13   0  -7    0   0   0   0   0   0   0   0   0   0   0   0   1   1   0   0   1  95   2   0  4.62 0.95
   98 L    -2   1  -1  -4   1  -2  -3  -4   0   3   3   1   0   0  -4  -3  -1   0   0   0    3   8   3   0   3   1   0   0   2  21  35  11   2   2   0   0   2   2   3   4  0.32 0.18
   99 Q     1   1   1   2  -4   3   3  -1  -1  -4  -4   2  -3  -5  -3   0  -1  -4  -4  -4   13   8   6  10   0  16  18   3   1   0   1  16   0   0   0   5   3   0   0   0  0.44 0.21
  100 L     0   3  -3  -4  -3   0  -2  -4   3   0   2   0  -1   0  -4  -2  -2   3   2  -1   10  17   0   0   0   4   2   0  10   3  29   6   0   2   0   1   1   5   8   1  0.31 0.19
  101 Y    -3  -4  -5  -6  -4  -4  -5  -6  -3   0   4  -5   2   3  -5  -4  -4  -2   6  -1    2   0   0   0   0   0   0   0   0   5  49   0   4  10   0   1   0   0  27   3  1.00 0.35
  102 S     2   3   0  -1  -2   2   1  -1   0  -4  -3   2  -3  -4  -3   1  -1  -2  -3  -3   21  16   3   3   1  10   8   4   2   0   1  14   0   0   0  13   3   0   0   1  0.32 0.18
  103 K    -2   1   0  -1  -5  -1  -1  -3  -4  -5  -5   3  -4  -6   7  -1  -1  -6  -5  -3    3   7   4   3   0   2   3   1   0   0   0  20   0   0  51   3   3   0   0   2  1.23 0.38
  104 I     1  -2  -2  -2  -3   0   0  -2   2   0   1  -2  -1   1  -3  -1  -1   1   4   1   12   2   0   1   0   3   7   1   6   6  19   1   0   4   0   5   3   1  18  11  0.18 0.14
  105 P    -4  -4  -5  -5  -4  -5  -5  -5  -1   0   0  -5   1   7  -3  -1  -2  -2   4  -1    0   1   0   0   0   0   0   0   1   5   8   0   3  53   2   6   3   0  15   4  1.15 0.37
  106 G     2   0   1   0  -3   1   2   0   1  -2  -2   1  -2  -2   0   1  -1  -4  -3  -2   22   5   8   5   0   5  19   7   4   2   3   7   1   1   3   8   2   0   0   1  0.20 0.12
  107 I     0   3   0   0  -3   2   3  -2  -1  -1  -3   2  -2  -4   0   0  -1  -4  -3   0    7  16   3   5   0   8  25   2   0   4   1  11   0   0   3   4   2   0   0   8  0.32 0.17
  108 G    -1  -3  -1  -2   0  -1  -1  -2   0   0   1  -2   0   5  -4  -1  -2   0   4  -1    4   0   2   1   2   3   5   3   2   4  12   2   2  33   0   4   2   1  13   4  0.40 0.18
  109 N    -1  -2   2   2  -4  -1  -1   5  -1  -5  -4   0  -4  -5  -1   0  -2  -5  -2  -3    3   1  10  13   0   2   4  47   2   0   1   6   0   0   2   6   1   0   1   2  0.68 0.25
  110 N     4  -2   0  -1  -3  -1  -1   0  -1   2   0  -1  -2  -3  -3   0   0  -4  -3   0   41   1   5   3   0   2   4   6   1  14   8   3   0   0   0   4   5   0   0   5  0.27 0.18
  111 N     0  -1   0   3  -3   1   3  -1  -1  -1  -2   1  -2  -4  -1   0   1  -4  -3   0    9   1   3  17   0   6  23   3   1   5   2   7   0   0   3   4   9   0   0   7  0.25 0.15
  112 L     0  -3  -2  -1  -3  -2  -1  -4  -4   0   1  -2  -1   0   6  -1  -2   1  -3   0    7   1   1   3   0   1   4   0   0   7  13   2   1   4  41   5   1   2   0   8  0.71 0.26
  113 L    -2  -3  -3  -4  -5  -4  -3  -4  -4  -1  -3  -2  -4   3   7  -2  -1  -5  -2  -1    2   1   1   0   0   0   1   1   0   3   2   2   0  12  62   3   4   0   1   4  1.47 0.43
  114 S     2  -1   0   1  -3   1   0  -2  -1  -2  -2   1  -2  -4   1   2   2  -4  -3  -1   18   2   2  10   0   8   5   1   1   1   4   9   0   0   7  16  13   0   0   4  0.24 0.15
  115 T     1   1   2   0  -3   1   2  -1   0  -3  -3   1  -2   0   0   1   1  -4  -2  -2   12   7  14   3   0   7  14   3   2   0   1   6   0   6   4  10   9   0   0   2  0.20 0.13
  116 Q     0   0   0   0   0   0   0   0   0   0   0   0   0   0   0   0   0   0   0   0    7   5   4   6   2   6   6   9   2   5   9   5   2   4   5   7   6   1   3   6  0.02 0.01
  117 I     0   0   0   0   0   0   0   0   0   0   0   0   0   0   0   0   0   0   0   0    8   5   6   5   2   5   7   7   2   7   8   6   2   3   5   7   5   1   3   6  0.02 0.03
  118 N     0   0   1   0  -1   0   0   0   0   0   0   0   0   0   0   0   0   0   0   0    7   5   7   5   2   4   7   8   2   5   8   7   2   3   5   7   5   1   3   7  0.02 0.04
  119 F     0   0   0   0   0   0   0   0   0   0   0   0   0   0   0   0   0   0   0   0    7   7   4   5   2   5   6   8   3   5   8   5   2   5   5   9   5   1   3   6  0.02 0.03
  120 M    -1  -1  -4  -5  -3  -4  -4   1  -4   1   5  -3   1   0  -3  -2  -2  -4  -3   0    5   3   0   0   0   0   0  12   0   8  58   1   3   4   1   2   1   0   0   3  0.60 0.26
  121 D     0   3   3   1  -3   0   0   0   0  -3  -4   2  -3  -3  -2   1   0  -4  -3  -1    6  16  19   6   0   3   5   5   2   0   0  13   0   1   1  13   7   0   0   4  0.31 0.16
  122 D    -1  -2   2   0   3  -1   4  -3  -3   0  -1  -1  -2  -3  -2  -2   0  -5  -4   2    4   1  10   4   7   1  37   1   0   5   4   2   0   1   1   1   6   0   0  15  0.40 0.23
  123 I    -2  -2  -2  -4  -3  -3  -4  -1  -4   6  -1  -4  -2  -3   1   2   1  -5  -4   0    0   3   1   0   0   1   0   4   0  49   4   0   0   0   8  20   8   0   0   4  0.66 0.31
  124 N    -4  -2   0  -5  -2  -4  -2  -4   0  -4  -4  -3  -3   5  -5  -1  -2  -1   8  -3    0   2   5   0   1   0   3   1   2   0   0   1   0  19   0   4   2   0  58   1  1.51 0.45
  125 V     0   3  -2  -1  -4   2   0  -4  -2  -3  -3   3  -3  -5   3  -1   2  -5  -4  -1    6  15   0   2   0   9   6   0   1   0   1  24   0   0  17   1  15   0   0   5  0.50 0.24
  126 S    -1  -3  -1   0  -4  -1   2  -3  -3  -5  -5  -2  -4  -4   2   5   2  -5  -4  -4    3   0   1   4   0   1  11   1   0   0   0   1   0   1  11  53  13   0   0   0  0.84 0.37
  127 F    -4  -6  -6  -7  -5  -6  -6  -6  -4   0  -1  -6  -3   9  -7  -5  -5   1   2  -1    1   0   0   0   0   0   0   0   0   5   3   0   0  82   0   0   0   2   4   3  2.15 0.56
  128 M     0   0   1   0  -1   0   0   0   0   0   0   1   0  -1   0   1   0   0   0   0    8   6   6   4   2   3   6   6   2   5   7   8   4   3   4  11   6   1   3   5  0.03 0.00
  129 E     0   0   0   0  -1   1   1   0   0   0   0   0   0   0   0   0   0   0   1   0    7   5   3   6   1   6  10   7   2   8   7   5   2   3   4   5   5   1   6   5  0.02 0.00
  130 L     0   0   0   0   0   0   1  -2   0   0   1   0   0  -1   1  -1  -1  -2  -1   1    5   4   7   4   3   2  10   2   3   6  19   9   1   2   6   2   3   0   2  11  0.04 0.04
  131 E     0   0   0   1  -1   1   1   0   0  -1  -1   0  -1  -1   1   0   0  -1   0  -1    9   5   3   7   1   5  12   6   3   4   6   6   2   3   5   9   7   1   4   4  0.05 0.01
  132 S     0  -2   0   4  -3   0   3  -1  -1  -2  -2   0   0  -3  -1   0  -1  -3  -3   0    9   1   3  24   0   4  21   5   1   2   3   3   3   1   3   5   3   0   1   7  0.28 0.13
  133 S    -2  -2   4   5   1  -1   0  -3   2  -4  -2  -3  -4   0  -4   0  -1  -5  -1  -3    2   1  23  39   3   2   3   1   5   0   4   0   0   4   0   7   3   0   2   2  0.70 0.28
  134 P     0  -1   0   4  -4   1   3  -3   2  -4  -4   0  -3  -4   3   0  -1  -5  -2  -4    6   2   3  24   0   7  18   1   5   0   1   4   0   0  18   6   4   0   1   0  0.54 0.22
  135 Q     2  -2  -1   4  -4   2   3  -2  -1  -3  -4   0  -4  -5   2  -1  -2  -2  -4  -3   22   1   2  23   0   9  20   1   1   1   0   5   0   0  11   3   0   1   0   0  0.54 0.25
  136 K    -2  -1  -2  -4  -4   0  -3  -4   0   0   1  -1   7   3  -4  -1   0  -3   1   0    3   2   2   0   0   4   1   0   2   3  11   5  36  13   0   3   6   0   3   5  0.58 0.28
  137 L    -2  -4  -5  -5   3  -1  -5  -5  -3   1   5  -4   0   3  -5  -4  -2  -3  -1   1    3   0   0   0   6   4   0   0   1   6  59   0   0  11   0   0   1   0   2   6  0.78 0.30
  138 E     2   1   1   3  -4   3   3  -2  -1  -4  -3   0  -3  -5  -3   1  -2  -5  -4  -3   18   6   6  16   0  13  21   1   1   0   1   5   0   0   0   9   1   0   0   1  0.44 0.21
  139 K    -1  -1  -2  -4  -3  -1  -3  -4  -3   1   3  -1   4   0  -2  -2   0  -3   1   2    3   4   2   0   0   2   0   0   0   4  32   4  16   2   1   2   5   0   6  17  0.39 0.20
  140 L    -4  -5  -6  -6  -2  -5  -5  -6  -5   2   5  -5   1   1  -5  -5  -3  -4  -3   2    0   0   0   0   1   0   0   0   0   7  70   0   3   6   0   0   0   0   0  13  1.14 0.37
  141 M     0   0   0   0   0   0   0   0   0   0   0   0   0   0   0   0   0   0   0   0    7   5   4   5   2   4   6   8   2   5  10   6   4   5   5   7   6   1   3   6  0.01 0.02
  142 T     0   0   0   0   0   0   0   0   0   0   0   0   0   0   0   0   0   0   0   0    7   5   4   5   3   5   6   7   2   5   9   5   2   4   5   9   7   1   3   6  0.02 0.02
  143 F     0   0   0   0   0   0   0   0   0   0   0   0   0   0   0   0   0   0   0   0    7   5   4   5   2   4   6   7   2   5  10   6   2   6   5   8   6   1   4   6  0.01 0.03
  144 L    -1  -3  -3  -2  -2  -2   1  -3  -2   2   4  -2   1   0  -4  -3  -2  -4  -3   1    3   0   1   2   1   1  11   2   1  11  50   2   2   4   0   1   1   0   0   9  0.45 0.22
  145 K     0   0   0   3  -5   2   5  -3   0  -5  -4   2  -4  -3  -3   0  -2  -5  -4  -4    6   4   3  15   0   7  39   1   1   0   1  16   0   1   0   5   2   0   0   0  0.68 0.28
  146 N     0  -2  -1  -2  -2   0   2  -3  -1   0   2  -2   2   2  -3  -1   1  -1   0   0    8   1   4   0   1   3  16   0   1   3  24   1   7  10   0   1  13   1   3   3  0.19 0.15
  147 K    -1   5   1  -3  -2   1  -2  -4  -2  -5  -4   5  -2  -5  -2  -2  -1  -5  -4  -4    5  34   6   0   1   5   0   0   0   0   1  42   1   0   2   0   2   0   0   1  1.00 0.37
  148 Y     0   0   0   0   0   0   0   0   0   0   0   0   0   0   0   0   0   0   0   0    7   5   4   5   2   4   6   7   2   5  10   5   2   5   5   8   5   1   5   6  0.01 0.02
  149 T     0   0   0   0   0   0   0   0   0   0   0   0   0   0   0   0   0   0   0   0    7   5   4   5   2   4   6   7   2   5   9   5   2   4   5   7   9   1   3   8  0.02 0.01
  150 P    -4  -6  -6  -5  -6  -5  -5  -6  -6  -6  -6  -5  -6  -7   9  -4  -5  -7  -7  -2    1   0   0   0   0   0   0   0   0   0   0   0   0   0  95   0   0   0   0   4  3.04 0.72
  151 K     3   0  -2  -2  -4   0   0   0  -1  -4  -4   4  -3  -5   2  -1  -1  -5  -4  -3   31   3   1   1   0   4   6   5   2   0   0  33   0   0   9   3   3   0   0   0  0.57 0.27
  152 F     0  -5  -5  -6  -3  -5  -5  -5  -6   4  -1  -5   1  -1  -5  -4  -3  -5  -4   6    9   0   0   0   0   0   0   0   0  22   1   0   3   2   0   0   0   0   0  63  1.20 0.41
  153 V    -2  -6  -6  -6  -4  -5  -6  -6  -6   3  -1  -5  -2  -4  -5  -5  -3  -6  -4   7    2   0   0   0   0   0   0   0   0  14   2   0   0   0   0   0   0   0   0  82  1.65 0.50
  154 S    -2  -4  -3  -4  -4  -4  -4  -4  -4  -6  -5  -4  -5  -6  -4   7  -2  -6  -5  -5    0   0   0   0   0   0   0   0   0   0   1   0   0   0   0  98   1   0   0   0  2.08 0.66
  155 F    -6  -7  -7  -7  -6  -7  -7  -7  -5  -4  -3  -7  -4   9  -7  -6  -6  -3   0  -5    0   0   0   0   0   0   0   0   0   0   0   0   0 100   0   0   0   0   0   0  3.00 0.72
  156 H    -6  -4  -3  -5  -7  -3  -4  -6  11  -7  -7  -5  -6  -5  -6  -5  -6  -6  -2  -7    0   0   0   0   0   0   0   0 100   0   0   0   0   0   0   0   0   0   0   0  3.75 0.85
  157 F    -6  -7  -7  -7  -6  -7  -7  -7  -5  -4  -2  -7  -4   9  -7  -6  -6  -3   0  -4    0   0   0   0   0   0   0   0   0   0   1   0   0  98   0   0   0   0   1   0  2.93 0.70
  158 G    -3  -6  -1  -5  -6  -5  -5   7  -5  -7  -7  -5  -6  -7  -6  -4  -5  -6  -6  -7    0   0   3   0   0   0   0  97   0   0   0   0   0   0   0   0   0   0   0   0  2.37 0.60
  159 A    -1  -4  -5  -5   2  -4  -5  -5   2   3   5  -5   0  -1  -5  -4  -3  -4   0   0    4   0   0   0   4   0   0   0   5  21  56   0   1   1   0   0   0   0   3   5  0.83 0.31
  160 P    -4  -6  -6  -5  -7  -5  -5  -6  -6  -7  -7  -5  -6  -8   9  -5  -5  -8  -7  -6    1   0   0   0   0   0   0   0   0   0   0   0   0   0  99   0   0   0   0   0  3.25 0.76
  161 G     0  -1   1   2  -2   0   1  -1   3  -4  -4   0  -3  -4   2   3   0  -5  -3  -4    5   3   4  12   0   4   8   4   9   0   1   5   0   0   8  33   3   0   0   0  0.42 0.21
  162 K     2   0   0  -1  -3   2   1  -2   0  -2  -2   2  -2  -3   2   0  -1  -4  -3  -1   22   2   4   1   0  13   8   0   2   2   3  16   0   1  12   7   3   0   0   4  0.29 0.17
  163 S     2   0   0   2  -4   1   3  -1   3  -4  -3   0  -3  -4  -1   2  -1  -4  -2  -3   19   4   3  14   0   7  18   3   8   0   1   4   0   0   2  14   2   0   1   1  0.34 0.18
  164 T     0   0  -2  -3  -3   2  -2  -3  -3   0   0  -1  -1   0  -3   0   3   3   0   1    8   5   1   0   0  11   0   0   0   5  11   3   1   5   0   7  22   4   4  14  0.22 0.16
  165 I    -4  -4  -6  -6  -4  -3  -6  -6  -6   7   2  -5   0  -1  -5  -5  -2  -5  -4   2    0   1   0   0   0   1   0   0   0  70  16   0   2   1   0   0   1   0   0   8  1.36 0.42
  166 K     1   2  -1   2  -4   3   3  -1  -1  -3  -3   2  -2  -4  -3   0  -2  -4  -3  -4   13  11   1  14   0  14  19   3   1   1   1  16   1   0   0   5   0   0   1   0  0.44 0.21
  167 K     3   3  -2  -3  -3   1   0  -2  -2  -3  -3   2  -3  -2  -3   0  -1  -1   0  -2   33  20   0   0   0   6   6   2   0   0   2  15   0   1   0   4   3   1   4   2  0.43 0.23
  168 F    -4  -5  -6  -6  -4  -5  -5  -6  -5   2   5  -5   2   2  -5  -5  -4  -4  -2   1    0   0   0   0   0   0   0   0   0   8  73   0   4   7   0   0   0   0   0   7  1.20 0.39
  169 Q    -4   3  -3  -3  -6   5  -2  -4   4  -5  -5   5  -4  -5  -4  -3  -3  -5  -4  -5    0  16   0   0   0  29   0   0  11   0   0  43   0   0   0   0   0   0   0   0  1.27 0.43
  170 D     2   0   1   2  -4   1   2   0  -1  -4  -4   2  -3  -4  -3   1  -2  -5  -4  -3   23   5   6  14   0   7  14   6   1   0   0  15   0   0   0  10   0   0   0   0  0.38 0.19
  171 I     3  -1   0  -3   0   1  -1  -1   1   0   0  -1   0  -3  -3   0  -1  -2  -1  -1   39   3   4   0   1   7   2   4   4   6  12   3   2   0   0   6   3   0   2   2  0.24 0.18
  172 G    -3  -3   0  -2  -6  -3  -4   7  -5  -7  -7  -2  -6  -3  -5  -3  -4  -6  -6  -6    0   1   3   2   0   1   1  88   0   0   0   2   0   1   0   1   0   0   0   0  1.91 0.52
  173 I     0  -5  -5  -5   2  -5  -5  -3  -5   7   0  -5  -1  -3  -5  -1  -1  -5  -4   1    7   0   0   0   5   0   0   2   0  68   3   0   1   0   0   4   4   0   0   7  1.13 0.39
  174 L    -1   0  -2  -3  -1  -2  -3  -4  -3   1   2   1   2   1  -2  -1   0  -2   2   2    5   4   1   0   1   1   0   0   0   8  22  12   5   6   1   4   6   0   7  17  0.18 0.13
  175 V    -3  -4  -5  -5  -3  -4  -5  -5  -5   3   3  -4   0  -3  -5  -3   2  -5  -3   4    0   0   0   0   0   0   0   0   0  13  34   0   1   0   0   0  17   0   0  36  0.81 0.31
  176 L    -3  -5  -5  -6  -4  -5  -5  -6  -2   2   3  -5   5   6  -5  -5  -4  -1  -1  -1    1   0   0   0   0   0   0   0   1  11  34   0  14  36   0   0   0   0   0   3  1.06 0.35
  177 V     4  -4  -4  -4  -1  -3  -3   0  -4   1  -2  -3  -2  -4  -4   2  -1  -5  -4   3   45   0   0   0   1   0   0   5   0   7   2   0   0   0   0  15   1   0   0  25  0.66 0.31
  178 T    -2  -4  -2  -4   4  -3  -4  -4  -4  -4  -5  -3  -4  -5  -4   5   6  -6  -5  -4    0   0   1   0   8   0   0   0   0   0   0   0   0   0   0  41  50   0   0   0  1.36 0.49
  179 A     6  -4  -4  -5  -3  -4  -4  -3  -5  -1  -4  -4  -3  -5  -4  -1  -1  -6  -5   2   79   0   0   0   0   0   0   0   0   2   0   0   0   0   0   3   2   0   0  14  1.34 0.48
  180 T    -4  -5  -4  -5  -2  -4  -4  -5  -5  -4  -5  -4  -4  -6  -5  -2   8  -6  -5  -4    0   0   0   0   1   0   0   0   0   0   0   0   0   0   0   0  99   0   0   0  2.37 0.70
  181 S    -2  -3   5  -1  -1  -3  -3  -3  -2  -5  -4  -3  -4  -5  -4   5   3  -6  -5  -4    1   0  33   2   1   0   0   0   0   0   1   0   0   0   0  44  18   0   0   0  1.11 0.43
  182 L    -2  -3  -5  -3  -3  -4  -2  -5  -5   1   5  -4  -1  -2   0  -4  -2  -4  -3   4    2   1   0   1   0   0   3   0   0   3  55   0   0   0   6   0   1   0   0  28  0.81 0.32
  183 Q     2   0   0   2  -4   2   3  -3   0  -3  -3   2  -3  -1  -2  -1  -1  -4  -3  -2   18   4   4  13   0   9  25   0   2   1   1  13   0   3   1   2   3   0   0   1  0.38 0.20
  184 E    -4  -4  -4  -1  -7  -2   8  -6  -4  -7  -7  -3  -6  -7  -5  -4  -4  -7  -6  -6    0   0   0   1   0   0  99   0   0   0   0   0   0   0   0   0   0   0   0   0  2.40 0.68
  185 A     6  -4  -4  -5  -3  -4  -4   0  -4  -2  -3  -4  -3   0  -4  -1  -1  -5  -4   0   75   0   0   0   0   0   0   6   0   1   1   0   0   5   0   1   4   0   0   7  1.11 0.42
  186 I    -2   4  -2  -2  -1   3   1  -4   0  -1   0   3  -1  -4  -4  -2  -2  -3  -2  -1    2  30   0   1   1  13   8   0   2   3  11  19   1   0   0   1   1   0   1   5  0.48 0.23
  187 E     2   0  -2  -3  -3   4   1  -3   2  -1   0  -1  -1  -2  -3  -2  -2   5   1  -1   20   4   1   0   0  23   8   0   5   4  11   2   1   1   0   1   1   8   5   5  0.34 0.21
  188 L     2  -4  -5  -5   1  -4  -5  -5  -5   4   4  -4  -1  -2  -4  -3  -3  -4  -3   2   18   0   0   0   2   0   0   0   0  28  39   0   0   0   0   1   0   0   0  11  0.73 0.29
  189 I     1  -1  -2  -1  -3   2   4  -3   0   1   0  -1  -1  -3  -3  -1  -1  -4  -1   0   14   2   1   1   0   8  35   0   2   9  11   2   1   0   0   2   3   0   2   8  0.33 0.20
  190 S     3   0   1   2  -4   2   2  -2   0  -4  -4   1  -3  -4  -3   1  -1  -5  -3  -3   28   5   6  13   0   9  17   1   2   0   1   7   0   0   0   7   2   0   0   1  0.40 0.21
  191 L     4  -1   0  -3  -1   0  -2  -2   0  -2   1  -2  -2  -2  -3   1  -2  -4  -2  -2   50   4   4   0   1   4   1   1   2   1  15   1   0   2   0  10   0   0   1   2  0.47 0.26
  192 N    -3  -3   1  -1  -6  -3  -2   7  -3  -7  -7  -1  -6  -6  -4  -3  -4  -6  -6  -6    0   1   5   3   0   1   2  82   0   0   0   5   0   0   0   0   0   0   0   0  1.72 0.48
  193 V     0  -5  -5  -5   2  -4  -5  -5  -5   5   1  -5   2   0  -5  -4  -3  -5  -3   4    7   0   0   0   5   0   0   0   0  36   7   0   4   4   0   0   0   0   0  37  0.87 0.31
  194 D    -4  -5   1   8  -7  -3  -1  -5   1  -7  -7  -4  -6  -7  -5  -3  -4  -8  -6  -7    1   0   4  90   0   1   1   0   4   0   0   0   0   0   0   0   0   0   0   0  2.29 0.61
  195 G     4  -4  -3  -4  -4  -4  -4   4  -4   0  -3  -4  -1   0  -4  -2  -3  -4  -1   0   39   0   0   0   0   0   0  39   0   7   1   0   1   4   0   0   0   0   2   7  0.81 0.32
  196 I    -4  -6  -6  -6  -4  -5  -6  -6  -6   7   2  -5  -1  -3  -5  -5  -3  -5  -4   4    0   0   0   0   0   0   0   0   0  61  13   0   0   0   0   0   0   0   0  25  1.39 0.42
  197 I    -3  -6  -6  -6  -4  -5  -6  -6  -6   5  -1  -5  -2  -3  -5  -5  -3  -6  -4   6    0   0   0   0   0   0   0   0   0  40   1   0   0   0   0   0   0   0   0  59  1.55 0.47
  198 C     5  -5  -5  -5   6  -4  -4  -3  -5  -3   1  -4  -3  -4  -4  -1  -3  -5  -4  -1   64   0   0   0  16   0   0   0   0   0  15   0   0   0   0   2   0   0   0   3  1.16 0.43
  199 Q    -5  -3  -4  -4  -7   9  -2  -6  -3  -7  -6  -2   0  -7  -5  -4  -4  -6  -5  -6    0   0   0   0   0  97   0   0   0   0   0   0   3   0   0   0   0   0   0   0  2.74 0.77
  200 G    -3  -6  -4  -5  -6  -5  -5   7  -5  -7  -7  -5  -6  -7  -5  -2  -5  -6  -6  -7    0   0   0   0   0   0   0  98   0   0   0   0   0   0   0   2   0   0   0   0  2.39 0.60
  201 Y    -3  -4  -4  -2  -5  -5  -5  -6  -2   3  -1  -5  -2   3  -6  -5  -3   6   7  -1    1   1   0   3   0   0   0   0   0  21   4   0   1   9   0   0   0  13  44   3  1.32 0.42
  202 E    -4  -4  -2  -2  -7  -1   8  -5  -4  -7  -7  -3  -6  -7  -5  -4  -4  -7  -6  -6    0   0   1   0   0   0  98   0   0   0   0   0   0   0   0   0   0   0   0   0  2.35 0.67
  203 A     7  -5  -5  -5  -4  -4  -4  -3  -5  -5  -5  -4  -4  -6  -4  -2  -3  -6  -5  -3   99   0   0   0   0   0   0   0   0   0   0   0   0   0   0   0   0   0   0   0  2.01 0.61
  204 G    -3  -6  -4  -5  -6  -5  -6   8  -5  -7  -7  -5  -6  -7  -6  -4  -5  -6  -7  -7    0   0   0   0   0   0   0 100   0   0   0   0   0   0   0   0   0   0   0   0  2.50 0.62
  205 G    -3  -6  -4  -5  -6  -5  -6   8  -5  -7  -7  -5  -6  -7  -6  -4  -5  -6  -7  -7    0   0   0   0   0   0   0 100   0   0   0   0   0   0   0   0   0   0   0   0  2.50 0.62
  206 H    -6  -4  -3  -5  -7  -3  -4  -6  11  -7  -7  -5  -6  -5  -6  -5  -6  -6  -2  -7    0   0   0   0   0   0   0   0 100   0   0   0   0   0   0   0   0   0   0   0  3.75 0.85
  207 R    -5   8  -4  -5  -7  -2  -4  -6  -4  -7  -6  -1  -5  -7  -6  -4  -5  -6  -5  -6    0  99   0   0   0   0   0   0   0   0   0   0   0   0   0   1   0   0   0   0  2.67 0.70
  208 G    -3  -6  -4  -5  -6  -5  -6   8  -5  -7  -7  -5  -6  -7  -6  -4  -5  -6  -7  -7    0   0   0   0   0   0   0 100   0   0   0   0   0   0   0   0   0   0   0   0  2.50 0.62
  209 N    -2  -2   4  -2   0  -1  -3  -4   0   3  -1  -3   4  -2  -4   0   0  -5  -3   2    3   1  27   2   2   3   0   0   2  18   2   0  15   1   0   7   6   0   0  13  0.46 0.25
  210 F    -6  -6  -7  -7  -6  -7  -7  -7  -2  -4  -3  -7  -4   9  -7  -5  -6  -3   1  -4    0   0   0   0   0   0   0   0   1   0   0   0   0  96   0   1   0   0   2   0  2.83 0.69
  211 D    -2  -3   2   5  -4  -3   0  -4  -2   0   3  -2  -2  -3  -1  -1  -2  -5  -4  -2    3   0   9  39   0   0   3   0   1   5  30   2   0   0   3   2   2   0   0   1  0.60 0.27
  212 P     1  -2  -1   0  -3  -1   1  -3  -3  -3  -2  -2  -3  -4   6   1  -1  -5  -4   0   12   2   2   5   0   3   8   1   0   0   3   0   0   0  41  12   3   0   0   7  0.77 0.27
  213 S     0   0   2   3  -3   2   1  -1   1  -3  -3   0  -2  -2   0   1   0  -3  -2  -2    7   4   8  21   0   9  11   4   4   1   2   4   0   2   4  10   6   0   1   2  0.24 0.10
  214 V     1   0   0   1  -2   1   1   0   0  -1  -1   0  -1  -2  -1   0   0  -3   0   0   19   4   5  11   0   6   7   8   2   4   5   7   0   0   1   5   6   0   4   7  0.09 0.07
  215 L    -1  -1   0   1  -3   0   1  -2   1   0   1   0  -1   1   2  -1  -1   0  -1  -1    5   2   3   9   0   3  13   2   5   5  17   4   0   9  13   4   4   1   1   1  0.13 0.09
  216 D    -2  -5   0   8  -6  -3   0  -4  -3  -6  -7  -4  -6  -7  -5  -2  -1  -7  -6  -6    3   0   3  85   0   0   4   0   1   0   0   0   0   0   0   2   3   0   0   0  2.04 0.56
  217 E     1  -1  -2   2  -3   0   5   0  -2  -4  -3  -1  -3  -5   0   1   0  -5  -4  -3   10   2   0  11   0   3  40   8   1   0   2   1   0   0   4  10   7   0   0   1  0.53 0.25
  218 N     0   2   3  -1   2   4   1   0  -2  -4  -4   2  -3  -5  -3  -1  -2  -2  -2  -4   10  11  15   3   5  25   7   6   0   0   1  13   0   0   0   2   0   1   1   0  0.48 0.24
  219 L    -3  -5  -6  -6  -4  -4  -5  -6  -5   3   5  -5   2  -1  -5  -4  -3  -3  -3   0    1   0   0   0   0   0   0   0   0  14  73   0   5   1   0   1   1   0   0   4  1.17 0.38
  220 P    -1  -3  -1  -1  -4  -2  -3   4  -4  -5  -5   0  -4  -5   1   4   1  -5  -5  -4    1   1   2   3   0   1   0  34   0   0   0   5   0   0   7  40   6   0   0   0  0.82 0.34
  221 T    -2  -5  -4  -5  -4  -4  -4  -5  -5  -3  -1  -4  -4  -5  -5  -2   8  -6  -5  -2    2   0   0   0   0   0   0   0   0   1   7   0   0   0   0   1  89   0   0   1  1.89 0.60
  222 Y     0  -1  -2  -4  -2   0  -1  -4   0   0   2  -1   3   4  -4  -1  -2   0   1   0    9   3   1   0   0   4   3   0   3   3  21   3   9  25   0   5   1   1   4   4  0.30 0.17
  223 I     4  -3  -1   1   1   0   1  -2  -1  -1  -3  -2  -3  -4   0   2   0  -4  -3  -1   39   0   1   8   4   4  10   1   1   3   1   1   0   0   5  13   6   0   0   4  0.36 0.21
  224 L    -5  -5  -7  -7  -4  -5  -6  -7  -6  -1   7  -6  -1  -3  -6  -6  -4  -5  -4  -2    0   0   0   0   0   0   0   0   0   0 100   0   0   0   0   0   0   0   0   0  1.93 0.56
  225 F    -3  -5  -4  -5  -1  -4  -5  -5  -5   0   1  -4  -2   5  -5  -3   3  -4  -2   4    0   0   0   0   1   0   0   0   0   3  15   0   0  23   0   0  22   0   0  37  0.81 0.33
  226 D    -1   4   0   0  -4   3   1  -3  -1  -2  -3   2  -3  -4   2   0  -1  -5  -3  -3    2  27   3   5   0  14   6   0   1   2   2  13   0   0  12   9   4   0   0   1  0.47 0.21
  227 Q    -1   1  -3  -1  -3   5   0  -4  -3   0   3   0   0  -3  -4  -2  -1  -4  -3  -1    5   8   0   2   0  29   4   0   0   5  32   4   1   0   0   1   4   0   0   3  0.44 0.25
  228 I    -2  -4  -5  -5  -2  -4  -5  -5  -5   4   4  -4  -1  -1  -5  -2  -1  -4  -3   3    3   0   0   0   0   0   0   0   0  27  41   0   0   1   0   3   3   0   0  21  0.79 0.29
  229 K     1   0  -3  -4  -1   0  -2  -4  -2   0   0   2  -1  -3  -4  -2  -1  -4  -3   4   13   5   0   0   1   5   0   0   1   3   9  18   1   0   0   2   2   0   0  40  0.41 0.24
  230 K     1   2   1   2  -3   2   1  -1  -1  -3  -4   2  -3  -4  -2   0  -1  -4  -3  -3   12  14   5  15   0  12   9   4   0   1   0  16   0   0   1   8   2   0   0   0  0.36 0.17
  231 Y     1   1   1  -2  -2   1   1  -2   3  -2  -1   1  -2  -1  -3  -1  -1  -2   4  -1   16   7   6   0   1   8  10   1  10   1   5   8   0   2   0   3   4   0  16   3  0.23 0.16
  232 L     0   0   0   0  -1   0   0   1   0   0   0   0   0  -1   0   0   0   0   0   0    6   4   4   5   2   5   6  11   2   5  11   6   2   3   4   9   6   1   3   5  0.02 0.00
  233 N     0   0   0   0  -1   0   0   0   0   0   0   0   0   0   1   0   0   0   0   0    7   4   6   5   2   4   7   6   2   5  11   7   3   5   5   7   5   1   3   6  0.02 0.06
  234 T     0   0   0   0  -1   0   0   0   0   0   0   0   0  -1   0   0   0   0   0   0    6   5   4   5   1   4   5   7   2   6   8   9   2   3   5   8   8   1   2   9  0.02 0.00
  235 I    -1  -3  -1  -2   4  -2  -2  -2   0   2   1  -2  -1   0  -3   0   1  -3  -1   3    3   1   2   2  10   1   1   2   2  10  18   2   0   3   0   7   9   0   1  25  0.23 0.14
  236 N     0   1   2   3  -4   1   1   0  -2  -4  -4   1  -3  -4  -1   2   0  -4  -3  -3    6   8  11  17   0   5   6   8   0   0   0  10   0   0   2  21   5   0   0   0  0.37 0.18
  237 E    -2  -3   0  -3  -1  -2  -2  -3  -3   2   3  -2   0  -1  -3  -1   1  -4  -3   2    1   0   6   1   1   1   2   1   1  15  39   1   1   1   1   4   8   0   0  17  0.37 0.19
  238 P    -3  -5  -3  -2  -6  -1  -4  -2  -5  -6  -6  -2  -6  -4   8  -3  -3  -7  -6  -6    1   0   1   2   0   3   0   3   0   0   0   2   0   1  84   2   2   0   0   0  2.41 0.61
  239 K     0   0   0   0   0   0   0   0  -1   0   0   0   0  -1   3   0   0  -1   0   0    7   4   3   4   2   3   5   6   2   5   8   6   2   3  14   6   6   1   2   9  0.08 0.01
  240 F    -1   0  -1  -1  -1  -1  -1  -1   0   0   0  -1   0   4  -1  -1  -1   0   3   0    5   4   3   4   1   3   4   5   1   3   8   4   1  22   3   5   4   1  12   5  0.13 0.03
  241 L    -3  -5  -6  -6  -4  -5  -5  -6  -6   4   2  -5  -1  -3  -5  -5  -3  -5  -4   6    0   0   0   0   0   0   0   0   0  25  18   0   0   0   0   0   0   0   0  57  1.24 0.40
  242 I    -4  -6  -6  -6  -4  -6  -6  -7  -6   7  -1  -6  -2  -3  -6  -5  -4  -6  -4   3    0   0   0   0   0   0   0   0   0  79   0   0   0   0   0   0   0   0   0  21  1.84 0.52
  243 A     6  -5  -5  -5  -4  -4  -4  -3  -5  -5  -5  -4  -4  -6   4  -1  -3  -6  -5  -4   74   0   0   0   0   0   0   0   0   0   0   0   0   0  23   3   0   0   0   0  1.53 0.51
  244 A     7  -5  -5  -5  -4  -4  -4  -3  -5  -5  -5  -4  -4  -6  -4  -1  -1  -6  -5  -3   94   0   0   0   0   0   0   0   0   0   0   0   0   0   0   3   4   0   0   0  1.79 0.57
  245 G    -3  -6  -4  -5  -6  -5  -6   8  -5  -7  -7  -5  -6  -7  -6  -3  -5  -6  -7  -7    0   0   0   0   0   0   0 100   0   0   0   0   0   0   0   0   0   0   0   0  2.47 0.62
  246 G    -3  -6  -4  -5  -6  -5  -5   7  -5  -7  -7  -5  -6  -7  -6  -2  -5  -6  -7  -7    0   0   0   0   0   0   0  99   0   0   0   0   0   0   0   1   0   0   0   0  2.42 0.61
  247 I    -4  -6  -7  -6  -4  -6  -6  -7  -6   8   0  -6   0  -3  -6  -6  -4  -6  -4   0    0   0   0   0   0   0   0   0   0  89   7   0   2   0   0   0   0   0   0   3  1.98 0.55
  248 I     0  -5  -2  -4  -4  -4  -5  -1  -1  -1  -2  -4   9  -3  -5  -2  -1  -5   0   1    6   0   2   1   0   0   0   6   2   2   0   0  63   0   0   2   3   0   3  11  1.50 0.51
  249 S    -4  -4   3   7  -6  -3  -1  -3  -2  -6  -6  -3  -6  -6  -4   0   1  -7  -6  -6    0   0  13  70   0   0   1   1   0   0   0   0   0   0   0   7   7   0   0   0  1.61 0.48
  250 S     1  -5  -3  -3  -5  -4  -4   6   0  -6  -6  -4  -5  -6  -1   2  -2  -5  -5  -5    9   0   0   1   0   0   0  68   3   0   0   0   0   0   3  15   1   0   0   0  1.35 0.42
  251 K     2   2  -1  -1  -3   2   1  -1   1  -4  -3   2  -1  -3  -2   0  -1  -4  -1  -2   25  14   1   2   0  12   8   3   3   0   0  16   1   1   0   7   3   0   2   1  0.34 0.19
  252 D     0  -3  -2   3  -4   1  -1   4   0  -3  -4  -3  -4  -5  -4   0   2  -5  -4  -3    7   0   0  20   0   8   1  38   2   2   1   0   0   0   0   6  14   0   0   1  0.64 0.27
  253 A     1  -5  -6  -6  -4  -5  -6  -6  -6   7  -1  -5   0  -3  -5  -4  -3  -5  -4   3   11   0   0   0   0   0   0   0   0  69   2   0   1   0   0   0   0   0   0  17  1.39 0.44
  254 R     3   3   1  -2  -2   1   0  -2  -2  -3  -2   2  -3  -3  -3   1  -1  -2  -3  -1   32  18   6   1   0   5   4   1   0   0   4  16   0   0   0   8   1   1   0   3  0.38 0.21
  255 Y     4  -1  -1  -3  -3   0   0  -1   1  -3  -3   0  -3   0  -3   0   0  -1   3  -3   42   3   3   0   0   5   6   4   4   0   1   6   0   3   0   5   5   1  14   0  0.42 0.24
  256 Y     4  -4  -4  -5  -1  -3  -4  -4  -3  -2  -1  -4   5   0  -4  -2  -2  -3   6   1   37   0   0   0   1   0   0   0   0   1   4   0  16   3   0   1   1   0  27   9  0.85 0.36
  257 I    -4  -3  -6  -6  -2  -3  -5  -6  -5   2   6  -5   3   0  -5  -5  -4  -4  -3  -1    0   1   0   0   0   1   0   0   0   9  75   0   8   3   0   0   0   0   0   2  1.24 0.40
  258 D     2   0   1   3  -3   1   1  -2  -1  -3  -4   1   0  -4  -3   1  -1  -4  -3  -2   24   5   7  19   0   8   6   1   1   1   0  10   2   0   0  13   2   0   1   1  0.35 0.19
  259 N    -1  -1   1  -4  -2   1  -2  -4   1   0   4  -1   0  -1  -4  -2  -3  -4  -1  -2    4   2   8   0   1   8   3   0   4   2  57   3   1   2   0   3   0   0   2   0  0.53 0.26
  260 G    -3  -5  -1  -4  -6  -1  -5   7  -5  -7  -7  -5  -6  -7  -5  -3  -5  -6  -6  -7    0   0   2   0   0   3   0  95   0   0   0   0   0   0   0   0   0   0   0   0  2.25 0.58
  261 A     7  -5  -5  -5  -1  -4  -4  -3  -5  -1  -4  -4  -4  -5  -4  -1  -3  -6  -5  -1   90   0   0   0   1   0   0   0   0   3   0   0   0   0   0   1   0   0   0   4  1.62 0.54
  262 S     3  -2  -2   2  -1   0   0  -1  -2  -2  -3  -1  -2  -4  -2   3  -1  -5  -4   1   28   1   0  13   1   5   4   2   0   1   1   3   1   0   1  28   2   0   0  10  0.38 0.23
  263 A     6  -5  -4  -5  -4  -4  -4   3  -5  -5  -5  -4  -4  -5  -4  -1  -3  -6  -5  -4   76   0   0   0   0   0   0  22   0   0   0   0   0   0   0   2   0   0   0   0  1.44 0.49
  264 V     3  -5  -5  -5   1  -4  -5  -4  -5   0  -2  -4  -2  -4  -5  -3  -1  -6  -4   6   29   0   0   0   3   0   0   0   0   1   0   0   0   0   0   0   2   0   0  65  1.21 0.44
  265 Q    -5  -3  -4  -4  -2   9  -2  -6  -3  -6  -6  -2  -2  -7  -5  -2  -4  -6  -5  -5    0   0   0   0   1  96   0   0   0   0   0   0   1   0   0   2   0   0   0   0  2.62 0.75
  266 M    -4  -5  -6  -6  -4  -4  -5  -6  -5   1   5  -5   6  -2  -5  -4  -4  -4  -4   1    0   0   0   0   0   0   0   0   0   5  65   0  20   0   0   1   0   0   0   8  1.26 0.41
  267 G    -3  -6  -4  -5  -6  -5  -6   8  -5  -7  -7  -5  -6  -7  -6  -4  -5  -6  -7  -7    0   0   0   0   0   0   0 100   0   0   0   0   0   0   0   0   0   0   0   0  2.50 0.62
  268 T    -3  -5  -3  -5  -4  -4  -4  -5  -5  -4  -5  -4  -4  -6  -5   0   8  -6  -5  -4    0   0   0   0   0   0   0   0   0   0   0   0   0   0   0   4  96   0   0   0  2.26 0.67
  269 A     6  -5  -5  -5  -3  -4  -4  -2  -5   0  -3  -4  -3  -5  -4  -2  -2  -6  -5   1   80   0   0   0   0   0   0   1   0   6   2   0   0   0   0   0   1   0   0  10  1.33 0.47
  270 F    -6  -6  -6  -7  -6  -6  -7  -7  -4  -4  -2  -7  -3   9  -7  -6  -6   3   3  -4    0   0   0   0   0   0   0   0   0   0   2   0   0  87   0   0   0   3   8   0  2.55 0.63
  271 L    -3  -5  -6  -6  -4  -5  -5  -6  -6   5   4  -5  -1  -2  -5  -5  -3  -5  -4   3    0   0   0   0   0   0   0   0   0  30  48   0   0   0   0   0   0   0   0  22  1.09 0.36
  272 F     3  -2  -3  -2   0   0  -2   1  -2  -2   2  -2  -2   0   2   0   0  -4  -3  -2   28   2   0   2   2   6   0  12   1   0  21   0   0   3  12   6   4   0   0   0  0.27 0.18
  273 T    -1  -6  -5  -6  10  -5  -5  -5  -6  -4  -4  -5  -4  -5  -5   0   4  -6  -5  -1    5   0   0   0  58   0   0   0   0   0   0   0   0   0   0   5  28   0   0   4  2.09 0.56
  274 S    -1  -2  -2   1  -5  -1  -1  -4  -3  -5  -5   1  -5  -6   7   0  -1  -6  -5  -3    5   2   2   7   0   3   2   0   0   0   0  10   0   0  57   7   4   0   0   1  1.33 0.40
  275 D    -4  -3  -3  -1  -7   2   7  -2  -3  -6  -6  -2  -5  -6  -4  -1  -2  -6  -5  -6    0   0   0   2   0   6  84   3   0   0   0   0   0   0   0   3   2   0   0   0  1.80 0.56
  276 C     2  -4  -3  -4   2  -3  -3  -3  -4  -5  -5  -3  -4  -5  -4   6   0  -6  -5  -4   12   0   0   0   4   0   0   0   0   0   0   0   0   0   0  78   5   0   0   0  1.46 0.52
  277 T     2  -1   2  -2  -3   0  -2  -2  -2  -2  -1   1  -1  -4  -3   3   1  -4  -3  -2   23   3  14   0   0   3   0   2   0   2   8   8   1   0   0  25   9   0   0   2  0.33 0.21
  278 V     5  -4   0  -4  -3  -3  -3  -3  -4   1  -3  -3  -3  -4  -3   1   1  -5  -4   2   56   0   4   0   0   0   0   0   0   9   0   0   0   0   0   8  11   0   0  13  0.76 0.34
  279 N    -1  -2   4   4  -2  -2  -1  -2   1  -5  -5  -2  -4  -5   1   3  -1  -6  -4  -4    4   2  21  26   1   0   1   2   3   0   0   1   0   0   8  28   2   0   0   0  0.73 0.31
  280 Y     2   0  -2   1  -2   1   1  -2  -2  -4  -4   1  -3  -4   4   1   0  -4  -2  -2   23   3   0   7   0   5  11   2   1   0   0   9   0   0  20  11   6   0   2   1  0.43 0.20
  281 D     2  -3  -1  -2  -3  -2  -1   2   0  -1  -1  -1  -1   3  -3  -1  -1  -2   1  -1   27   0   3   2   0   0   4  16   3   3   4   3   1  19   0   2   3   0   6   4  0.24 0.16
  282 N    -5  -3  -2  -5  -5  -4  -5  -6   6   1  -3  -5  -3   4  -6  -5  -4   3   7  -2    0   1   2   0   0   0   0   0  19   8   0   0   0  18   0   0   0   4  47   2  1.58 0.47
  283 C    -2   7   0  -4  -1  -1  -2  -1  -1  -5  -3   2  -4  -5  -4   0  -1  -5  -4  -5    2  63   3   0   2   1   2   5   1   0   3  10   0   0   0   6   3   0   0   0  1.16 0.40
  284 K     2   1   2   2  -4   3   1  -2  -1  -4  -4   2  -3  -4  -3   0   0  -5  -3  -3   19   8   9  14   0  13  10   1   1   0   0  16   0   0   0   4   4   0   0   1  0.40 0.20
  285 Y     4  -1  -2  -3  -1   0  -2  -3  -1  -1   1   0   0  -2   0   0  -1  -4  -1  -1   47   3   2   0   1   3   1   0   1   2  15   4   2   1   3   5   2   0   2   3  0.36 0.22
  286 T    -3  -4  -5  -6  -4  -4  -5  -4  -5   3   5  -3   1   1  -5  -3  -2  -4  -3   1    0   0   0   0   0   0   0   1   0  13  66   1   1   6   0   2   2   0   0   7  0.96 0.33
  287 T     0   1   0   0  -3   1   0  -1   0  -2   0   2  -1   2  -3   0   1  -3  -1  -2   10   8   3   4   0   7   4   3   2   1   9  16   1  13   0   7  12   0   0   1  0.13 0.11
  288 V     0   0   2   0  -2   0   1   2  -1  -4  -3  -1  -1  -4  -2   4   0  -4  -2  -2    5   4  10   5   1   5   7  13   1   0   2   3   2   0   1  36   3   0   1   2  0.35 0.20
  289 M    -4  -5  -6  -6  -4  -4  -5  -6  -5   3   2  -5   9  -1  -6  -5  -4  -5  -4   1    0   0   0   0   0   0   0   0   0  17  18   0  56   2   0   0   0   0   0   7  1.66 0.52
  290 T    -3  -4  -3  -4  -4  -4  -4  -5  -5   0  -3  -4  -2  -5  -4   0   7  -6  -5   0    0   0   0   0   0   0   0   0   0   5   1   0   1   0   0   5  82   0   0   6  1.71 0.57
  291 P     2   2   2   1  -1  -1  -1  -2  -1  -4  -4   0  -3  -4   2   2   0  -5  -4  -3   23  15  12  10   1   1   2   0   1   0   0   3   0   0  11  17   3   0   0   0  0.42 0.22
  292 L     4  -4  -2  -4  -2  -3  -3  -3  -4   1   3  -3  -1  -1  -4   0  -1  -4  -1   1   36   0   1   0   0   0   0   0   0   5  30   0   1   1   0   8   2   0   2  11  0.44 0.24
  293 V    -4  -5  -6  -6  -1  -5  -6  -6  -5   6   0  -5  -2   3  -2  -5  -3  -4  -3   4    0   0   0   0   1   0   0   0   0  50   3   0   0  15   3   0   0   0   0  27  1.14 0.39
  294 S    -2  -4  -3  -4  -4  -3  -4  -4  -4  -6  -6  -4  -5  -6  -4   7   2  -6  -5  -5    0   0   0   0   0   0   0   0   0   0   0   0   0   0   0  90  10   0   0   0  1.87 0.63
  295 G    -3  -6  -4  -5  -6  -5  -6   8  -6  -7  -7  -5  -6  -7  -6  -4  -5  -6  -7  -7    0   0   0   0   0   0   0 100   0   0   0   0   0   0   0   0   0   0   0   0  2.51 0.64
  296 K    -4   7  -4  -5  -7  -2  -3  -4  -4  -6  -3   4  -4  -6  -5  -4  -4  -6  -5  -6    0  74   0   0   0   0   0   1   0   0   3  23   0   0   0   0   0   0   0   0  1.89 0.56
  297 P    -1  -2   0  -4  -6  -2  -3  -4  -1  -3  -6  -3  -4  -1   8  -2  -4  -6  -5  -5    5   3   5   0   0   2   1   0   2   2   0   0   0   3  74   3   0   0   0   0  1.97 0.54
  298 A     7  -5  -5  -5  -4  -4  -4  -3  -5  -4  -2  -4  -4  -5  -4  -2  -2  -6  -5  -3   95   0   0   0   0   0   0   0   0   0   4   0   0   0   0   0   1   0   0   0  1.84 0.60
  299 R    -5   9  -4  -5  -7  -3  -4  -6  -4  -7  -6  -1  -5  -7  -6  -4  -5  -6  -5  -6    0 100   0   0   0   0   0   0   0   0   0   0   0   0   0   0   0   0   0   0  2.72 0.72
  300 A     2  -4  -3  -4   7  -4  -4   4  -4  -4  -4  -4  -4  -5  -4   1   3  -5  -5  -4   15   0   0   0  22   0   0  34   0   1   0   0   0   0   0   8  20   0   0   0  1.01 0.37
  301 M    -4  -4  -6  -6  -4  -5  -5  -6  -5   5   4  -5   2   0  -5  -5  -3  -4  -3   2    0   1   0   0   0   0   0   0   0  40  42   0   4   2   0   0   0   0   0  11  1.05 0.35
  302 L     1   1  -1  -1   0   0   0  -2  -1   1   0   1   0  -2  -1   0  -1  -3  -2   2   12  11   2   2   2   2   6   1   1   8   8  11   1   0   2   9   2   0   1  18  0.09 0.09
  303 T    -4  -3   7  -2  -5  -3  -4  -2  -3  -4  -5  -3  -5  -6  -5   0   5  -6  -5  -5    0   0  58   0   0   0   0   2   0   1   0   0   0   0   0   4  35   0   0   0  1.59 0.53
  304 P     0   5  -3   0  -5   0  -1  -3   1  -5  -3   0  -4  -5   5  -2  -2  -5  -3  -3    9  33   0   5   0   3   2   1   4   0   2   5   0   0  30   1   1   0   1   1  0.84 0.32
  305 F    -3  -6  -6  -7  -5  -6  -6  -6  -4  -1   0  -6   0   8  -7  -5  -5   5   2  -3    1   0   0   0   0   0   0   0   0   3   9   0   2  72   0   0   0   7   4   1  1.90 0.52
  306 I    -2  -4  -4  -4   2  -1  -4  -4   2   5   0  -4   3  -1  -4  -1   3  -2  -3   0    2   0   0   0   4   3   0   0   5  37   7   0   9   1   0   2  25   1   0   4  0.59 0.29
  307 E     0   3   0   2  -3   2   3  -3   0  -4  -3   1  -3  -4  -3   0   0  -4  -3  -2    8  22   5  13   1   8  21   0   2   0   2   5   0   0   0   7   4   0   0   2  0.43 0.21
  308 N    -1   0   0   1  -3   0   2  -2   0  -1   1   1   0   0  -3   0  -1   5  -1  -2    5   4   5  10   0   2  18   2   2   3  15   8   2   5   0   6   2   9   1   0  0.19 0.13
  309 L     0  -1  -1  -1  -1  -1   0  -1  -1   0   3  -1   1   0  -1  -1  -1  -1  -1   0    6   3   3   3   1   3   6   5   1   4  37   4   3   2   3   5   4   1   2   5  0.09 0.04
  310 L     0   0  -1   0  -1   0   0  -1   0   1   0   0   0   0   0   0   0  -1   0   1    6   4   3   5   1   3   6   5   3  14  11   4   1   2   3   5   6   1   4  12  0.00 0.01
  311 L     1  -1   0   0   0   0   0   3  -2   0  -1   0   0  -2  -2   0   0  -3  -2   0   12   3   3   4   2   3   5  24   1  10   6   6   4   1   1   6   7   0   0   4  0.12 0.07
  312 N     0   1   2   2  -3   2   2  -1   0  -2   0   0  -1  -3  -2   0   0  -2  -2  -1    9   6  11  12   0   9  13   3   2   1  14   4   1   0   0   6   4   0   0   4  0.15 0.11
  313 Y     1  -2  -1  -1  -1  -1  -1  -2  -1   0   0  -1  -1   1   3   0   0  -2   1   0   11   1   2   3   1   3   3   1   1   6   8   4   1   9  19   9   3   0   7   7  0.19 0.10
  314 E     0   0   1   1  -3   2   1   0   1  -1  -2   0   1  -3   2   0   0  -4  -3  -2    5   5   7   8   0  13  10   9   3   3   4   6   5   1   9   8   4   0   0   1  0.17 0.10
  315 H     1   1   0   1   0   0   0   1   0  -2  -1   0  -1  -2   0   1   0  -3  -2  -1   14  12   4  12   2   3   4   9   3   2   8   2   1   1   5  11   4   0   0   4  0.10 0.08
  316 E     0  -1   0   2  -2  -1   2  -1  -1  -2  -1   0  -2  -3   4   0  -1  -4  -2  -1    6   2   4  11   1   1  16   5   1   1   5   7   0   0  23   6   4   0   1   5  0.33 0.14
  317 K     1   0   0   2  -2   1   3  -1  -2  -2  -2   0  -1  -3   1   0   0  -2  -3  -2   13   4   4  12   1   5  22   3   0   2   4   5   1   1   7   7   6   0   0   2  0.22 0.13
  318 L     0  -2  -4  -5  -3  -2  -4  -5  -3   4   3  -4   0  -1   1  -2  -1  -4  -3   2    6   2   0   0   0   2   0   0   1  26  36   0   1   1   7   1   3   0   0  15  0.53 0.23
  319 P    -2  -6  -6  -5  -6  -5  -5  -6  -6  -6  -5  -5  -6  -7   9  -4  -5  -7  -7  -6    4   0   0   0   0   0   0   0   0   0   1   0   0   0  95   0   0   0   0   0  3.03 0.74
  320 P     2  -3  -2   6  -5  -2   0  -1  -2  -5  -3  -3  -4  -5   4   0  -3  -6  -5  -4   16   1   0  45   0   1   4   4   1   0   2   0   0   0  18   7   0   0   0   1  0.90 0.34
  321 Y    -6  -6  -6  -7  -6  -5  -6  -7  -2  -5  -4  -6  -4   5  -7  -6  -5  -1   9  -5    0   0   0   0   0   0   0   0   0   0   0   0   0  18   0   0   0   0  82   0  2.76 0.71
  322 S    -4  -5  -5  -5  -6  -3  -4   3  -5  -6  -6  -4  -6  -7   8  -1  -4  -7  -6  -4    0   0   0   0   0   1   0  24   0   0   0   0   0   0  70   4   0   0   0   1  2.12 0.58
  323 Y    -3  -3  -4  -5   1  -4  -5  -5  -1   4   2  -4   0   1  -5  -3  -1  -2   6   0    1   1   0   0   3   0   0   0   1  24  22   0   1   3   0   1   3   0  34   5  0.82 0.32
  324 M     5   1  -3  -4  -2  -3  -3  -2  -4  -2  -2  -3   2  -4   1   0   2  -5  -4  -1   51   8   0   0   1   0   0   2   0   1   3   0   6   0   6   4  14   0   0   4  0.62 0.31
  325 Y    -2  -5  -4  -4  -6  -5  -5   0  -2  -5  -4  -5  -5   0  -6  -4  -2  -2   9  -5    4   0   1   1   0   0   0   7   0   0   1   0   0   1   0   1   3   0  82   0  2.34 0.66
  326 A    -1  -4   3   6  -5  -3  -1  -1  -1  -5  -5  -2  -5  -4  -4   2  -1  -5   1  -3    6   0  12  51   0   0   1   5   1   0   0   2   0   0   0  13   2   0   5   2  0.94 0.35
  327 A     5  -3  -4  -3  -3  -3  -2   0  -4   0   1  -3  -1  -4  -4  -1  -2  -5  -4   0   61   1   0   1   0   0   3   5   0   6  15   0   1   0   0   3   1   0   0   5  0.73 0.33
  328 F     1  -4  -2  -4  -4  -3  -4   4  -3  -1  -1  -4  -2   3  -4  -1  -2  -2   4  -2   14   0   2   0   0   0   0  33   0   4   6   0   1  16   0   2   1   0  19   1  0.62 0.27
  329 K    -2   1  -3  -4  -6  -2  -2  -3  -4  -6  -5   7   0  -6  -4  -1  -4  -6  -4  -5    3   5   0   0   0   0   1   1   0   0   0  83   3   0   0   3   0   0   0   0  1.72 0.55
  330 Q     3  -1  -2  -1  -4   4   0  -2  -3  -4  -3   1  -3  -5   2   1   0  -5  -4  -3   33   3   0   3   0  22   3   1   0   0   2   7   0   0  11   9   4   0   0   1  0.51 0.27
  331 L    -3  -5  -6  -7  -4  -5  -6  -6  -6   0   6  -5   1  -1  -6  -5  -4  -1  -4   0    2   0   0   0   0   0   0   0   0   4  86   0   2   2   0   0   0   1   0   3  1.46 0.46
  332 R     1   3   4  -2  -4  -1  -2  -2   6  -3  -2   1  -3  -4  -3  -1  -2  -4  -2  -2   17  17  23   1   0   1   1   1  20   1   3   8   0   0   0   3   1   0   0   2  0.58 0.25
  333 A     4  -1   1  -2  -3   1  -1   1  -2  -2  -2   0  -2  -3  -2   1   0  -4  -3  -2   45   2   7   1   0   6   3   8   0   2   2   6   0   1   0  11   3   0   0   1  0.41 0.21
  334 L     4  -1  -3  -1  -1  -1   0  -2  -1   0   1   1  -2  -3  -3   0  -1  -4  -3   0   45   2   0   4   1   2   5   1   1   4  14  10   0   0   0   3   2   0   0   5  0.33 0.20
  335 Y     5  -3  -3  -3  -3  -3  -3   0  -3  -1  -1  -3  -2   0  -3   0  -1  -3   1  -1   61   1   0   1   0   0   1   4   0   3   7   0   0   5   0   4   2   0   5   4  0.66 0.29
  336 P    -1   0   2   3   0   0   3  -2   0  -3  -3   0  -3  -4   2   1  -2  -5  -3  -2    2   4  12  19   3   2  23   2   2   1   2   4   0   0  10  10   0   0   0   3  0.40 0.19
  337 D    -1  -1   0   1  -3   1   0   1   3  -3  -2  -1  -1   1   1   1   1  -1   1  -2    4   2   3   8   0   7   6  11   9   0   3   3   2   8   7  12   8   1   5   1  0.14 0.10
  338 K    -1   0  -1   4  -4  -1   1   4  -2  -3  -2  -1  -2  -5  -3  -1  -2  -5  -4  -3    4   5   1  31   0   2   7  35   0   2   4   2   1   0   1   3   2   0   0   2  0.63 0.25
  339 I    -3  -5  -3  -6   0  -5  -5  -5  -2   1  -1  -5  -3   6  -5  -4  -3  -1   7  -1    2   0   1   0   2   0   0   0   0   8   3   0   0  37   0   0   1   0  39   5  1.40 0.42
  340 N     1  -4   1  -1  -4  -2  -3   5  -4  -4  -2  -3  -2  -5  -4   2  -2  -5  -4  -3   13   0   7   3   0   1   0  53   0   1   4   0   1   0   0  15   1   0   0   1  0.86 0.31
  341 F     5  -4  -1  -4  -3  -4  -4  -3  -4  -3  -2  -4  -1   5   2   0  -2  -3  -2   0   48   0   3   0   0   0   0   0   0   0   2   0   2  26   9   4   0   0   0   5  0.80 0.35
  342 N    -4  -3   1  -4  -3   4  -3  -5   5  -2   1  -3  -2   3  -5  -3  -3  -2   6  -3    0   0   6   0   1  23   0   0  15   2  13   0   0  10   0   0   0   0  27   1  0.86 0.35
  343 L    -6  -6  -7  -8  -5  -6  -6  -6  -6  -4   4  -6  -3  -1  -7  -6  -6  11  -1  -5    0   0   0   0   0   0   0   0   0   0  34   0   0   1   0   0   0  63   1   0  2.94 0.70
  344 V     6  -4  -4  -5   2  -4  -4  -2  -5  -4  -4  -4  -4  -5  -4   0  -2  -5  -5   0   82   0   0   0   4   0   0   1   0   0   0   0   0   0   0   5   1   0   0   5  1.43 0.50
  345 G    -3  -6  -4  -5  -6  -5  -6   7  -6  -7  -7  -5  -6  -7  -6  -3  -5  -6  -7  -7    0   0   0   0   0   0   0  99   0   0   0   0   0   0   0   1   0   0   0   0  2.46 0.63
  346 S     0  -2  -3  -2  -5   8   0  -5  -3  -6  -5  -2  -1  -6  -4   2   0  -5  -5  -5    7   0   0   1   0  68   3   0   0   0   0   1   1   0   0  13   5   0   0   0  1.53 0.55
  347 N     1  -4   6  -3  -5  -2  -4   5  -3  -6  -6  -2  -5  -6  -4   0  -3  -6  -5  -5    9   0  36   0   0   1   0  46   0   0   0   1   0   0   0   6   0   0   0   0  1.21 0.41
  348 Y     4  -2  -4  -5  -3  -2  -4  -4   0  -2  -1  -4  -3   1  -3  -2  -3  -3   6   2   43   2   0   0   0   1   0   0   1   1   5   0   0   4   0   0   0   0  27  16  0.81 0.36
  349 K     1   0  -1   0  -4   1  -2   0   4  -3  -3  -1  -1  -2   5   0   0  -4   0  -3   16   4   3   5   0   7   0   7  11   1   1   2   2   1  28   6   4   0   3   1  0.50 0.22
  350 N    -2   0   0  -3  -4   3  -1  -2  -1  -2   3   1   2   0  -4   0  -2  -4  -3  -2    1   6   4   0   0  14   2   3   1   0  40   9   7   3   0  10   0   0   0   0  0.36 0.23
  351 C     3  -4  -1  -4   3  -3  -3  -1  -3   4  -1  -3   0  -3  -4   1  -1  -5  -3   1   32   0   3   0   8   0   0   3   1  26   2   1   2   0   0  10   1   0   0  11  0.47 0.25
  352 L    -3   7   0  -2  -6   0  -1  -5   0  -5  -3   2  -3  -5  -2  -1   0  -5  -4  -4    1  62   5   1   0   4   2   0   2   0   2  11   0   0   2   3   5   0   0   1  1.17 0.40
  353 Q     2  -2   1   0  -2   0   3   1   0  -3  -4   0  -2  -4   1   1   1  -4  -3  -3   17   1   6   4   0   4  23   8   2   1   0   3   1   0   7  11   9   0   0   0  0.31 0.17
  354 W     0   0   0   0   0   0   0   0   0   0   0   0   0   0   0   0   0   2   0   0    8   5   4   5   2   4   6   7   2   5   9   6   2   4   5   7   6   3   3   6  0.02 0.01
  355 I     0   0   0   0   0   0   0   0   0   0   0   0   0   0   0   0   0   0   0   0    8   5   4   5   2   4   6   7   2   7   9   6   2   4   5   7   6   1   3   6  0.01 0.01
  356 G     0   0   1   0  -1   0   0   1   0  -1  -1   0   0  -1   0   0   0   0   0  -1    7   4   6   7   2   5   5  15   2   4   8   5   2   3   4   7   5   1   3   5  0.04 0.00
  357 K    -2  -2  -2  -3  -4  -3  -3  -4  -4   1   4   0   6  -1  -5  -3  -2  -4  -3   0    2   1   2   1   0   0   1   1   0   8  44   7  25   1   0   2   2   0   0   4  0.73 0.31
  358 S    -1  -2   1   0  -3  -3   0  -2  -4  -5  -4  -2  -4  -5   6   2   1  -6  -4  -4    4   2   6   4   0   0   6   2   0   0   1   2   0   0  45  18   8   0   0   0  1.02 0.35
  359 S     6  -4  -4  -3  -3  -3  -4  -3  -4  -2  -4  -3  -1  -5  -4   0   3  -5  -4   0   67   0   0   1   0   0   0   0   0   2   0   0   1   0   0   6  16   0   0   8  1.05 0.42
  360 G     3   0  -1   0  -1   1   1   2  -2  -3  -3   1  -3  -3  -2   0   0  -4  -3  -2   33   3   1   5   1   7  12  15   0   0   1   8   0   0   1   5   5   0   0   2  0.32 0.19
  361 D    -1  -1  -1   3  -6   3   6  -4  -2  -5  -4   1  -4  -6  -4  -2  -2  -5  -4  -3    4   2   1  14   0  11  55   0   1   0   1   6   0   0   0   0   2   0   0   2  1.00 0.38
  362 L    -4  -4  -5  -6  -4  -2  -5  -6  -5   3   5  -2   1  -2  -5  -5  -3  -4  -3   2    0   0   0   0   0   2   0   0   0  17  63   2   3   0   0   0   1   0   0  12  1.01 0.35
  363 I    -3  -4  -5  -5  -3  -4  -5  -5  -5   3   2  -4   6   1  -5  -4   1  -4  -3   4    0   0   0   0   0   0   0   0   0  20  13   0  24   7   0   0   9   0   0  27  0.83 0.32
  364 E     2   2   1   0  -3   2   2  -1   0  -3  -2   2  -2  -4  -3   0  -1  -4  -3  -2   21  12   9   4   0   9  13   3   2   0   5  11   0   0   0   7   2   0   0   1  0.27 0.16
  365 I     0   1   0   0  -1   2   1  -2  -2  -1   0   1   0  -3  -3   0   2  -1  -3   0    8   9   5   3   1  11   7   1   0   4   8   8   2   0   0   5  19   1   0   6  0.16 0.12
  366 V    -4  -5  -6  -7  -4  -5  -6  -7  -6   1   6  -5   1  -1  -6  -5  -4  -2  -2   0    0   0   0   0   0   0   0   0   0   6  86   0   2   2   0   0   0   1   1   3  1.47 0.46
  367 G     2  -1  -3  -3  -1  -2  -1   0  -3   2  -1  -1   0  -2  -3  -1   1   1  -3   3   20   2   0   1   1   1   3   6   0  13   2   3   1   1   0   4  11   2   0  29  0.26 0.18
  368 K     1   1   0   1  -3   2   2  -2  -1  -3  -1   2  -2  -4  -3   0   0  -4  -3  -2   15   9   4   6   0  10  17   1   1   0   6  18   0   0   0   5   5   0   0   1  0.29 0.16
  369 N    -3  -2  -1   1  -6   0   6   1  -3  -6  -6   0  -5  -6  -4  -2  -3  -6  -5  -3    1   2   3   6   0   2  68  11   0   0   0   4   0   0   0   2   0   0   0   2  1.23 0.44
  370 V     0  -4  -5  -5   1  -3  -4  -4  -4   1   4  -4   5  -1  -4  -3   0   4  -1   0    9   0   0   0   3   1   0   1   0   7  40   0  18   2   0   0   6   7   2   5  0.65 0.28
  371 I     1   1   1   0  -3   2   1   0   0  -1  -1   1  -1  -1  -2   0   0  -2  -2  -1   12   8   9   3   0  12   8   6   3   4   5  11   1   2   1   6   6   0   0   2  0.13 0.08

                      K         Lambda
PSI Ungapped         0.1783     0.3177
PSI Gapped           0.0546     0.2670
