
Last position-specific scoring matrix computed, weighted observed percentages rounded down, information per position, and relative weight of gapless real matches to pseudocounts
            A   R   N   D   C   Q   E   G   H   I   L   K   M   F   P   S   T   W   Y   V   A   R   N   D   C   Q   E   G   H   I   L   K   M   F   P   S   T   W   Y   V
    1 M    -1  -1   1  -2  -2   2  -1   0  -1   0   1  -1   5   0  -3  -1  -1  -2   1  -1    0   0   9   0   0  13   0  10   0   0   9   0  50   0   0   0   0   0   9   0  0.25 0.07
    2 R     0   2   1  -1  -2   0  -1  -2  -1   0  -1   2   1  -2  -2   2   1  -3  -2  -1    0  16   8   0   0   0   0   0   0  12   0  16  10   0   0  29   8   0   0   0  0.17 0.04
    3 T    -1   3   4   1  -3   2   0  -2   0  -3  -3   0  -2  -3  -2   0   2  -3  -2  -2    0  22  34   8   0  12   0   0   0   0   0   0   0   0   0   0  24   0   0   0  0.40 0.06
    4 R     1   4   0  -1  -2   1   1  -2  -1  -3  -3   1  -2  -3  -2   2   0  -3  -2  -2    9  40   0   0   0   8  10   0   0   0   0   0   0   0   0  33   0   0   0   0  0.41 0.06
    5 V    -2  -3  -4  -4  -2  -3  -3  -4  -2   1   2  -3   1   5  -3  -3  -2  -1   1   2    0   0   0   0   0   0   0   0   0   0  32   0   0  44   0   0   0   0   0  24  0.46 0.06
    6 A     1  -1  -1  -2  -1   1  -1  -2  -2   0   2  -1   2  -1  -2   0   3  -2  -2   0   16   0   0   0   0  13   0   0   0   0  29   0  10   0   0   0  32   0   0   0  0.19 0.05
    7 E    -1   2   0   0  -3   2   2   0  -1  -3  -3   3  -2  -3   2   0  -1  -3  -2  -3    0   8   0   0   0  15  16   8   0   0   0  35   0   0   9   8   0   0   0   0  0.39 0.04
    8 L    -1  -1  -2  -3   4  -1  -2  -3  -2   0   3   0   2  -1  -2   0   1  -2  -2   0    0   0   0   0  13   0   0   0   0   0  49  10   8   0   0   8  12   0   0   0  0.23 0.05
    9 L    -2  -3  -4  -4  -2  -3  -3  -4  -3   1   4  -3   1   3  -4  -3  -2  -1   0   0    0   0   0   0   0   0   0   0   0   0  78   0   0  22   0   0   0   0   0   0  0.56 0.07
   10 G    -1  -1   4   0  -3   0   1   3  -1  -4  -4  -1  -3  -3  -2   2  -1  -3  -3  -3    0   0  37   0   0   0  12  33   0   0   0   0   0   0   0  18   0   0   0   0  0.51 0.06
   11 A     1  -3  -3  -3  -1  -2  -3  -3  -3   3   2  -2   1  -1  -3  -2  -1  -3  -2   2   16   0   0   0   0   0   0   0   0  41  23   0   0   0   0   0   0   0   0  20  0.30 0.04
   12 E    -1   3   0   1  -3   3   3  -2  -1  -3  -3   2  -2  -3  -2   0   1  -3  -2  -2    0  25   0   9   0  16  32   0   0   0   0   8   0   0   0   0  10   0   0   0  0.45 0.05
   13 F    -2  -1  -2  -3  -3   1  -1  -3   0  -1   0   1  -1   3  -3  -2  -2   1   6  -2    0   0   0   0   0   8   0   0   0   0   8  19   0  16   0   0   0   0  49   0  0.51 0.07
   14 P    -2  -3  -3  -2  -4  -2  -2  -3  -3  -4  -4  -2  -3  -4   8  -2  -2  -4  -4  -3    0   0   0   0   0   0   0   0   0   0   0   0   0   0 100   0   0   0   0   0  2.32 0.14
   15 I    -2  -4  -4  -4  -2  -3  -4  -4  -4   6   1  -3   1  -1  -3  -3  -1  -3  -2   2    0   0   0   0   0   0   0   0   0 100   0   0   0   0   0   0   0   0   0   0  0.73 0.11
   16 C    -2  -4  -4  -4   4  -3  -4  -4  -4   5   1  -3   0  -1  -3  -3  -1  -3  -2   2    0   0   0   0  16   0   0   0   0  84   0   0   0   0   0   0   0   0   0   0  0.62 0.10
   17 A     1   0  -1  -1  -3   6   1  -2   0  -3  -3   1  -1  -4  -2   0  -1  -3  -2  -2   16   0   0   0   0  84   0   0   0   0   0   0   0   0   0   0   0   0   0   0  0.81 0.12
   18 F     4  -2  -2  -2  -1  -1  -2  -1  -2  -2  -2  -1  -1   2  -2   1  -1  -2  -1  -1   75   0   0   0   0   0   0   0   0   0   0   0   0  16   0   8   0   0   0   0  0.42 0.08
   19 S    -1  -2  -1  -2  -3  -2  -2   2  -2  -3  -4  -1  -3  -4   6   1  -1  -4  -3  -3    0   0   0   0   0   0   0  23   0   0   0   0   0   0  60  16   0   0   0   0  1.22 0.08
   20 H     0  -1   0  -1  -2  -1  -1  -2   4  -2  -2  -1  -2  -3  -2   3   4  -3  -1  -1    0   0   0   0   0   0   0   0  16   0   0   0   0   0   0  37  46   0   0   0  0.46 0.08
   21 C    -1  -1  -1  -2   4  -1  -1  -2  -2  -1  -2   1  -1  -3  -2   1   5  -3  -2  -1    0   0   0   0  16   0   0   0   0   0   0  10   0   0   0   0  74   0   0   0  0.57 0.09
   22 R     0   2  -2  -2  -3  -1  -2  -3  -2   1   0  -1  -1  -2   6  -1  -1  -3  -3  -1    8  16   0   0   0   0   0   0   0  13  12   0   0   0  51   0   0   0   0   0  0.82 0.07
   23 D     1   2   0   2  -3   1   4  -2  -1  -3  -3   1  -2  -3  -2   0  -1  -3  -2  -2   17  18   0  16   0   0  41   0   0   0   0   8   0   0   0   0   0   0   0   0  0.43 0.05
   24 V    -2  -3  -4  -4  -2  -2  -3  -4  -3   1   4  -3   3   0  -3  -3  -1  -2  -1   2    0   0   0   0   0   0   0   0   0   0  71   0  13   0   0   0   0   0   0  16  0.49 0.07
   25 V     4  -2  -2  -3  -1  -2  -2  -1  -3   1  -1  -2  -1  -2  -2   0   0  -3  -2   3   60   0   0   0   0   0   0   0   0   0   0   0   0   0   0   0   0   0   0  40  0.37 0.07
   26 A     5  -2  -2  -2  -1  -1  -1   0  -2  -2  -2  -1  -1  -3  -1   2   0  -3  -2  -1   90   0   0   0   0   0   0   0   0   0   0   0   0   0   0  10   0   0   0   0  0.59 0.09
   27 A     3  -1  -1  -2  -1  -1  -1  -1  -2  -2  -2   1  -1  -3  -1   1   3  -3  -2  -1   51   0   0   0   0   0   0   0   0   0   0  13   0   0   0   8  28   0   0   0  0.34 0.06
   28 V     1  -3  -3  -4  -1  -3  -3  -3  -3   2   0  -3   0  -1  -3  -2   0  -3  -2   5   13   0   0   0   0   0   0   0   0   0   0   0   0   0   0   0   0   0   0  87  0.49 0.09
   29 S     0  -2   0  -1   5  -1  -1  -1  -2  -2  -3  -1  -2  -3  -2   4   2  -3  -2  -2    0   0   0   0  22   0   0   0   0   0   0   0   0   0   0  66  12   0   0   0  0.56 0.09
   30 N    -2   1   6   0  -3  -1  -1  -1   0   0  -3   0  -2  -3  -3   0  -1  -4  -2  -2    0  12  75   0   0   0   0   0   0  13   0   0   0   0   0   0   0   0   0   0  0.66 0.09
   31 A     4  -1  -1  -2  -1   1  -1  -1  -2  -1   0   0  -1  -2  -1   1   0  -3  -2  -1   62   0   0   0   0  10   0   0   0   0  12   8   0   0   0   8   0   0   0   0  0.29 0.06
   32 G     0  -3  -1  -2  -3  -2  -3   6  -3  -4  -4  -2  -3  -4  -3  -1  -2  -3  -4  -4    0   0   0   0   0   0   0 100   0   0   0   0   0   0   0   0   0   0   0   0  1.32 0.10
   33 G     2  -3  -1  -2  -2  -2  -2   5  -2  -4  -4  -2  -3  -3  -2   0  -2  -3  -3  -3   23   0   0   0   0   0   0  77   0   0   0   0   0   0   0   0   0   0   0   0  0.92 0.08
   34 F    -2  -3  -4  -4  -2  -3  -3  -4  -3   3   3  -3   1   3  -3  -3  -2  -2   0   1    0   0   0   0   0   0   0   0   0  25  59   0   0  16   0   0   0   0   0   0  0.45 0.06
   35 G     1  -3  -1  -2  -3  -2  -2   6  -3  -4  -4  -2  -3  -4  -2  -1  -2  -3  -3  -3   13   0   0   0   0   0   0  87   0   0   0   0   0   0   0   0   0   0   0   0  1.07 0.09
   36 I     0  -2   0  -1   3  -1  -1  -1  -2   1  -1  -1  -1  -2  -2   4   2  -3  -2  -1    0   0   0   0   8   0   0   0   0  16   0   0   0   0   0  60  16   0   0   0  0.35 0.07
   37 L    -2  -3  -4  -4  -2  -3  -4  -4  -3   4   3  -3   1   0  -3  -3  -1  -3  -2   2    0   0   0   0   0   0   0   0   0  52  48   0   0   0   0   0   0   0   0   0  0.51 0.07
   38 G     1  -3  -1  -2  -2  -2  -2   5  -2  -3  -3  -2  -3  -4   4   0  -2  -3  -3  -3   18   0   0   0   0   0   0  56   0   0   0   0   0   0  25   0   0   0   0   0  0.83 0.07
   39 A     2  -2  -2  -2  -1  -1  -2  -1  -2   2   1  -2   2  -1  -2   1   0  -3  -2   1   40   0   0   0   0   0   0   0   0  16  13   0  12   0   0  10   0   0   0   9  0.19 0.04
   40 V     0  -2  -1  -2  -2  -2  -2   5  -2  -1  -2  -2  -2  -3  -2   1   0  -3  -3   0    0   0   0   0   0   0   0  63   0   0   0   0   0   0   0  13   8   0   0  16  0.58 0.06
   41 A     2  -2  -1  -2  -2  -1  -1   1   3  -2  -2  -1  -2   0  -2   1  -1   0   5  -2   33   0   0   0   0   0   0   8  13   0   0   0   0   0   0  12   0   0  33   0  0.35 0.06
   42 H    -1  -2  -2  -3  -2  -1  -2  -3   3   0   2  -2   2   3  -3   0  -1  -1   1  -1    0   0   0   0   0   0   0   0  16   0  35   0   9  23   0  16   0   0   0   0  0.24 0.05
   43 S     1  -1   3   2  -2  -1   0  -1  -1  -3  -3  -1  -2  -3  -2   3   2  -3  -2  -2    8   0  25  13   0   0   0   0   0   0   0   0   0   0   0  36  18   0   0   0  0.39 0.05
   44 P     1  -2  -2  -2   4  -2  -2  -2  -2   1  -1  -2  -1  -2   4   1   1  -3  -2   1   17   0   0   0  12   0   0   0   0  13   0   0   0   0  26   8  15   0   0   8  0.40 0.04
   45 K    -2   0   0   4  -4   2   3  -2  -1  -3  -3   2  -2  -4  -2  -1  -1  -4  -3  -3    0   0   0  39   0   8  29   0   0   0   0  24   0   0   0   0   0   0   0   0  0.60 0.06
   46 R     0   3  -1  -1  -3   2   0   0  -1  -2  -1   3  -1  -3  -2  -1  -1  -3  -2  -2   12  24   0   0   0  16   0   9   0   0  10  29   0   0   0   0   0   0   0   0  0.28 0.04
   47 L     1  -2  -3  -3  -2  -2  -3   0  -3   2   3  -2   1   0  -3  -2  -1  -2  -2   1   17   0   0   0   0   0   0   8   0  12  63   0   0   0   0   0   0   0   0   0  0.29 0.05
   48 E    -1   3  -1   0  -4   1   5  -3  -1  -4  -3   2  -2  -4  -2  -1  -1  -3  -2  -3    0  25   0   0   0   0  62   0   0   0   0  13   0   0   0   0   0   0   0   0  0.67 0.08
   49 S     1   0   0   1  -2   3   0  -1  -1  -1   0   1  -1  -2  -1   1   1  -3  -2  -1   16   0   0   8   0  26   0   0   0   0  13   9   0   0   0  16  12   0   0   0  0.19 0.04
   50 E    -1  -1  -1   0  -3   3   3  -3  -1  -1   0   0   3  -2  -2  -1  -1  -3  -2   0    0   0   0   0   0  22  40   0   0   0   8   0  21   0   0   0   0   0   0   9  0.34 0.06
   51 L    -2  -3  -4  -4  -2  -3  -3  -4  -3   4   3  -3   1   0  -3  -3  -1  -3  -2   2    0   0   0   0   0   0   0   0   0  50  37   0   0   0   0   0   0   0   0  13  0.46 0.06
   52 T    -1   3   0   1  -2   1   2  -2  -1  -2  -2   2  -2  -3  -2   1   2  -3  -2  -2    0  25   0   8   0   8  12   0   0   0   0  10   0   0   0  13  24   0   0   0  0.32 0.04
   53 W    -2  -1   1   0  -3   2   3  -2   0  -3  -3   1  -2  -1  -2  -1  -1   6   3  -3    0   0  12   0   0  13  35   0   0   0   0   8   0   0   0   0   0  16  16   0  0.52 0.06
   54 I    -1  -3  -3  -3  -2  -3  -3  -3  -3   3   1  -3   0   3  -3  -1   1  -1   0   2    0   0   0   0   0   0   0   0   0  26   8   0   0  25   0   0  17   0   0  24  0.28 0.04
   55 E     0   4  -1   2  -3   2   2  -2  -1  -3  -2   1  -2   1  -2  -1  -1  -2  -1  -2    8  38   0  12   0  16  16   0   0   0   0   0   0  10   0   0   0   0   0   0  0.36 0.05
   56 E     1  -1   0   2  -3   2   4   2  -1  -3  -3   0  -2  -3  -2   0  -1  -3  -3  -2   17   0   0  13   0   8  46  16   0   0   0   0   0   0   0   0   0   0   0   0  0.44 0.05
   57 H    -2  -2  -2  -3  -2   1  -2  -4   3   0   4  -2   1   0  -3  -2  -2  -2  -1   0    0   0   0   0   0  13   0   0  16   0  71   0   0   0   0   0   0   0   0   0  0.38 0.07
   58 T    -1  -2  -1  -2  -1  -1  -2  -2  -3   0  -1  -2  -1  -2  -2   0   5  -3  -2   2    0   0   0   0   0   0   0   0   0   0   0   0   0   0   0   0  75   0   0  25  0.53 0.09
   59 G     1  -2   0   4  -3  -1   0   3  -2  -3  -3  -1  -3  -3  -2   1  -1  -4  -3  -3   13   0   0  43   0   0   0  28   0   0   0   0   0   0   0  15   0   0   0   0  0.52 0.06
   60 G     0  -1   0   3  -1   0   0   2  -1  -1  -1   0  -1  -1   0   0   0  -1  -1  -1    5   3   3  28   1   2   4  21   1   3   5   3   1   2   3   4   3   1   2   4  0.16 0.01
   61 K     0   3   1  -1  -3   1   0   1  -1  -2  -1   3  -1  -3  -2   0  -1  -3  -2  -2   10  21   8   0   0   8   0  13   0   0   8  33   0   0   0   0   0   0   0   0  0.27 0.04
   62 P    -1  -2   1  -1  -3  -2  -2  -2  -2   0  -2  -1  -2  -3   7   0  -1  -4  -3  -2    0   0  13   0   0   0   0   0   0  12   0   0   0   0  67   8   0   0   0   0  1.26 0.09
   63 Y    -2  -3  -3  -4  -2  -3  -3  -4  -1   0   1  -3   0   5  -4  -3  -2   0   4   1    0   0   0   0   0   0   0   0   0   0  13   0   0  51   0   0   0   0  24  12  0.62 0.07
   64 G     0  -1   5   0  -3   1  -1   3  -1  -4  -4  -1  -2  -3  -2   0  -1  -3  -3  -3    8   0  50   0   0  10   0  32   0   0   0   0   0   0   0   0   0   0   0   0  0.58 0.07
   65 V    -1  -3  -4  -4  -1  -3  -3  -4  -3   3   2  -3   1  -1  -3  -2  -1  -3  -2   4    0   0   0   0   0   0   0   0   0  19  25   0   0   0   0   0   0   0   0  56  0.43 0.06
   66 D    -2  -1   6   3  -3  -1   0  -1   0  -4  -4  -1  -3  -4  -3   0  -1  -4  -3  -4    0   0  84  16   0   0   0   0   0   0   0   0   0   0   0   0   0   0   0   0  0.97 0.11
   67 V    -1  -3  -3  -4  -2  -3  -3  -4  -3   2   2  -3   1   3  -3  -2  -1  -1   0   3    0   0   0   0   0   0   0   0   0   0  32   0   0  25   0   0   0   0   0  43  0.38 0.06
   68 L    -3  -3  -4  -4  -3  -4  -4  -4  -2   0   1  -4   0   7  -4  -3  -3   0   2  -1    0   0   0   0   0   0   0   0   0   0  16   0   0  84   0   0   0   0   0   0  0.93 0.10
   69 L     1  -3  -3  -4   7  -3  -3  -3  -3   1   1  -3   0  -2  -3  -1  -1  -3  -2   2   12   0   0   0  38   0   0   0   0   0  16   0   0   0   0   0   0   0   0  33  0.51 0.07
   70 P    -2  -2  -1  -2  -4  -1  -1  -3   7  -4  -4  -1  -3  -3   6  -1  -2  -4   0  -3    0   0   0   0   0   0   0   0  50   0   0   0   0   0  50   0   0   0   0   0  1.32 0.11
   71 P     0   0   0   0  -1   0   0   0   0  -1  -1   0   0  -1   3   0   0   0   0   0    7   4   4   4   2   4   5   6   2   4   8   5   2   3  21   6   5   1   3   5  0.17 0.00
   72 K     0   1   0   0  -1   0   0   0   0  -1   0   2   0  -1   0   0   0   0   0   0    7   4   4   4   2   4   5   6   2   4   8  21   2   3   4   6   5   1   3   5  0.04 0.00
   73 Y     0   0   0   0  -1   0   0   0   0   0   0   0   0   1   0   0   0   0   3   0    7   4   4   4   2   4   5   6   2   4   8   5   2   3   4   6   5   1  19   5  0.04 0.00
   74 I     0   0   0   0   0   0   0   0   0   1   0   0   0   0   0   0   0   0   0   0    7   4   4   4   2   4   5   6   2  21   8   5   2   3   4   6   5   1   3   5  0.00 0.00
   75 G     0   0   0   0  -1   0   0   2   0  -1  -1   0   0  -1   0   0   0   0   0  -1    7   4   4   4   2   4   5  22   2   4   8   5   2   3   4   6   5   1   3   5  0.06 0.00
   76 A     1   0   0   0   0   0   0   0   0   0   0   0   0  -1   0   0   0   0   0   0   23   4   4   4   2   4   5   6   2   4   8   5   2   3   4   6   5   1   3   5  0.04 0.00
   77 E     0   2   0   0  -1   0   2  -1  -1  -1  -1   0  -1  -2  -1   2   0  -2  -1   0    3  19   2   2   1   2  18   3   1   2   3   2   1   1   2  26   2   0   1  11  0.14 0.02
   78 Q    -1   0   0   1  -2   3   0  -1   2  -2  -2   0  -1  -2   4   0  -1  -2  -1  -2    3   2   2  10   1  26   2   3   8   2   3   2   1   1  27   3   2   0   1   2  0.40 0.03
   79 G     1   0  -1   1  -2   2   0   2  -1  -2  -1   2  -1  -3  -2   0  -1  -3  -2  -2   17   0   0  13   0  15   0  24   0   0  10  20   0   0   0   0   0   0   0   0  0.22 0.04
   80 G     0   1  -1  -1  -2   2   1   2  -1   0  -1   0  -1  -2  -2   1  -1  -3  -2  -1    0   8   0   0   0  17  12  26   0  13   8   0   0   0   0  15   0   0   0   0  0.18 0.03
   81 I     1  -2  -3  -3  -2  -2  -2  -2  -1   1   1  -2   0   0   2  -1  -1  -1   3   1   25   0   0   0   0   0   0   0   0  16  10   0   0   0  12   0   0   0  23  13  0.23 0.04
   82 D    -2   1   0   5  -3   0   2  -2  -1  -1  -2   0  -2  -3  -2   0   1  -4  -3  -2    0  12   0  54   0   0  10   0   0   8   0   0   0   0   0   0  15   0   0   0  0.50 0.06
   83 A     2  -1   1  -1  -2  -1  -1  -1  -1  -2  -2   1   1  -3   3   2   0  -3  -2  -1   33   0   8   0   0   0   0   0   0   0   0  13  10   0  16  20   0   0   0   0  0.30 0.04
   84 Q     2  -1  -1  -1  -2   2   2   1  -1  -3  -3   0  -2  -3   4   1  -1  -3  -2  -2   25   0   0   0   0  16  16  12   0   0   0   0   0   0  23   8   0   0   0   0  0.44 0.04
   85 Q    -1   3  -1  -1  -3   3   0  -2  -1  -2  -2   2  -1  -3   2   0   1  -3  -2  -1    0  29   0   0   0  32   0   0   0   0   0   8   0   0  10   0  13   0   0   9  0.39 0.06
   86 A     2  -1  -1   2  -2   0   2  -2  -2   0  -1   1  -1  -2  -2   0  -1  -3  -2   1   28   0   0  13   0   0  25   0   0   8   0  10   0   0   0   0   0   0   0  16  0.18 0.04
   87 R     0   3   0   3  -3   2   2  -2  -1  -2   0   0  -1  -3  -2  -1  -1  -3  -2  -2    8  24   0  22   0   9  23   0   0   0  13   0   0   0   0   0   0   0   0   0  0.31 0.04
   88 E     0   0   1   0  -3   4   2  -2   4  -2  -2   0  -1  -3  -2   0  -1  -3  -1   0    8   0   8   0   0  40  16   0  16   0   0   0   0   0   0   0   0   0   0  12  0.36 0.06
   89 L    -2  -2   1  -2  -2  -2  -2  -3  -2   1   1  -2   3   0  -3  -1   1   7   0   0    0   0  12   0   0   0   0   0   0  10  16   0  23   0   0   0  13  25   0   0  0.49 0.07
   90 I     0  -1   2  -1  -2   0   1  -2  -1   1   1   0   0  -1  -2  -1  -1  -3  -2   0   13   0  23   0   0   0  12   0   0  16  25  10   0   0   0   0   0   0   0   0  0.11 0.03
   91 P     2  -1   2   1  -2   0   1  -1  -1  -3  -3   1  -2  -3   3   1   0  -3  -2  -2   32   0  13   8   0   0  12   0   0   0   0  10   0   0  16   9   0   0   0   0  0.34 0.04
   92 E     0   0   0   0  -1   1   2   0   0  -1  -1   0   0  -1   0   0   0   0   0   0    7   4   4   4   2   4  22   6   2   4   8   5   2   3   4   6   5   1   3   5  0.06 0.00
   93 G     0   0   0   0  -1   0   0   2   0  -1  -1   0   0  -1   0   0   0   0   0  -1    7   4   4   4   2   4   5  22   2   4   8   5   2   3   4   6   5   1   3   5  0.06 0.00
   94 H     0   0   0   0  -1   0   0   0   3  -1  -1   0   0   0   0   0   0   0   0  -1    7   4   4   4   2   4   5   6  18   4   8   5   2   3   4   6   5   1   3   5  0.05 0.00
   95 R     0   2   0   0  -1   0   0   0   0  -1   0   1   0  -1   0   0   0   0   0   0    7  21   4   4   2   4   5   6   2   4   8   5   2   3   4   6   5   1   3   5  0.05 0.00
   96 T     0   0   0   0   0   0   0   0   0   0   0   0   0  -1   0   0   2   0   0   0    7   4   4   4   2   4   5   6   2   4   8   5   2   3   4   6  21   1   3   5  0.04 0.00
   97 F    -3  -3  -4  -5  -3  -3  -4  -3  -2  -2  -2  -4  -2   4  -4  -3  -3  10   3  -3    0   0   0   0   0   0   0   0   0   0   0   0   0  25   0   0   0  67   8   0  1.98 0.13
   98 V     0  -2  -3  -3  -2  -2  -2  -3  -3   1   3   0   1  -1  -3  -2  -1  -2  -2   2   13   0   0   0   0   0   0   0   0   0  61  10   0   0   0   0   0   0   0  16  0.27 0.05
   99 D     1   1   0   2  -3   1   2  -2  -1  -3  -3   4  -2  -3  -1   0  -1  -4  -2  -2   17   0   0  16   0   0  10   0   0   0   0  57   0   0   0   0   0   0   0   0  0.43 0.06
  100 D    -1  -1   1   2  -3  -1  -1  -2  -2  -2   0   1  -2  -3   6  -1  -1  -4  -3  -2    0   0  10  16   0   0   0   0   0   0  13  12   0   0  48   0   0   0   0   0  0.82 0.06
  101 L    -2  -2  -3  -4  -2  -2  -3  -4   3   1   2  -2   0   2  -3  -2  -2   0   6   0    0   0   0   0   0   0   0   0   9  10  33   0   0   0   0   0   0   0  49   0  0.53 0.07
  102 L    -2   3  -1   1  -3  -1  -1  -3  -1  -1   1   0  -1   3   2  -2  -2  -2   0  -2    0  36   0  12   0   0   0   0   0   0  16   0   0  25  10   0   0   0   0   0  0.28 0.05
  103 V     1   2  -1  -1  -2   0   1  -2  -1  -1   0   3  -1  -2  -2  -1  -1  -3  -2   1   16  16   0   0   0   0   9   0   0   0  10  33   0   0   0   0   0   0   0  16  0.18 0.04
  104 R     2   2  -1  -1  -2   0   2  -1  -1   0  -2   1  -1  -2  -2   1   0  -3  -2  -1   33  16   0   0   0   0  16   0   0  12   0   9   0   0   0  13   0   0   0   0  0.19 0.04
  105 Y    -2  -2   1  -3  -3  -2  -3  -3   0   0   1  -2   2   4  -3  -2  -2   0   5  -1    0   0  10   0   0   0   0   0   0   0  15   0  13  24   0   0   0   0  37   0  0.47 0.06
  106 G    -1  -1   3   0  -3   1   1   4   2  -4  -4  -1  -2  -3  -2   0  -1  -3  -2  -3    0   0  28   0   0  10   8  45   8   0   0   0   0   0   0   0   0   0   0   0  0.55 0.06
  107 I     1  -3  -3  -3  -1  -2  -2  -2  -3   3   2  -2   1  -1  -2   0   0  -3  -2   2   17   0   0   0   0   0   0   0   0  36  15   0   0   0   0   8   0   0   0  23  0.24 0.04
  108 P    -1  -1   1   0  -3   0   4  -2  -1  -3  -3   0  -3  -4   5   0   0  -4  -3  -3    0   0  10   0   0   0  44   0   0   0   0   0   0   0  37   0   9   0   0   0  0.81 0.07
  109 A     1  -1  -2  -1  -2   1   2  -2  -1   0  -1  -1  -1   1   3   0  -1  -2  -1  -1   25   0   0   0   0  10  23   0   0  13   0   0   0  12  17   0   0   0   0   0  0.25 0.04
  110 V    -1  -3  -1   3  -3  -2  -1  -3  -2  -1  -2  -2  -2   1   6  -1  -1  -3  -2   0    0   0   0  25   0   0   0   0   0   0   0   0   0  10  48   0   0   0   0  16  0.84 0.07
  111 T     1  -1  -2  -2  -1  -1  -1  -2  -2   1   0   1   2  -2  -2   0   2  -3  -2   2   17   0   0   0   0   0   0   0   0   0   0  12  13   0   0   0  26   0   0  32  0.18 0.05
  112 D     0   1   2   2  -2   0   0  -2  -1   0  -1   2  -1  -2  -2   1   0  -3  -2   1    8   8  13  16   0   0   0   0   0   8   0  21   0   0   0  10   0   0   0  15  0.14 0.03
  113 R    -1   2   2   0  -3   0   2  -2  -1  -1   1   1   0  -2  -2  -1  -1  -3  -2   0    0  16  16   0   0   0  25   0   0   0  25   8   0   0   0   0   0   0   0  10  0.17 0.04
  114 Q    -1   1  -1  -2  -2   3   0  -3  -1   2   1   1   2  -1  -2   0  -1  -3  -2   0    0   8   0   0   0  26   0   0   0  28  12   8   8   0   0   9   0   0   0   0  0.16 0.04
  115 R    -1   2   1   1  -3   1   2  -2  -1  -3  -3   2  -2  -3  -2   1   1  -3  -2  -2    0  16   8   9   0   0  18   0   0   0   0  25   0   0   0   8  16   0   0   0  0.33 0.04
  116 S     0  -1   0  -1  -1   0   0  -1  -1   0   1  -1   0   2   0   1   0   0   0   0    5   3   3   3   1   2   4   4   1   3  18   3   1  15   3  20   3   1   2   4  0.03 0.01
  117 S     0   0   0   2  -1   0   0   0   0  -1  -1   0  -1  -1   0   1   0  -1  -1  -1    6   4   3  17   1   3   4   5   2   4   6   4   2   3   4  21   4   1   2   5  0.08 0.00
  118 S     0   0   2   0  -1   0   0   0   0  -1  -1   0  -1  -1   0   1   0  -1  -1  -1    6   4  16   4   1   3   4   5   2   4   6   4   2   3   4  21   4   1   2   5  0.08 0.00
  119 A     1   0   0   0  -1   0   0   2  -1  -1  -1   0  -1  -1   0   0   0  -1  -1   0   22   4   3   4   1   3   4  18   2   4   6   4   2   3   4   5   4   1   2   5  0.07 0.00
  120 G     0   0   2   0  -1   0   0   2   0  -1  -1   0  -1  -1   0   0   0  -1  -1  -1    6   4  16   4   1   3   4  21   2   4   6   4   2   3   4   5   4   1   2   5  0.09 0.00
  121 G     0  -1   0   0  -1   0   0   2  -1   0   0   0   0  -1   0   0   0  -1  -1   1    6   4   3   4   1   3   4  21   2   4   6   4   2   3   4   5   4   1   2  18  0.04 0.00
  122 L    -1  -2  -2  -1  -2   0   3  -3  -2   2   2  -1   0  -1  -2   0  -1  -3  -2   0    0   0   0   0   0   0  33   0   0  25  28   0   0   0   0  13   0   0   0   0  0.20 0.05
  123 H    -2  -1  -2  -2  -3  -1   1  -3   4  -2  -2   0  -2   3  -3  -2  -2   5   5  -2    0   0   0   0   0   0  15   0  16   0   0   8   0  13   0   0   0  10  37   0  0.56 0.07
  124 I    -1   0  -1   1  -2   3   0  -2  -1   1   0   1   0  -2   2   0   1  -3  -2   0    0   0   0  10   0  23   0   0   0  16   8  13   0   0  12   0  17   0   0   0  0.20 0.04
  125 S     1  -1   0   1  -2   3   0  -1  -1  -3  -3   0  -2  -3  -1   3   0  -3  -2  -2   13   0   0  10   0  23   0   0   0   0   0   0   0   0   0  54   0   0   0   0  0.41 0.07
  126 P    -3  -3  -3  -4  -3  -3  -3  -4  -2  -1   0  -3  -1   7   3  -3  -3   0   2  -2    0   0   0   0   0   0   0   0   0   0   0   0   0  84  16   0   0   0   0   0  0.97 0.11
  127 K    -1   2  -1  -1  -3   0   1  -3  -1  -1   0   3  -1  -1  -2  -1  -1  -2   1   0    0  12   0   0   0   0  13   0   0   0  17  40   0   0   0   0   0   0  10   8  0.22 0.04
  128 G     1   0   0   1   2   1   2   2  -1  -3  -3   1  -2  -3  -2   1   0  -3  -2  -2    9   0   0   8   8  10  16  16   0   0   0  13   0   0   0  20   0   0   0   0  0.25 0.03
  129 Y     1  -1   0   3  -3   0   1  -2   2   0  -2   1  -1  -1  -2  -1  -1  -2   3  -1   16   0   0  25   0   0  13   0   8  12   0  10   0   0   0   0   0   0  16   0  0.19 0.04
  130 Q    -1  -1   2  -1  -2   2   0  -1  -1  -1  -1   0  -1   1   3   0   0  -1  -1   0    3   2  14   2   1  18   2   2   1   2   3   2   1  10  19   2   2   0   1  14  0.19 0.02
  131 P     2  -1  -1   1  -1  -1   0  -1  -1  -1  -1  -1  -1  -2   3   0   1  -2  -1  -1   32   2   2  14   1   1   2   2   1   2   3   2   1   1  18   2  10   0   1   2  0.25 0.02
  132 L    -1  -1  -2  -2  -1  -1  -1  -2  -2   0   2  -1   3   0   2  -1  -1  -1  -1   0    3   2   2   2   1   1   2   2   1   2  40   2  18   1  14   2   2   0   1   2  0.20 0.02
  133 L    -2  -2  -2  -3  -2   2  -1  -4  -2   3   3  -1   1  -1  -3  -2  -1  -2  -2   1    0   0   0   0   0  25   0   0   0  33  41   0   0   0   0   0   0   0   0   0  0.30 0.06
  134 D     0  -1   0   5  -3   1   2  -2   3  -3  -3  -1  -3  -3   1  -1  -1  -4  -2  -3    9   0   0  55   0   8   8   0  12   0   0   0   0   0   8   0   0   0   0   0  0.60 0.06
  135 V    -1  -2  -2  -3  -2  -2  -2  -3  -2   1   2  -2   3   2   2  -1   1  -2  -1   2    0   0   0   0   0   0   0   0   0   0  18   0  16  13  12   0  15   0   0  25  0.23 0.04
  136 A     1  -2  -3  -3  -1  -2  -2  -2  -2   2   1  -2   0   3  -2  -1   1  -2   0   2   16   0   0   0   0   0   0   0   0  18  16   0   0  22   0   0  12   0   0  16  0.19 0.03
  137 F    -2  -2  -3  -3  -2   1  -2  -4  -2   2   2  -2   1   2  -3  -2  -1  -2   0   2    0   0   0   0   0  13   0   0   0  23  35   0   0  16   0   0   0   0   0  12  0.26 0.04
  138 A     1   0   2   0  -3   1   3   1  -1  -3  -3   2  -2  -3  -2   0  -1  -3  -2  -2   16   0  12   0   0   0  33  13   0   0   0  26   0   0   0   0   0   0   0   0  0.34 0.05
  139 H    -2   0  -1  -1  -3   0   2  -3   4  -2   0   1  -1   2  -2  -1  -2  -1   3  -2    0   0   0   0   0   0  25   0  16   0  12  16   0  13   0   0   0   0  18   0  0.27 0.05
  140 D    -1   4   0   2  -4   2   0   0  -1  -3  -3   3  -2  -3  -2  -1  -1  -3  -2  -3    0  29   0  16   0   8   0   8   0   0   0  39   0   0   0   0   0   0   0   0  0.46 0.06
  141 I    -1  -3  -3  -3  -2  -2  -2  -3  -3   2  -1  -2  -1  -2   6  -2  -1  -4  -2   2    0   0   0   0   0   0   0   0   0  16   0   0   0   0  50   0   0   0   0  33  0.90 0.08
  142 R     2   2  -1  -2  -3   0   0  -2  -1  -3  -3   3  -2  -3   4   0  -1  -3  -2  -2   25  16   0   0   0   0   0   0   0   0   0  35   0   0  23   0   0   0   0   0  0.50 0.06
  143 L     2  -3  -3  -3  -1  -2  -3  -2  -3   3   2  -2   1  -1  -2  -1  -1  -3  -2   2   26   0   0   0   0   0   0   0   0  34  16   0   0   0   0   0   0   0   0  24  0.26 0.04
  144 I    -1  -3  -3  -4   6  -3  -3  -4  -4   3   0  -3   0  -1  -3  -2  -1  -3  -2   3    0   0   0   0  26   0   0   0   0  29   0   0   0   0   0   0   0   0   0  45  0.52 0.07
  145 A     2  -2   0  -1   4  -1  -1  -1  -2  -2  -3  -1  -2  -3  -2   4   1  -3  -2  -2   16   0   0   0  15   0   0   0   0   0   0   0   0   0   0  68   0   0   0   0  0.51 0.08
  146 S    -2  -3  -3  -3  -3  -3  -3  -3  -2  -1   0  -3  -1   7  -4   1  -2   0   2  -2    0   0   0   0   0   0   0   0   0   0   0   0   0  84   0  16   0   0   0   0  0.84 0.10
  147 A     1  -1   0  -2  -2  -1  -1  -2   7  -2  -2  -1  -2  -2  -2   0   3  -3   0  -2   16   0   0   0   0   0   0   0  50   0   0   0   0   0   0   0  33   0   0   0  0.59 0.09
  148 L    -3  -3  -4  -4  -3  -4  -4  -4  -2   0   1  -4   0   7  -4  -3  -3   0   2  -1    0   0   0   0   0   0   0   0   0   0  16   0   0  84   0   0   0   0   0   0  0.93 0.10
  149 G     0  -3  -1   1  -3  -2  -2   6  -2  -4  -4  -2  -3  -4  -3  -1  -2  -3  -4  -4    0   0   0  10   0   0   0  90   0   0   0   0   0   0   0   0   0   0   0   0  1.12 0.09
  150 P     0  -2  -2  -3  -2  -2  -2  -3   3   2   2  -2   1  -1   3  -2  -1  -3  -1   0    8   0   0   0   0   0   0   0  13  23  39   0   0   0  16   0   0   0   0   0  0.29 0.05
  151 P    -2  -3  -3  -2  -4  -2  -2  -3  -3  -4  -4  -2  -3  -4   8  -2  -2  -4  -4  -3    0   0   0   0   0   0   0   0   0   0   0   0   0   0 100   0   0   0   0   0  2.32 0.14
  152 P     0  -2  -1  -1  -2  -1   1  -2   3  -3  -3  -1  -2  -3   5   3   0  -4  -2  -3    0   0   0   0   0   0   8   0  12   0   0   0   0   0  43  37   0   0   0   0  0.83 0.08
  153 P     0   1  -1   0  -3   3   3  -2  -1  -3  -3   2  -2  -3   3   0  -1  -3  -2  -2    9   8   0   0   0  16  30   0   0   0   0  21   0   0  16   0   0   0   0   0  0.48 0.05
  154 D     1  -1   0   4  -2   1   1  -1  -1  -3  -3  -1  -2  -3  -1   2   1  -4  -3  -2   12   0   0  43   0   8   8   0   0   0   0   0   0   0   0  21   8   0   0   0  0.45 0.05
  155 L     0  -2  -2  -2  -1   0  -1  -2  -2   2   1  -1   0  -1  -2   0   1  -3  -2   2   10   0   0   0   0   8   0   0   0  15  16   0   0   0   0   8  13   0   0  29  0.15 0.03
  156 V    -1  -3  -4  -4  -2  -3  -3  -4  -4   5   1  -3   1  -1  -3  -3  -1  -3  -2   3    0   0   0   0   0   0   0   0   0  65   0   0   0   0   0   0   0   0   0  35  0.55 0.08
  157 E     0   1   0   2  -3   1   4  -2  -1  -3  -3   1  -2  -3  -2   1  -1  -3  -2  -3    9   8   0   8   0   0  57   0   0   0   0  10   0   0   0   8   0   0   0   0  0.51 0.06
  158 R     1   3  -1  -1  -2   1   2  -2   0  -3  -2   1  -2  -1  -2   1  -1  -2   2  -2   16  24   0   0   0   8  19   0   0   0   0   8   0   0   0  12   0   0  13   0  0.27 0.04
  159 A     1  -2  -3  -4  -2  -2  -3  -3  -3   1   4  -3   1   0  -3  -2  -1  -2  -2   0   16   0   0   0   0   0   0   0   0   0  84   0   0   0   0   0   0   0   0   0  0.47 0.07
  160 H    -1   1   0  -1  -4   4   1  -2   4  -3  -3   4  -2  -3  -2  -1  -1  -3  -1  -3    0   0   0   0   0  33   0   0  16   0   0  50   0   0   0   0   0   0   0   0  0.59 0.08
  161 N     2   0   2   1  -2   0   1   1  -1  -2  -3   2  -2  -3  -1   0   1  -3  -2  -2   28   0  16   8   0   0   8   8   0   0   0  22   0   0   0   0  10   0   0   0  0.23 0.04
  162 H     3   0  -1  -2  -1  -1  -1  -1   3   1  -1  -1  -1  -2  -2   1   0  -3  -1   0   43   8   0   0   0   0   0   0  16  13   0   0   0   0   0  12   0   0   0   8  0.19 0.05
  163 D    -1  -1   1   3  -3  -1   0   4   2  -4  -4   0  -3  -3  -2  -1  -2  -3  -2  -3    0   0   8  28   0   0   0  48   8   0   0   8   0   0   0   0   0   0   0   0  0.58 0.06
  164 V    -1  -3  -4  -4   3  -3  -4  -4  -4   4   1  -3   1  -1  -3  -2  -1  -3  -2   3    0   0   0   0  10   0   0   0   0  66   0   0   0   0   0   0   0   0   0  24  0.51 0.07
  165 L    -1   2  -2  -2   3   0  -1  -3  -2   0   2   2   0  -2  -2  -1   0  -3  -2   0    0  17   0   0  10   0   0   0   0   0  29  28   0   0   0   0   8   0   0   8  0.18 0.04
  166 V    -1  -3  -4  -4  -1  -3  -3  -4  -3   3   3  -3   1   0  -3  -3  -1  -2  -1   3    0   0   0   0   0   0   0   0   0  25  50   0   0   0   0   0   0   0   0  24  0.43 0.05
  167 A     1  -3  -3  -3  -2  -3  -3  -3  -3   3   2  -3   1   3  -3  -2  -1  -1   0   1   16   0   0   0   0   0   0   0   0  33  25   0   0  25   0   0   0   0   0   0  0.28 0.05
  168 A     2  -2  -2  -2  -1  -2  -2   3  -3   0  -1  -2  -1  -2  -2   0  -1  -3  -2   2   33   0   0   0   0   0   0  33   0   0   0   0   0   0   0   0   0   0   0  33  0.33 0.05
  169 L    -1  -2  -1  -2   4  -2  -2  -2  -2  -1   1  -2  -1  -2  -2   1   4  -3  -2   0    0   0   0   0  16   0   0   0   0   0  16   0   0   0   0   9  59   0   0   0  0.43 0.07
  170 A     4  -2  -2  -2  -1  -2  -2  -1  -2   0  -1  -1  -1  -2  -2   0   0  -3  -2   2   79   0   0   0   0   0   0   0   0   0   0   0   0   0   0   0   0   0   0  21  0.46 0.08
  171 G     0  -2   0  -1  -2  -1  -1   2  -2  -2  -2  -1  -1  -3  -2   2   5  -3  -2  -1    0   0   0   0   0   0   0  16   0   0   0   0   0   0   0  10  74   0   0   0  0.55 0.09
  172 T     0  -1   4   0  -2  -1  -1  -1  -1  -2  -3  -1  -2  -3  -2   3   4  -3  -2  -2    0   0  29   0   0   0   0   0   0   0   0   0   0   0   0  29  42   0   0   0  0.48 0.07
  173 A     1  -3  -3  -3  -1  -2  -2  -3  -3   1   2  -2   1  -1   1  -1  -1  -3  -2   3   16   0   0   0   0   0   0   0   0   0  29   0   0   0   8   0   0   0   0  46  0.27 0.05
  174 Q     0   2   0   2  -3   4   3  -2   0  -3  -3   1  -2  -4  -2   0  -1  -3  -2  -3    8  13   0  15   0  37  26   0   0   0   0   0   0   0   0   0   0   0   0   0  0.50 0.06
  175 H    -2  -1  -1   1  -4   1   5  -3   4  -4  -3   0  -3  -3  -2  -1  -2  -3  -2  -3    0   0   0   0   0   0  84   0  16   0   0   0   0   0   0   0   0   0   0   0  0.87 0.10
  176 A     4  -2  -2  -3  -1  -2  -2  -1  -2  -1  -1  -2  -1   2  -2   0  -1  -2  -1   1   75   0   0   0   0   0   0   0   0   0   0   0   0  12   0   0   0   0   0  13  0.38 0.08
  177 R     1   3  -1  -2  -2   2  -1  -2  -1   1   0   0   0  -2  -2  -1  -1  -3  -2   0   17  29   0   0   0  21   0   0   0  23  10   0   0   0   0   0   0   0   0   0  0.20 0.05
  178 R     1   2  -2  -2  -2   3   0  -2  -1  -1   2   0   0  -2  -2  -1  -1  -2  -2  -1   23  16   0   0   0  29   0   0   0   0  31   0   0   0   0   0   0   0   0   0  0.22 0.05
  179 H     1  -1   3  -1  -2  -1  -1  -2   3   0   1  -1   2  -1  -2   0  -1  -3  -1   1   21   0  23   0   0   0   0   0  16   0  13   0  10   0   0   0   0   0   0  17  0.15 0.04
  180 A     2  -1  -1   0  -3   1   4  -2  -1  -3  -3   0  -2  -2  -2   0  -1  -2   2  -2   29   0   0   0   0   0  59   0   0   0   0   0   0   0   0   0   0   0  12   0  0.47 0.08
  181 A     2   2  -1  -1  -2   0   2  -1   3  -3  -3   1  -2  -3  -2   1  -1  -3  -1  -2   33  13   0   0   0   0  22   0  16   0   0   8   0   0   0   8   0   0   0   0  0.29 0.05
  182 A     4   1  -2  -2  -1  -1  -1  -1  -2  -1   0  -1  -1  -2  -1   1   0  -3  -2  -1   65  10   0   0   0   0   0   0   0   0  13   0   0   0   0  12   0   0   0   0  0.31 0.06
  183 G     0  -2  -1  -2  -3  -2  -2   6  -2  -4  -4   1  -3  -4  -3  -1  -2  -3  -3  -4    0   0   0   0   0   0   0  88   0   0   0  12   0   0   0   0   0   0   0   0  1.06 0.09
  184 V     0  -2  -3  -3  -1  -2  -3  -3  -3   2   2  -2   4  -1  -3  -2  -1  -2  -2   3    8   0   0   0   0   0   0   0   0  13  12   0  33   0   0   0   0   0   0  33  0.33 0.06
  185 D    -2  -2   3   6  -4  -1   1  -2   2  -4  -4  -1  -3  -4  -2  -1  -1  -5  -3  -4    0   0  13  79   0   0   0   0   8   0   0   0   0   0   0   0   0   0   0   0  0.97 0.09
  186 L     2  -2  -2  -2  -1  -2  -2   3  -2   1   1  -2   1  -1  -2   0  -1  -3  -2   0   33   0   0   0   0   0   0  25   0  18  16   0   8   0   0   0   0   0   0   0  0.21 0.04
  187 I    -1  -3  -4  -4  -1  -3  -3  -4  -4   4   1  -3   1  -1  -3  -2  -1  -3  -2   4    0   0   0   0   0   0   0   0   0  46   8   0   0   0   0   0   0   0   0  46  0.48 0.07
  188 V    -1  -3  -4  -4  -1  -3  -3  -4  -4   3   0  -3   0  -1  -3  -2  -1  -3  -2   5    0   0   0   0   0   0   0   0   0   8   0   0   0   0   0   0   0   0   0  92  0.60 0.09
  189 A     4  -2  -2  -3   4  -2  -2  -1  -2  -1   1  -2   0  -2  -2   0  -1  -3  -2   0   65   0   0   0  13   0   0   0   0   0  22   0   0   0   0   0   0   0   0   0  0.36 0.07
  190 Q    -2   0  -1  -1  -4   7   1  -3   0  -4  -3   1  -1  -4  -2  -1  -1  -3  -2  -3    0   0   0   0   0 100   0   0   0   0   0   0   0   0   0   0   0   0   0   0  1.10 0.14
  191 G     0  -3  -1  -2  -3  -2  -3   6  -3  -4  -4  -2  -3  -4  -3  -1  -2  -3  -4  -4    0   0   0   0   0   0   0 100   0   0   0   0   0   0   0   0   0   0   0   0  1.32 0.10
  192 T    -1  -2  -1  -2  -2  -1  -2  -2  -1   1  -1  -2  -1   0  -2   2   2   5   3   0    0   0   0   0   0   0   0   0   0  17   0   0   0   0   0  33  16  12  21   0  0.33 0.06
  193 E    -1  -1  -1   1  -4   1   6  -3  -1  -4  -4   0  -3  -4  -2  -1  -1  -4  -3  -3    0   0   0   0   0   0 100   0   0   0   0   0   0   0   0   0   0   0   0   0  1.05 0.12
  194 A     5  -2  -2  -2  -1  -1  -1   0  -2  -2  -2  -1  -1  -3  -1   1  -1  -3  -2  -1  100   0   0   0   0   0   0   0   0   0   0   0   0   0   0   0   0   0   0   0  0.68 0.10
  195 G     0  -3  -1  -2  -3  -2  -3   6  -3  -4  -4  -2  -3  -4  -3  -1  -2  -3  -4  -4    0   0   0   0   0   0   0 100   0   0   0   0   0   0   0   0   0   0   0   0  1.32 0.10
  196 G     0  -3  -1  -2  -3  -2  -3   6  -3  -4  -4  -2  -3  -4  -3  -1  -2  -3  -4  -4    0   0   0   0   0   0   0 100   0   0   0   0   0   0   0   0   0   0   0   0  1.32 0.10
  197 H    -2  -1   0  -2  -4   0  -1  -3   9  -4  -4  -1  -2  -2  -3  -2  -3  -3   1  -4    0   0   0   0   0   0   0   0 100   0   0   0   0   0   0   0   0   0   0   0  1.55 0.15
  198 T    -2   6  -1  -2  -3   0  -1  -3  -1  -3  -3   1  -2  -3  -3  -1   1  -3  -2  -3    0  84   0   0   0   0   0   0   0   0   0   0   0   0   0   0  16   0   0   0  0.84 0.10
  199 G     0  -3  -1  -2  -3  -2  -3   6  -3  -4  -4  -2  -3  -4  -3  -1  -2  -3  -4  -4    0   0   0   0   0   0   0 100   0   0   0   0   0   0   0   0   0   0   0   0  1.32 0.10
  200 E     1   1   1   0  -2   2   2  -2  -1  -1   0   0   1  -2  -2   0  -1  -3  -2  -1   18   9  13   0   0  12  25   0   0   0  16   0   8   0   0   0   0   0   0   0  0.17 0.04
  201 V    -1  -3  -3  -4  -1  -2  -3  -4  -3   3   3  -3   2   0  -3  -2  -1  -3  -1   3    0   0   0   0   0   0   0   0   0  24  34   0   8   0   0   0   0   0   0  34  0.39 0.05
  202 A     1  -1  -1  -1  -2  -1  -1   5  -2  -3  -3   1  -2  -3  -2   1  -1  -3  -3  -3   16   0   0   0   0   0   0  59   0   0   0  12   0   0   0  13   0   0   0   0  0.61 0.06
  203 T    -1  -2  -1  -2  -1  -1  -2  -2  -2  -1   0  -1  -1  -2  -2   1   5  -3  -2   0    0   0   0   0   0   0   0   0   0   0  10   0   0   0   0   0  90   0   0   0  0.66 0.11
  204 M    -2  -2  -3  -4  -2  -2  -3  -4  -2   2   2  -2   5   3  -3  -2  -1  -1   0   1    0   0   0   0   0   0   0   0   0   8  20   0  42  17   0   0   0   0   0  13  0.40 0.07
  205 V     2  -1  -1   1  -1   1   0  -1  -1  -1  -2  -1  -1  -3  -1   2   0  -3  -2   1   35   0   0  12   0  13   0   0   0   0   0   0   0   0   0  23   0   0   0  16  0.22 0.05
  206 L    -2  -3  -4  -4  -2  -3  -3  -4  -3   1   5  -3   2   0  -3  -3  -2  -2  -2   0    0   0   0   0   0   0   0   0   0   0 100   0   0   0   0   0   0   0   0   0  0.69 0.09
  207 V    -1  -3  -3  -3  -1  -3  -3  -4  -4   3   0  -3   0  -1  -3  -2   1  -3  -2   4    0   0   0   0   0   0   0   0   0  18   0   0   0   0   0   0   9   0   0  74  0.47 0.07
  208 P    -1   3  -1  -2  -3   0  -1  -2  -2  -3  -3   2  -2  -4   6   1  -1  -4  -3  -3    0  25   0   0   0   0   0   0   0   0   0  13   0   0  50  12   0   0   0   0  0.97 0.07
  209 E    -1   2  -1  -1  -3   4   2  -3  -1  -1   0   0   0  -2  -2  -1   1  -3  -2   0    0  13   0   0   0  33  16   0   0   0  17   0   0   0   0   0  12   0   0   8  0.25 0.05
  210 V     0  -2  -3  -3  -1  -2  -2  -3  -3   3   2  -2   2  -1  -2  -1   1  -3  -2   2   10   0   0   0   0   0   0   0   0  28  25   0   8   0   0   0  13   0   0  16  0.24 0.03
  211 V     2  -2  -3  -3  -1  -2  -2  -2  -3   1   0  -2   0  -2  -2  -1   1  -3  -2   4   27   0   0   0   0   0   0   0   0   0   0   0   0   0   0   0   8   0   0  65  0.33 0.07
  212 D     0  -2   1   6  -4  -1   1  -2  -2  -3  -4   0  -3  -4  -2  -1  -1  -5  -3  -3    8   0   0  83   0   0   0   0   0   0   0   9   0   0   0   0   0   0   0   0  0.93 0.10
  213 A     2   1  -1  -1  -2   1   2  -1   2  -2  -2   0  -1  -1  -2   0  -1  -2   2   0   35   8   0   0   0   8  22   0   8   0   0   0   0   0   0   0   0   0  12   8  0.20 0.04
  214 V    -1  -3  -3  -3   4  -3  -3   0  -3   2   2  -3   1  -1  -3  -2  -1  -3  -2   3    0   0   0   0  17   0   0   8   0  20  23   0   0   0   0   0   0   0   0  32  0.30 0.04
  215 S     1   1   3   0  -2   1   0  -1  -1  -3  -3   0  -2  -3  -2   3   0  -3  -2  -2   13   9  20   0   0   8   0   0   0   0   0   0   0   0   0  50   0   0   0   0  0.38 0.06
  216 P    -1  -3  -3  -3  -2  -2  -2  -3  -3   2   2  -2   0  -1   4  -1   1  -3  -2   1    0   0   0   0   0   0   0   0   0  23  25   0   0   0  28   0  13   0   0  10  0.44 0.05
  217 T    -1  -3  -2  -2  -3  -2  -2  -3  -3  -3  -3  -2  -3  -4   7  -1   1  -4  -3  -2    0   0   0   0   0   0   0   0   0   0   0   0   0   0  84   0  16   0   0   0  1.81 0.11
  218 P    -1  -1  -1  -1  -1  -1  -1  -1  -1  -1   0  -1   0   3   3   0  -1   0   1  -1    5   3   3   3   1   2   4   4   1   3   5   3   1  27  19   4   3   1   2   4  0.19 0.01
  219 V    -1  -3  -4  -4  -1  -3  -3  -4  -4   3   0  -3   0  -1  -3  -2  -1  -3  -2   5    0   0   0   0   0   0   0   0   0  12   0   0   0   0   0   0   0   0   0  88  0.58 0.09
  220 L    -1  -3  -4  -4  -2  -3  -3  -4  -4   4   2  -3   1  -1  -3  -3  -1  -3  -2   3    0   0   0   0   0   0   0   0   0  60  16   0   0   0   0   0   0   0   0  24  0.48 0.06
  221 A     5  -2  -2  -2  -1  -1  -1   0  -2  -2  -2  -1  -1  -3  -1   1  -1  -3  -2  -1  100   0   0   0   0   0   0   0   0   0   0   0   0   0   0   0   0   0   0   0  0.68 0.10
  222 A     5  -2  -2  -2  -1  -1  -1   0  -2  -2  -2  -1  -1  -3  -1   1  -1  -3  -2  -1  100   0   0   0   0   0   0   0   0   0   0   0   0   0   0   0   0   0   0   0  0.68 0.10
  223 G     0  -3  -1  -2  -3  -2  -3   6  -3  -4  -4  -2  -3  -4  -3  -1  -2  -3  -4  -4    0   0   0   0   0   0   0 100   0   0   0   0   0   0   0   0   0   0   0   0  1.32 0.10
  224 G     0  -3  -1  -2  -3  -2  -3   6  -3  -4  -4  -2  -3  -4  -3  -1  -2  -3  -4  -4    0   0   0   0   0   0   0 100   0   0   0   0   0   0   0   0   0   0   0   0  1.32 0.10
  225 I    -2  -3  -4  -4  -2  -3  -4  -4  -4   5   1  -3   3  -1  -3  -3  -1  -3  -2   2    0   0   0   0   0   0   0   0   0  82   0   0  10   0   0   0   0   0   0   8  0.58 0.09
  226 A     1  -2  -2  -3  -2  -1  -2  -3   3   1   1  -2   6  -1  -3  -1  -1  -2  -1   0   16   0   0   0   0   0   0   0  12  10   0   0  61   0   0   0   0   0   0   0  0.43 0.10
  227 R    -2   2   1   6  -4  -1   1  -2  -2  -4  -4  -1  -3  -4  -2  -1  -2  -5  -3  -4    0  16   0  84   0   0   0   0   0   0   0   0   0   0   0   0   0   0   0   0  0.99 0.10
  228 G     0  -2   0   1  -3  -1  -1   5   2  -4  -4  -2  -3  -3  -2   1  -1  -3  -2  -3    0   0   0  12   0   0   0  65  10   0   0   0   0   0   0  13   0   0   0   0  0.71 0.07
  229 R     1   5  -1  -1  -3   1   1  -2  -1  -3  -3   2  -2  -3  -2  -1  -1  -3  -2  -2   17  58   0   0   0   0  12   0   0   0   0  13   0   0   0   0   0   0   0   0  0.55 0.07
  230 Q     0  -2   0   2  -3   2  -1   5  -2  -4  -4  -1  -2  -4  -2   1  -1  -3  -3  -3    0   0   0  13   0  16   0  59   0   0   0   0   0   0   0  12   0   0   0   0  0.63 0.06
  231 I    -2  -3  -4  -4  -2  -3  -4  -4  -4   5   2  -3   1  -1  -3  -3  -1  -3  -2   3    0   0   0   0   0   0   0   0   0  74   8   0   0   0   0   0   0   0   0  18  0.55 0.08
  232 A     2   1  -1  -2  -2   0  -1  -1  -2  -1   0   2   0  -2  -2   1   0  -3  -2   0   25   8   0   0   0   0   0   0   0   0  15  31   0   0   0  13   0   0   0   8  0.16 0.04
  233 A     4  -2  -2  -2  -1  -1   1  -1  -1  -2  -2  -1  -1  -1  -1   0  -1  -2   2  -1   75   0   0   0   0   0  12   0   0   0   0   0   0   0   0   0   0   0  13   0  0.41 0.08
  234 A     3  -2  -1  -2  -1  -1  -1  -1  -2   0   1  -1   2  -2  -2   2   0  -3  -2   0   43   0   0   0   0   0   0   0   0   0  12   0  13   0   0  23   0   0   0   8  0.22 0.05
  235 L    -2  -2  -3  -4  -2   0  -2  -4  -3   2   4  -2   3   0  -3  -2  -1  -2  -1   1    0   0   0   0   0   8   0   0   0   8  68   0  16   0   0   0   0   0   0   0  0.44 0.06
  236 A     2  -1  -1  -1  -1   2   1  -1  -1   0  -1   0  -1  -2  -2   1   1  -3  -2   1   25   0   0   0   0  21   8   0   0   8   0   0   0   0   0  13  10   0   0  16  0.17 0.04
  237 L    -2  -2  -3  -3  -2   1  -2  -4  -2   1   4  -2   1   2  -3  -2  -2  -2  -1   0    0   0   0   0   0  13   0   0   0   0  75   0   0  12   0   0   0   0   0   0  0.42 0.07
  238 G    -1  -2   2  -1  -3   1  -1   5  -2  -4  -4  -1  -3  -4  -2  -1  -2  -3  -3  -4    0   0  12   0   0  13   0  75   0   0   0   0   0   0   0   0   0   0   0   0  0.86 0.08
  239 A     5  -2  -2  -2  -1  -1  -2  -1  -2   1  -1  -1  -1  -2  -1   0  -1  -3  -2   0   88   0   0   0   0   0   0   0   0  12   0   0   0   0   0   0   0   0   0   0  0.51 0.09
  240 E     1   0   0   2  -3   3   3  -2  -1  -3  -3   0  -2  -3  -1   1  -1  -3  -2  -2   12   0   0  13   0  26  32   0   0   0   0   0   0   0   0  16   0   0   0   0  0.44 0.05
  241 G     3  -2  -1  -2  -2  -2  -2   4  -2  -3  -3  -2  -2  -3  -2   0  -1  -3  -3  -2   50   0   0   0   0   0   0  50   0   0   0   0   0   0   0   0   0   0   0   0  0.65 0.07
  242 V     1  -3  -3  -3  -1  -2  -3  -3  -3   2   0  -2   0  -2  -3  -1   0  -3  -2   5   17   0   0   0   0   0   0   0   0   0   0   0   0   0   0   0   0   0   0  83  0.46 0.09
  243 W    -2   0  -1  -1  -4   6   1  -3   0  -3  -3   0  -1  -3  -2  -1  -2   6  -1  -3    0   0   0   0   0  84   0   0   0   0   0   0   0   0   0   0   0  16   0   0  1.01 0.13
  244 C    -1  -3  -3  -4   4  -2  -3  -3  -3   2   2  -3   4  -1  -3  -2  -1  -2  -2   2    0   0   0   0  16   0   0   0   0  10  29   0  32   0   0   0   0   0   0  13  0.40 0.06
  245 G     0  -3  -1  -2  -3  -2  -3   6  -3  -4  -4  -2  -3  -4  -3  -1  -2  -3  -4  -4    0   0   0   0   0   0   0 100   0   0   0   0   0   0   0   0   0   0   0   0  1.32 0.10
  246 S     0  -2   0  -1  -1  -1  -1  -2  -2  -2  -2  -1  -1  -3  -2   3   5  -3  -2  -1    0   0   0   0   0   0   0   0   0   0   0   0   0   0   0  26  74   0   0   0  0.62 0.09
  247 V     4  -2  -2  -3  -1  -2  -2  -1  -2   0  -1  -2  -1  -2  -2   0   0  -3  -2   2   72   0   0   0   0   0   0   0   0   0   0   0   0   0   0   0   0   0   0  28  0.41 0.08
  248 W    -3  -3  -4  -4  -3  -3  -4  -4  -2  -1  -1  -4  -1   6  -4  -3  -3   8   2  -2    0   0   0   0   0   0   0   0   0   0   0   0   0  72   0   0   0  28   0   0  1.29 0.11
  249 L    -2  -3  -4  -4  -2  -3  -3  -4  -3   2   4  -3   1   0  -3  -3  -1  -2  -1   2    0   0   0   0   0   0   0   0   0   8  75   0   0   0   0   0   0   0   0  17  0.51 0.06
  250 T     0  -2  -1  -2  -2  -2  -2   1  -2   1   1  -2   0  -2   2   0   3  -3  -2   0    9   0   0   0   0   0   0  13   0  10  16   0   0   0  12   0  40   0   0   0  0.24 0.04
  251 T     0  -2  -1  -2   7  -2  -2  -2  -2  -2  -2  -2  -2  -3  -2   2   2  -3  -3  -1    0   0   0   0  48   0   0   0   0   0   0   0   0   0   0  28  24   0   0   0  0.75 0.09
  252 E     0  -1   0   1  -3   1   2  -2   2  -3  -3   0  -2  -3   3   2   1  -3  -2  -2    0   0   0   8   0   8  24   0  10   0   0   0   0   0  16  25   9   0   0   0  0.41 0.04
  253 E    -1  -1  -1   2  -4   3   5  -3  -1  -4  -3   0  -2  -4  -2  -1  -1  -3  -3  -3    0   0   0   8   0  12  80   0   0   0   0   0   0   0   0   0   0   0   0   0  0.85 0.09
  254 A     3  -1   0  -1  -1  -1  -1  -1  -2  -2  -2  -1  -2  -3  -1   4   2  -3  -2  -1   28   0   0   0   0   0   0   0   0   0   0   0   0   0   0  63   9   0   0   0  0.48 0.08
  255 E     0  -1   4   0  -2   0   2   2  -1  -3  -3   0  -2  -3  -2   2   1  -3  -2  -2    0   0  31   0   0   0  16  16   0   0   0   0   0   0   0  25  12   0   0   0  0.38 0.05
  256 T     4  -2  -2  -2  -1  -1  -2  -1  -2   2  -1  -1  -1  -2  -2   0   2  -3  -2   0   63   0   0   0   0   0   0   0   0  21   0   0   0   0   0   0  16   0   0   0  0.32 0.07
  257 P     0  -1   3   1  -2  -1   0  -1   3  -3  -3  -1  -2  -3   3   3   0  -4  -2  -3    0   0  24   9   0   0   0   0  10   0   0   0   0   0  16  41   0   0   0   0  0.47 0.06
  258 P     0  -1  -1  -1  -3   2   2  -2  -1  -3  -3   1  -2  -4   6  -1  -1  -3  -3  -3    8   0   0   0   0  16  16   0   0   0   0  13   0   0  47   0   0   0   0   0  0.89 0.07
  259 V     1  -2   1  -1  -2  -1   1   0  -2   0   1  -1   0  -1  -2  -1  -1  -3  -2   2   16   0  13   0   0   0  12   9   0   0  23   0   0   0   0   0   0   0   0  26  0.09 0.03
  260 V    -2  -2  -2  -3  -2  -2  -2  -3   5   0   0  -2   0   3  -3  -2  -2   0   5   1    0   0   0   0   0   0   0   0  22   0   8   0   0  13   0   0   0   0  33  24  0.43 0.06
  261 K    -1   4  -1  -2  -3   0   0  -2  -1  -2   0   4  -1  -3  -2   1  -1  -3  -2  -2    0  33   0   0   0   0   0   0   0   0  12  42   0   0   0  13   0   0   0   0  0.41 0.06
  262 D    -1   1   0   4  -3   2   2  -2   2  -3  -3   1  -2  -3  -2   1  -1  -3  -2  -3    0   9   0  32   0  18   8   0   8   0   0  12   0   0   0  13   0   0   0   0  0.42 0.04
  263 K     3   0  -2  -2  -2   0  -1  -1  -2  -2  -1   2   2  -3   3   0  -1  -3  -2  -1   48   0   0   0   0   0   0   0   0   0   0  26  12   0  13   0   0   0   0   0  0.33 0.06
  264 F    -2  -3  -4  -4  -2  -3  -3  -4  -3   3   2  -3   1   5  -3  -3  -2  -1   1   1    0   0   0   0   0   0   0   0   0  26  25   0   0  41   0   0   0   0   0   8  0.45 0.06
  265 L    -1  -1  -1  -2  -1   1  -1  -2  -1   1   2   0   1   0  -1   0  -1  -1  -1   0    2   1   1   1   0   9   2   2   1   9  45  10   1   1   1  10   1   0   1   2  0.10 0.02
  266 A     1  -1   1   0  -2   2   1   3   2  -3  -2   0  -1  -2  -1   0  -1  -2  -1  -2   17   1   8   1   0  21  11  26   8   1   1   1   0   0   1   1   1   0   0   1  0.27 0.03
  267 A     2  -1  -1  -1  -1  -1   1  -1  -2  -2  -2  -1  -2  -3   3   3   2  -3  -2  -1   26   0   0   0   0   0   9   0   0   0   0   0   0   0  16  36  13   0   0   0  0.41 0.05
  268 T     0   3   1  -1  -3   0   0  -2  -1  -3  -2   2  -2  -3   2   0   1  -3  -2  -2    9  29  10   0   0   0   0   0   0   0   0  23   0   0  12   0  16   0   0   0  0.37 0.05
  269 S     2   0  -1   0  -2   1   4  -1  -1  -3  -3   1  -2  -3  -1   1   0  -3  -2  -2   25   0   0   0   0   0  46   0   0   0   0  12   0   0   0  16   0   0   0   0  0.41 0.06
  270 S     2   1   0  -1  -1  -1  -1  -1   2  -2  -2   0  -1  -3  -1   2   3  -3  -2  -1   18   9   0   0   0   0   0   0   8   0   0   0   0   0   0  28  36   0   0   0  0.32 0.05
  271 D    -2   2   0   5  -3   1   1  -2  -1  -3  -3   0  -3  -4  -2   0   1  -4  -3  -3    0  17   0  62   0   8   0   0   0   0   0   0   0   0   0   0  13   0   0   0  0.65 0.07
  272 T    -1  -2  -1  -2  -2  -1  -1  -2  -2  -1  -2  -1  -1  -3  -2   1   6  -3  -2  -1    0   0   0   0   0   0   0   0   0   0   0   0   0   0   0   0 100   0   0   0  0.83 0.12
  273 V     0   1  -2  -2  -2  -1  -1  -2  -2   1   0   2   2  -2  -2  -1   1  -3  -2   2    8   8   0   0   0   0   0   0   0   8   0  23  12   0   0   0   9   0   0  32  0.14 0.04
  274 R    -1   1  -3  -3  -2  -1  -2  -3  -2   2   2  -1   4   1  -3  -2  -1  -2  -1   2    0  16   0   0   0   0   0   0   0   8  18   0  25   9   0   0   0   0   0  24  0.23 0.05
  275 S     0  -2  -1  -2  -1  -1  -1  -2  -2  -1  -1  -1  -1  -2  -2   2   5  -3  -2   1    0   0   0   0   0   0   0   0   0   0   0   0   0   0   0  16  71   0   0  13  0.51 0.08
  276 R     1   2   3   1  -2   0   0  -1  -1  -2  -2   1  -1  -3  -2   1   1  -3  -2   0   21  16  21   8   0   0   0   0   0   0   0   8   0   0   0   8  10   0   0   8  0.20 0.03
  277 S     2  -2  -2  -2  -1  -1  -2  -1  -2   1   0  -1   0  -2  -2   1   1  -3  -2   1   37   0   0   0   0   0   0   0   0  13  10   0   0   0   0  16   8   0   0  16  0.18 0.04
  278 L    -2  -3  -4  -4  -2  -3  -3  -4  -3   4   2  -3   2   4  -3  -3  -1  -1   0   1    0   0   0   0   0   0   0   0   0  50  16   0   8  26   0   0   0   0   0   0  0.42 0.06
  279 T     0  -1   0  -1  -1  -1  -1  -1  -2  -2  -3  -1  -2  -3  -1   4   3  -3  -2  -2    0   0   0   0   0   0   0   0   0   0   0   0   0   0   0  76  24   0   0   0  0.58 0.09
  280 G     0  -3  -1  -2  -3  -2  -3   6  -3  -4  -4  -2  -3  -4  -3  -1  -2  -3  -4  -4    0   0   0   0   0   0   0 100   0   0   0   0   0   0   0   0   0   0   0   0  1.32 0.10
  281 K    -1   4  -1  -1  -4   1   0  -2  -1  -3  -3   5  -2  -4  -2  -1  -1  -3  -2  -3    0  37   0   0   0   0   0   0   0   0   0  63   0   0   0   0   0   0   0   0  0.73 0.09
  282 P    -1  -2   1  -1  -3  -1   1  -2  -2  -2   0  -1  -1  -3   6   1  -1  -3  -3  -2    0   0  12   0   0   0  10   0   0   0  16   0   0   0  45  16   0   0   0   0  0.72 0.06
  283 A     5  -2  -2  -2  -1  -1  -2  -1  -2  -1   0  -1  -1  -2  -1   0  -1  -3  -2   0   88   0   0   0   0   0   0   0   0   0  12   0   0   0   0   0   0   0   0   0  0.50 0.09
  284 R    -2   7  -1  -2  -4   0  -1  -3  -1  -4  -3   2  -2  -4  -3  -1  -2  -3  -2  -3    0 100   0   0   0   0   0   0   0   0   0   0   0   0   0   0   0   0   0   0  1.13 0.12
  285 M     0  -2  -1  -2  -2  -1  -2   4  -2  -2  -2  -2   2  -2  -2   1   2  -3  -3  -2    0   0   0   0   0   0   0  50   0   0   0   0  16   0   0   9  25   0   0   0  0.47 0.06
  286 L    -2  -3  -4  -4  -2  -3  -3  -4  -3   4   3  -3   3   0  -3  -3  -1  -3  -2   2    0   0   0   0   0   0   0   0   0  59  24   0  17   0   0   0   0   0   0   0  0.47 0.07
  287 R     1   2   2  -1  -2   0   0  -1  -1  -1  -2   0  -1  -3   1   2   0  -3  -2   1    9  16  15   0   0   0   8   0   0   0   0   0   0   0   8  25   0   0   0  18  0.18 0.04
  288 T    -1  -1   5   0  -2  -1  -1  -1  -1  -2  -3  -1  -2  -3  -2   1   4  -4  -2  -2    0   0  59   0   0   0   0   0   0   0   0   0   0   0   0   0  41   0   0   0  0.66 0.09
  289 A     1   3  -1  -1  -3   0   2  -2  -1  -3  -3   1  -2  -3   4   1  -1  -3  -2  -2   16  24   0   0   0   0  16   0   0   0   0  10   0   0  25   9   0   0   0   0  0.49 0.04
  290 W    -3  -3   0  -3  -3  -3  -3  -3  -2  -1  -1  -3  -1   6  -4  -3  -3   8   2  -2    0   0   8   0   0   0   0   0   0   0   0   0   0  65   0   0   0  26   0   0  1.08 0.10
  291 T    -1  -2  -2  -3  -2  -2  -2  -3  -2   2   1  -2   2   1  -3  -1   2  -1   1   1    0   0   0   0   0   0   0   0   0  29  12   0  10   8   0   0  25   0   8   8  0.22 0.04
  292 D     0   1   0   3  -3   1   3  -2   2  -1  -2   0  -2  -3  -2  -1  -1  -3  -2  -2    9  12   0  24   0   0  39   0   8   8   0   0   0   0   0   0   0   0   0   0  0.38 0.05
  293 E     0   0   0   3  -3   1   3  -2  -1  -2  -1   2  -1  -3  -2   0   0  -3  -2  -2    8   0   0  21   0   0  34   0   0   0   9  21   0   0   0   0   8   0   0   0  0.33 0.04
  294 W     0  -2   1  -2  -2  -2  -2   0  -2   0   2  -2   3  -1  -3  -1  -1   6  -1   1    8   0  10   0   0   0   0   9   0   0  21   0  23   0   0   0   0  16   0  13  0.28 0.05
  295 D     1  -1   1   2  -2   0   2  -1   3   0  -2   0  -1  -2  -2   1  -1  -3  -1  -1   17   0   8  16   0   0  18   0  12  13   0   8   0   0   0   8   0   0   0   0  0.19 0.03
  296 R     1   2   0   1  -1   0   0   0   0  -1  -1   0  -1  -1   0   0   0  -1  -1  -1   18  19   3  12   1   3   4   5   1   3   6   4   1   2   3   4   4   1   2   4  0.07 0.00
  297 P    -1  -1   2  -1  -3   4   1  -2  -1  -3  -3   0  -2  -4   5   0   0  -3  -2  -3    0   0  13   0   0  38   8   0   0   0   0   0   0   0  33   0   8   0   0   0  0.71 0.07
  298 D    -1   0   1   2  -3  -1  -1   0   0  -2  -2  -1  -2   3  -3   0  -1   0   4  -2    0   9   8  16   0   0   0   8   0   0   0   0   0  23   0  12   0   0  23   0  0.26 0.04
  299 S     1  -1   0   1  -2   2   3  -1  -1  -2  -2   0  -2  -3  -1   3   0  -3  -2  -1    8   0   0   8   0  13  26   0   0   0   0   0   0   0   0  37   0   0   0   8  0.31 0.05
  300 P    -1  -2  -1   1  -3  -2  -1   3  -2  -3  -3  -2  -3  -4   6  -1   0  -4  -3  -3    0   0   0   8   0   0   0  28   0   0   0   0   0   0  54   0  10   0   0   0  1.06 0.08
  301 D     0  -1   1   3  -3   2   3  -2  -1  -3  -3   0  -2  -3   2   1  -1  -3  -2  -3    8   0   8  24   0  10  29   0   0   0   0   0   0   0   8  12   0   0   0   0  0.43 0.04
  302 P    -1  -3  -3  -3  -2  -2  -3  -3  -3   3   2  -2   1  -1   4  -2   1  -3  -2   1    0   0   0   0   0   0   0   0   0  36  29   0   0   0  25   0  10   0   0   0  0.44 0.05
  303 L     0  -3  -3  -2  -3  -2  -2  -3  -3  -1   1  -2  -1  -2   7  -1  -1  -3  -3  -1    9   0   0   0   0   0   0   0   0   0  26   0   0   0  65   0   0   0   0   0  1.20 0.09
  304 G    -1  -2   0   4  -3  -1   0   2  -2  -3  -4  -1  -3  -4   5  -1   0  -4  -3  -3    0   0   0  44   0   0   0  16   0   0   0   0   0   0  31   0   9   0   0   0  0.76 0.07
  305 M    -2  -2  -3  -4  -3  -2  -3  -4   1  -1  -1  -2   3   2  -4  -2  -2   1   7  -1    0   0   0   0   0   0   0   0   0   0   0   0  16   0   0   0   0   0  84   0  1.08 0.13
  306 P    -1  -3  -2  -2  -3  -2  -2   1  -3  -4  -4  -2  -3  -4   8  -1  -2  -4  -4  -3    0   0   0   0   0   0   0  13   0   0   0   0   0   0  87   0   0   0   0   0  1.91 0.12
  307 L    -2  -3  -3  -4  -2  -3  -3  -4  -1   3   2  -3   1   2  -3  -3  -1   0   4   1    0   0   0   0   0   0   0   0   0  33  28   0   0   8   0   0   0   0  23   8  0.36 0.05
  308 Q     1   0  -1  -2  -2   4   0  -2  -1  -1  -1   0   2  -3   2  -1  -1  -3  -2   0   17   0   0   0   0  50   0   0   0   0   0   0  13   0  12   0   0   0   0   8  0.39 0.07
  309 S    -1  -2   4  -1  -3  -1  -1  -2   1  -3  -2  -1  -2   1  -3   1  -1   0   6  -2    0   0  33   0   0   0   0   0   0   0   0   0   0   0   0  16   0   0  50   0  0.59 0.09
  310 A     1  -1   0   4  -2   2   1  -1  -1  -3  -3   0  -2  -3  -1   1   1  -3  -2  -2   16   0   0  37   0  16   8   0   0   0   0   0   0   0   0  13  10   0   0   0  0.39 0.05
  311 L     2  -2  -2  -3  -1  -2  -2  -2  -2   0   3  -2   1  -1  -2   1  -1  -2  -2   0   38   0   0   0   0   0   0   0   0   0  50   0   0   0   0  12   0   0   0   0  0.25 0.06
  312 V    -1  -2   1  -2  -2  -2  -2   0  -2   0  -1  -2  -1   3  -2   0   3  -2   0   1    0   0   8   0   0   0   0   9   0   0   0   0   0  25   0   0  42   0   0  16  0.23 0.06
  313 S    -1   1   2  -1  -3   0   0  -1  -1  -3  -3   4  -2  -3  -2   2   0  -4  -2  -3    0   0  16   0   0   0   0   0   0   0   0  60   0   0   0  24   0   0   0   0  0.48 0.08
  314 D     3  -1   0   2  -1   2   0  -1  -1  -2  -2  -1  -2  -3  -1   2   0  -3  -2  -1   43   0   0  16   0  13   0   0   0   0   0   0   0   0   0  28   0   0   0   0  0.34 0.06
  315 P     0   0   0   0  -1   0   0   0   0  -1  -1   0   0  -1   3   0   0   0   0   0    7   4   4   4   2   4   5   6   2   4   8   5   2   3  21   6   5   1   3   5  0.17 0.00
  316 Q     0   0   0   0  -1   2   1   0   0  -1   0   0   0  -1   0   0   0   0   0   0    7   4   4   4   2  20   5   6   2   4   8   5   2   3   4   6   5   1   3   5  0.06 0.00
  317 L     0   0   0   0   0   0   0   0   0   0   1   0   0   0   0   0   0   0   0   0    7   4   4   4   2   4   5   6   2   4  24   5   2   3   4   6   5   1   3   5  0.01 0.00
  318 R     0   2   0   0  -1   0   0   0   0  -1   0   1   0  -1   0   0   0   0   0   0    7  21   4   4   2   4   5   6   2   4   8   5   2   3   4   6   5   1   3   5  0.05 0.00
  319 I    -1  -3  -4  -4  -2  -2  -3  -4  -3   3   3  -3   3   0  -3  -3  -1  -2  -1   2    0   0   0   0   0   0   0   0   0  32  45   0  10   0   0   0   0   0   0  13  0.42 0.05
  320 N     0   4   4  -1  -3   1   0  -2   0  -3  -3   1  -2  -3  -2   0  -1  -3  -2  -3   12  46  33   0   0   8   0   0   0   0   0   0   0   0   0   0   0   0   0   0  0.51 0.07
  321 Q     1   1   2  -1  -3   3   0  -1  -1  -3  -3   3  -1  -3  -2   0   1  -3  -2  -2   17   0  12   0   0  26   0   0   0   0   0  36   0   0   0   0   8   0   0   0  0.35 0.06
  322 A     3  -1  -1   1  -1   0   1  -1  -1  -2  -2   1  -1  -2  -1   1   1  -3  -2  -1   50   1   1  13   0   1   9   1   0   1   1  11   0   0   1   1   8   0   0   1  0.23 0.04
  323 A     5  -2  -2  -2  -1  -1  -1   0  -2  -2  -2  -1  -1  -2  -1   1   0  -2  -2  -1   88   1   1   1   0   1   1   1   0   1   1   1   0   0   1   1   1   0   0   1  0.50 0.07
  324 G     2   0  -1  -1  -1   0  -1   2  -1  -2  -1   2  -1  -2  -1   1   0  -2  -2  -1   33   1   1   1   0   1   1  17   0   1   9  22   0   0   1  11   1   0   0   1  0.18 0.03
  325 Q     1   0   3   0  -2   3   0  -1   0  -2   0   0  -1  -2  -1   1   0  -2  -2  -1   18   1  25   1   0  29   1   1   0   1  11   1   0   0   1   9   1   0   0   1  0.22 0.04
  326 P     0   0   0   0  -1   0   0   0   0  -1  -1   0  -1  -1   3   1   0  -1  -1  -1    6   4   3   4   1   3   5   5   2   4   6   4   2   3  20  17   4   1   2   5  0.18 0.00
  327 G     0   0   0   0  -1   0   0   3  -1  -1  -1   0  -1  -1   0   0   0  -1  -1  -1    6   4   3   4   1   3   5  34   2   4   6   4   2   3   4   5   4   1   2   5  0.14 0.00
  328 A     1   2  -1  -1  -2   2   0  -2  -1  -1  -2   4  -1  -3  -2   0   0  -3  -2  -1   16   8   0   0   0  10   0   0   0   8   0  50   0   0   0   0   8   0   0   0  0.31 0.05
  329 K     0  -1   1  -1  -3  -1  -1   4  -1  -3  -3   1  -2  -2  -2   0  -1  -2   2  -3    8   0  10   0   0   0   0  52   0   0   0  16   0   0   0   0   0   0  13   0  0.49 0.05
  330 A     1  -1   4   1  -3   0   1  -1   2  -3  -3  -1  -2  -3   4   0  -1  -4  -2  -3   16   0  34   8   0   0   9   0   8   0   0   0   0   0  25   0   0   0   0   0  0.53 0.06
  331 R     0   3  -1  -1  -3   2   1  -2   4  -3  -2   1  -1   0  -2   0   0  -2   0  -2    8  24   0   0   0  12  13   0  18   0   0   8   0   9   0   0   8   0   0   0  0.28 0.04
  332 E    -1  -1   0   3  -3   1   3   0  -1  -2   0  -1  -1  -1  -2  -1  -1  -2   2  -2    0   0   0  27   0   8  32   9   0   0  13   0   0   0   0   0   0   0  12   0  0.31 0.05
  333 L     0  -2  -2  -3  -2   1  -2  -2  -1  -1   1  -2   0   3  -3   0  -1   6   2  -1   13   0   0   0   0  10   0   0   0   0  24   0   0  16   0  12   0  16   9   0  0.30 0.04
  334 A     3  -2   1  -1  -1  -1  -1   1  -2   0  -1  -1   1  -2  -2   0   1  -3  -2   0   45   0  13   0   0   0   0   9   0   8   0   0  10   0   0   0  16   0   0   0  0.21 0.05
  335 T     1  -2  -1  -2  -2  -1  -1  -2   4  -1  -1  -2  -1   3  -2   1   1  -2   1   0   17   0   0   0   0   0   0   0  23   0   0   0   0  25   0  10  16   0   0   8  0.23 0.05
  336 Y    -2  -1  -2  -3  -2   2  -1  -3   2   1   2  -1   3   0  -3  -2  -1  -1   3   0    0   0   0   0   0  16   0   0   9  13  30   0  15   0   0   0   0   0  16   0  0.23 0.05
  337 F     0  -3  -4  -4  -2  -3  -3  -3  -3  -2   0  -3  -1   3  -4  -2  -2  10   1  -2   12   0   0   0   0   0   0   0   0   0  13   0   0  16   0   0   0  59   0   0  1.45 0.11
  338 V     3  -2  -1  -2  -1  -1  -1   1  -2  -1  -2  -1  -1  -2  -1   2   0  -3  -2   1   48   0   0   0   0   0   0  12   0   0   0   0   0   0   0  23   0   0   0  16  0.30 0.05
  339 G     0  -3  -1  -2  -3  -2  -2   6  -2  -4  -4  -2  -3  -4  -2   1  -2  -3  -3  -3    0   0   0   0   0   0   0  88   0   0   0   0   0   0   0  12   0   0   0   0  1.08 0.09
  340 Q    -2   0   2  -1  -4   6   1  -2   0  -4  -3   1  -1  -4  -2  -1  -1  -3  -2  -3    0   0  12   0   0  88   0   0   0   0   0   0   0   0   0   0   0   0   0   0  0.92 0.12
  341 V     1  -2  -1  -2  -2  -2  -2   4  -1  -1  -2  -2  -2  -1  -2   2   0  -2   2   0    9   0   0   0   0   0   0  40   0   0   0   0   0   0   0  23   0   0  12  16  0.32 0.05
  342 V     1  -2  -2  -2  -2  -2  -2  -2   3   1  -1  -2  -1   2   4  -1  -1  -2   0   1   25   0   0   0   0   0   0   0  12  10   0   0   0  13  23   0   0   0   0  16  0.31 0.04
  343 G     1   3  -1  -2  -3   2   0   2  -1  -3  -3   2  -2  -3   1   0  -1  -3  -2  -2   17  33   0   0   0  13   0  16   0   0   0  12   0   0   8   0   0   0   0   0  0.36 0.04
  344 S     0   0   2   0  -1   0   0   0   0  -1  -1   0  -1  -1   0   3   1  -1  -1  -1    4   2  15   3   1   2   3   4   1   2   4   3   1   2   3  42   3   1   2   3  0.17 0.02
  345 L    -2  -3  -4  -4  -2  -3  -3  -4  -3   1   4  -3   1   0  -3  -3  -2   5  -1   1    0   0   0   0   0   0   0   0   0   0  75   0   0   0   0   0   0  12   0  13  0.57 0.07
  346 D     2  -1  -1   2  -2   2   0  -1  -1  -1  -2   1  -1  -3  -1   0   1  -3  -2   0   41   0   0  16   0  13   0   0   0   0   0  12   0   0   0   0  10   0   0   8  0.22 0.04
  347 R    -1   4   0   2  -3   1   1  -2  -1  -3  -3   1  -2  -3  -2   1   1  -3  -2  -2    0  41   0  12   0   8  10   0   0   0   0   0   0   0   0  13  15   0   0   0  0.39 0.05
  348 V     0  -1   0  -1  -2   0   2   1   2  -1  -2  -1  -1  -2  -2   2   2  -3  -2   0    0   0   0   0   0   0  18  13   8   0   0   0   0   0   0  25  20   0   0  16  0.19 0.04
  349 R    -2   3  -2  -3  -2   1  -1  -3   2   2   1   0   3  -1  -3  -2  -1  -2  -1   0    0  28   0   0   0   8   0   0   8  23  17   0  16   0   0   0   0   0   0   0  0.21 0.05
  350 S     0  -2   0  -1  -2  -1  -1  -1   2  -3  -3  -1  -2  -3   5   3   2  -3  -2  -2    0   0   0   0   0   0   0   0   8   0   0   0   0   0  33  46  13   0   0   0  0.68 0.07
  351 A     3  -2  -2  -2  -1  -1  -1  -1  -2   0  -1  -1  -1  -2  -1   1   2  -3  -2   1   57   0   0   0   0   0   0   0   0   0   0   0   0   0   0   0  25   0   0  18  0.34 0.06
  352 R     1   2   2   2  -2   0   1  -1  -1  -3  -3   1  -2  -3  -2   0  -1   4  -2  -2   25  16  15  13   0   0  12   0   0   0   0  10   0   0   0   0   0   8   0   0  0.28 0.04
  353 S     1   0   0   0  -2   3   3  -1  -1  -3  -3   2  -1  -3  -1   1   1  -3  -2  -2   16   0   0   0   0  18  29   0   0   0   0  13   0   0   0  16   8   0   0   0  0.34 0.04
  354 V    -1  -2  -3  -3  -2  -2  -2  -4  -3   2   3   0   1   0  -3  -2  -1  -2  -2   2    0   0   0   0   0   0   0   0   0  20  51  13   0   0   0   0   0   0   0  16  0.30 0.05
  355 V    -1  -3  -3  -4  -2  -2  -3  -4  -3   3   2  -3   3   2  -3  -2  -1  -2   0   3    0   0   0   0   0   0   0   0   0  21  18   0  15  12   0   0   0   0   0  33  0.33 0.04
  356 L     0   1   2   1  -2   0   2  -1  -1  -2   0   0  -1  -2  -2   1   0  -3  -2  -2    9   8  18   8   0   0  21   0   0   0  16   0   0   0   0  20   0   0   0   0  0.19 0.03
  357 D    -1   1   2   2  -2   2   0  -2  -1   0   0   0  -1  -2  -2   0   2  -3  -2  -1    0   8  16  16   0  19   0   0   0  12   8   0   0   0   0   0  21   0   0   0  0.19 0.04
  358 M    -2  -2  -3  -4  -2  -2  -3  -4  -3   2   4  -3   4   0  -3  -2  -1  -2  -1   1    0   0   0   0   0   0   0   0   0   8  55   0  29   0   0   0   0   0   0   8  0.47 0.07
  359 V     0  -3  -2  -2   3  -2   0   1  -3   2   0  -2   0  -2  -2  -1  -1  -3  -2   3    8   0   0   0  10   0   9  13   0   8   0   0   0   0   0   0   0   0   0  52  0.21 0.05
  360 E     1   1   1   0  -3   3   3  -2   0  -3  -3   1  -2  -3  -2   0  -1  -3  -2  -2   21   9   8   0   0  22  32   0   0   0   0   8   0   0   0   0   0   0   0   0  0.38 0.05
  361 E    -1   2   0   2  -4   3   4  -2   0  -4  -3   1  -2  -4  -2  -1  -1  -3  -2  -3    0  13   0  12   0  23  51   0   0   0   0   0   0   0   0   0   0   0   0   0  0.64 0.07
  362 F     0  -2  -2   0  -2  -2  -2  -3  -2   1   3  -2   2   2  -3  -2  -1  -2   0   1    8   0   0  10   0   0   0   0   0   8  42   0   8  16   0   0   0   0   0   8  0.21 0.04
  363 I    -1   2   2  -1  -3   0  -1  -2  -1   2  -1   3  -1  -2  -2  -1  -1  -3  -2   0    0   9  18   0   0   0   0   0   0  29   0  43   0   0   0   0   0   0   0   0  0.24 0.05
  364 D     0   0   0   2  -2   2   1   0  -1   0  -2   1  -1  -3  -2   0   0  -3  -2  -1   10   0   0  18   0  19   9   9   0  16   0  11   0   0   0   0   9   0   0   0  0.16 0.02
  365 T    -1  -2  -1   2  -2  -1  -1  -2  -2   2   1  -2   0  -1  -2   1   2  -3  -2   1    0   0   0  18   0   0   0   0   0  36  11   0   0   0   0  15  20   0   0   0  0.15 0.03
  366 V    -1  -2  -2  -3  -2  -2  -3   2  -3   2   2  -2   3  -1  -3  -2  -1  -2  -2   2    0   0   0   0   0   0   0  21   0  18  13   0  26   0   0   0   0   0   0  23  0.21 0.02
  367 G    -1   0   2   0  -3   2   2   2  -1  -3  -3   2  -2  -3  -2   0   1  -3  -2  -2    0   0  13   0   0  13  18  23   0   0   0  21   0   0   0   0  13   0   0   0  0.30 0.02
  368 Q    -1   2  -1  -1  -3   4   1  -2   0  -1  -1   1  -1  -1  -2  -1  -1  -1   2   0    0  17   0   0   0  51   0   0   0   0   0   0   0   0   0   0   0   0  16  16  0.31 0.02
  369 L    -1  -1  -2  -3  -2  -1  -2  -3  -2   1   3   1   1   0  -2  -2  -1  -2  -1   2    0   0   0   0   0   0   0   0   0   0  57  21   0   0   0   0   0   0   0  22  0.21 0.01
  370 Q    -1   5   0  -1  -3   4   1  -2   0  -3  -2   2  -1  -3  -2  -1  -1  -3  -2  -3    0  65   0   0   0  35   0   0   0   0   0   0   0   0   0   0   0   0   0   0  0.62 0.02
  371 G     0   0   0  -1  -3   4   1   4  -1  -3  -3   0  -1  -3  -2   0  -1  -2  -2  -3    0   0   0   0   0  50   0  50   0   0   0   0   0   0   0   0   0   0   0   0  0.54 0.00
  372 L    -2  -3  -3  -4  -2  -3  -3  -4  -2   1   3  -3   1   5  -3  -3  -2   0   2   0    0   0   0   0   0   0   0   0   0   0  50   0   0  50   0   0   0   0   0   0  0.43 0.00
  373 V     3  -2  -2  -2  -1  -1  -2  -1  -2   1   0  -1   0  -2  -2   0   0  -3  -2   3   50   0   0   0   0   0   0   0   0   0   0   0   0   0   0   0   0   0   0  50  0.21 0.00
  374 Q    -1   0   4   1  -3   4   1  -1   1  -3  -3   1  -1  -3  -2   0   0  -3  -2  -3    0   0  50   0   0  50   0   0   0   0   0   0   0   0   0   0   0   0   0   0  0.51 0.00
  375 R    -1   5   0  -2  -3   1   0  -2   0  -3  -2   2  -1  -3  -2  -1  -1  -3  -2  -2    0   0   0   0   0   0   0   0   0   0   0   0   0   0   0   0   0   0   0   0  0.00     0.00

                      K         Lambda
PSI Ungapped         0.1222     0.3178
PSI Gapped           0.0374     0.2670
