
Last position-specific scoring matrix computed, weighted observed percentages rounded down, information per position, and relative weight of gapless real matches to pseudocounts
            A   R   N   D   C   Q   E   G   H   I   L   K   M   F   P   S   T   W   Y   V   A   R   N   D   C   Q   E   G   H   I   L   K   M   F   P   S   T   W   Y   V
    1 I    -3  -4  -6  -6  -4  -5  -5  -6  -2   2   4  -5   0   6  -5  -4  -3  -3  -1  -1    2   0   0   0   0   0   0   0   1   9  49   0   1  36   0   0   0   0   0   2  1.12 0.37
    2 R    -1  -1  -4  -4   4  -1  -3  -4  -2   1   4  -3   2  -1  -4  -2   1  -4  -3   0    5   3   0   0   9   4   0   0   1   6  46   1   5   2   0   3  12   0   0   5  0.49 0.23
    3 Q     0   0   0   2  -4   3   2  -3   0  -4  -3   3  -3  -4  -3   1   1  -5  -3  -3    6   3   4  14   0  15  13   1   2   0   1  21   0   0   0  10   7   0   1   1  0.44 0.21
    4 R    -1   4  -1  -2   0   0  -1  -3   0  -2   2   2  -1  -3  -3  -1   1  -3  -3  -2    5  31   2   1   3   4   1   1   2   0  22  13   0   1   0   3   9   0   0   1  0.38 0.21
    5 L    -3  -5  -6  -7  -4  -5  -6  -6  -5   0   6  -5  -1   4  -6  -5  -4  -4  -3  -2    1   0   0   0   0   0   0   0   0   4  76   0   0  18   0   0   0   0   0   1  1.39 0.44
    6 A    -1  -1   3   0  -5  -1  -1   6  -3  -6  -6  -1  -3  -5  -4  -1  -3  -5  -5  -4    3   3  15   6   0   3   3  57   0   0   0   4   0   0   0   4   1   0   0   1  0.99 0.33
    7 I    -4  -5  -6  -6  -4  -5  -5  -6  -6   6   4  -5   0  -2  -4  -5  -2  -5  -4   3    0   0   0   0   0   0   0   0   0  45  35   0   1   0   1   0   2   0   0  17  1.08 0.35
    8 D    -1   4  -1   2  -5   2   2  -3  -1  -4  -4   3  -3  -5  -2   0   0  -5  -4  -3    4  21   2   9   0   8  16   0   1   0   0  23   0   0   2   5   6   0   0   1  0.53 0.23
    9 H    -3  -3  -4  -5  -3  -3  -3  -5   5   0   1  -2  -1   2  -5  -4  -2   3   6   1    1   1   0   0   0   0   1   0  16   5  17   3   1   6   0   0   2   4  35   9  0.85 0.32
   10 P    -5  -6  -5  -5  -7  -5  -5  -6  -6  -7  -7  -5  -7  -8   9  -5  -5  -8  -7  -6    0   0   0   0   0   0   0   0   0   0   0   0   0   0 100   0   0   0   0   0  3.30 0.77
   11 I    -4  -6  -7  -7  -4  -6  -6  -7  -7   8   1  -6  -2  -3  -6  -6  -4  -6  -4   1    0   0   0   0   0   0   0   0   0  86   9   0   0   0   0   0   0   0   0   5  1.93 0.54
   12 I    -4  -6  -6  -6  -4  -5  -6  -6  -6   7   1  -5   1   3  -6  -5  -3  -1  -3   2    0   0   0   0   0   0   0   0   0  65  11   0   3  11   0   0   0   1   0   9  1.31 0.41
   13 Q    -5  -3  -4  -4  -6   9  -2  -6  -3  -5   0  -3  -4  -6  -5  -4  -4  -6  -5  -4    0   0   0   0   0  88   0   0   0   0  11   0   0   0   0   0   0   0   0   1  2.30 0.70
   14 A     7  -5  -5  -5  -4  -4  -4  -3  -5  -5  -5  -4  -4  -6  -4   1  -3  -6  -5  -4   90   0   0   0   0   0   0   0   0   0   0   0   0   0   0  10   0   0   0   0  1.74 0.56
   15 P    -5  -6  -6  -5  -7  -5  -5  -6  -6  -7  -7  -5  -7  -8   9  -5  -5  -8  -7  -6    0   0   0   0   0   0   0   0   0   0   0   0   0   0 100   0   0   0   0   0  3.33 0.78
   16 M    -5  -6  -6  -7  -6  -5  -6  -7  -6  -3  -2  -6  11  -4  -7  -6  -5  -6  -5  -3    0   0   0   0   0   0   0   0   0   0   0   0 100   0   0   0   0   0   0   0  3.51 0.88
   17 V     7  -5  -5  -5  -4  -4  -4  -3  -5  -4  -5  -4  -4  -6  -4  -2  -3  -6  -5  -1   96   0   0   0   0   0   0   0   0   0   0   0   0   0   0   0   1   0   0   3  1.90 0.60
   18 G    -3  -6  -2  -5  -6  -5  -5   7  -5  -7  -7  -5  -6  -7  -6  -2  -5  -6  -6  -5    0   0   2   0   0   0   0  95   0   0   0   0   0   0   0   3   0   0   0   1  2.27 0.59
   19 V     2  -5  -5  -5  -3  -5  -5  -5  -5   2  -2  -5  -2  -3  -5  -1   0  -5  -4   6   16   0   0   0   0   0   0   0   0   9   0   0   0   0   0   3   5   0   0  66  1.12 0.41
   20 S     1  -4  -3  -3  -1   0  -3  -2  -4  -5  -4  -3  -4  -5  -4   6   1  -6  -5  -4    9   0   0   0   1   4   0   1   0   0   1   0   0   0   0  76   8   0   0   0  1.35 0.51
   21 T    -3  -4  -1   0  -4  -4  -4  -1  -5  -4  -5  -4  -4  -6  -2   1   7  -6  -5  -4    0   0   2   5   0   0   0   4   0   0   0   0   0   0   1   9  79   0   0   0  1.58 0.55
   22 P    -1  -5  -5  -5  -5  -4  -3  -5  -3   1  -3  -4  -4  -6   8  -1  -3  -3  -5   1    4   0   0   0   0   0   1   0   0   9   2   0   0   0  67   5   0   1   0  10  1.74 0.50
   23 A     3   0  -3   0  -4   2   5  -2  -3  -4  -3   1  -3  -5  -3  -1  -2  -5  -4  -2   26   4   0   5   0  10  38   1   0   0   2   8   0   0   1   3   2   0   0   2  0.62 0.29
   24 L    -4  -5  -6  -7  -4  -5  -6  -6  -5  -1   5  -5   7  -2  -6  -5  -4  -5  -4  -1    0   0   0   0   0   0   0   0   0   1  66   0  31   1   0   0   0   0   0   2  1.60 0.50
   25 A     7  -5  -5  -5  -4  -4  -4  -3  -5  -3  -5  -4  -4  -6  -4  -1  -2  -6  -5  -2   93   0   0   0   0   0   0   0   0   1   0   0   0   0   0   3   1   0   0   2  1.76 0.57
   26 A     6  -4  -4  -4  -3  -4  -4  -3  -4   0  -2  -3  -2  -3  -4   2  -2  -5  -4  -2   74   0   0   0   0   0   0   0   0   6   4   1   1   1   0  12   2   0   0   1  1.16 0.44
   27 A     6  -3  -2  -2  -3  -1   1  -2  -4  -2  -4  -1  -4  -5  -3   0   0  -5  -4  -2   66   0   1   2   0   3  11   1   0   2   0   4   0   0   0   4   6   0   0   1  0.92 0.38
   28 V    -1  -6  -6  -6  -4  -5  -6  -6  -6   2  -2  -5  -2  -4  -6  -5  -3  -6  -4   7    4   0   0   0   0   0   0   0   0   9   1   0   0   0   0   0   0   0   0  86  1.76 0.54
   29 S     1  -3  -2  -3   4  -3  -3  -3  -2  -4  -5  -3  -4  -5  -4   6   3  -5  -3  -3    9   1   1   0   7   0   0   1   1   0   0   0   0   0   0  58  21   0   1   1  1.07 0.43
   30 N    -1   1   7  -1  -5  -1   1  -3  -2  -4  -5   1  -2  -6  -4  -1  -3  -6  -5  -5    6   9  60   2   0   1  10   1   0   1   1   7   1   0   0   2   0   0   0   0  1.18 0.42
   31 A     6  -3   1  -4  -2   0  -3  -1   1  -3  -2  -2  -3  -3  -4   1  -2  -5  -2  -3   65   1   7   0   0   5   0   2   3   1   4   1   0   1   0   8   0   0   1   1  0.86 0.37
   32 G    -3  -6  -3  -5  -4  -5  -6   8  -6  -7  -7  -5  -6  -7  -6  -4  -5  -6  -7  -7    0   0   1   0   0   0   0  99   0   0   0   0   0   0   0   0   0   0   0   0  2.48 0.63
   33 G     3  -5  -4  -4  -5  -5  -5   7  -5  -6  -6  -4  -5  -6  -5  -3  -4  -6  -6  -5   27   0   0   0   0   0   0  73   0   0   0   0   0   0   0   0   0   0   0   0  1.74 0.50
   34 L    -4  -5  -6  -7  -4  -5  -6  -7  -6   2   6  -5   2  -1  -6  -5  -4  -5  -4  -2    0   0   0   0   0   0   0   0   0   8  86   0   3   1   0   0   0   0   0   1  1.56 0.48
   35 G    -1  -6  -4  -5  -6  -5  -6   7  -5  -7  -7  -5  -6  -7  -3  -4  -5  -6  -7  -7    3   0   0   0   0   0   0  96   0   0   0   0   0   0   1   0   0   0   0   0  2.33 0.60
   36 S     1  -4  -3  -4  -4  -3  -4  -3  -4  -6  -6  -4  -3  -6  -4   7  -2  -6  -5  -5   10   0   0   0   0   0   0   1   0   0   0   0   0   0   0  88   0   0   0   0  1.78 0.61
   37 V    -4  -5  -6  -6  -4  -4  -6  -7  -6   5   5  -5   0  -2  -6  -5  -4  -5  -4  -1    0   0   0   0   0   1   0   0   0  35  63   0   0   0   0   0   0   0   0   1  1.37 0.43
   38 G     1  -5  -4  -4  -5  -4  -4   5  -5  -6  -6  -4  -5  -6   5  -1  -3  -6  -6  -5   11   0   0   0   0   0   0  50   0   0   0   0   0   0  33   4   1   0   0   0  1.43 0.44
   39 L    -2  -5  -5  -6   4  -4  -5  -5  -5   3   4  -5   2   0  -5  -4  -3  -4  -3   3    3   0   0   0   9   0   0   0   0  14  48   0   4   3   0   0   0   0   0  19  0.83 0.30
   40 G     2  -5  -3  -4  -2  -4  -4   6  -5  -6  -6  -4  -5  -6  -4   2  -3  -5  -5  -5   18   0   0   0   1   0   0  64   0   0   0   0   0   0   0  17   0   0   0   0  1.38 0.43
   41 A     5  -3  -3  -4  -3  -3  -2   0   3  -4  -3  -2   3  -4   0   2  -1  -4   0  -3   50   0   0   0   0   0   1   5   9   0   1   1   8   0   5  13   3   0   3   0  0.67 0.32
   42 S     0  -3  -1  -3   0  -1  -3  -3   1   2   1  -3   3   0  -3   3   0  -4  -1   1    8   0   2   0   2   2   0   1   4  13  15   0  11   3   0  26   3   0   1   9  0.27 0.19
   43 T    -2  -3   3   5  -4  -2  -2  -2  -3  -5  -4   0  -4  -5  -2   3   3  -6  -4  -4    1   0  13  30   0   0   0   1   0   0   1   6   0   0   1  28  18   0   0   0  0.77 0.33
   44 P     2  -3  -2  -4  -2  -2  -1  -2  -1   0   1  -3  -1   2   3  -1  -2  -3  -1   2   19   0   2   0   1   2   3   1   1   3  15   0   0  13  14   4   0   0   1  21  0.30 0.18
   45 A     1   1   0   2  -4   1   4  -3  -2  -4  -4   0  -3  -5  -2   0   2  -5  -4  -3   11   9   4  13   0   6  31   1   0   0   1   2   0   0   1   7  13   0   0   0  0.48 0.23
   46 Q     1  -1   1   0  -4   4   0   0  -2  -2  -3   2  -2  -4  -3   1   0  -4  -3  -2   14   2   8   3   0  28   3   7   0   2   1  15   0   0   0   9   6   0   0   2  0.41 0.22
   47 A     4  -4  -4  -4  -1  -3  -3  -3  -4   1   1  -3   0  -1  -3  -2   0  -4  -1   1   50   0   0   0   1   0   0   1   0  10  15   1   1   2   1   0   5   0   2  11  0.55 0.27
   48 R    -1   6  -1   0  -5  -1   2  -3   1  -4  -2   1  -3   1  -4  -1  -3  -4  -3  -3    5  46   2   6   0   1  14   1   3   0   4   5   0   6   0   5   0   0   0   1  0.67 0.29
   49 E     2   0   0   0  -3   2   2  -2  -1  -3  -3   3  -3  -4  -1   1   0  -4  -3  -2   17   4   3   5   0   9  14   1   1   0   2  19   0   0   2  13   6   0   0   2  0.29 0.17
   50 T     1  -2  -3  -1  -3   3   1  -3  -1  -1   1   0   5  -3  -3  -1   0  -4  -3  -1   13   0   0   4   0  18  10   1   1   3  13   5  23   0   0   2   5   0   0   2  0.39 0.23
   51 I    -4  -5  -6  -6   0  -5  -6  -6  -5   6   2  -5   1  -2  -5  -5  -3  -1   0   2    0   0   0   0   2   0   0   0   0  61  20   0   3   0   0   0   0   1   3  10  1.24 0.40
   52 A     1   1   0   0  -3   1   2  -1   1  -1   0   0  -2  -3  -3   1   0  -4  -3  -2   16  10   4   6   0   7  15   2   4   3   9   5   0   0   0  13   5   0   0   0  0.19 0.13
   53 Q     2   0   0   0  -2   2   3  -2   0  -2  -3   2  -2  -3  -2   0  -1  -3  -3  -2   18   4   3   4   1  10  22   2   2   1   2  16   0   1   1   5   3   0   0   3  0.30 0.15
   54 L    -2  -4  -3  -4  -3  -4  -4  -5  -3   1   1  -4   0   4  -4  -2   4  -3   2   2    2   0   1   0   0   0   0   0   0   9  14   0   2  19   0   0  32   0   8  13  0.61 0.28
   55 R    -1   5  -1  -2  -4   4  -1  -2  -1  -3  -2   2   0  -3  -3  -1  -2  -4  -3  -3    4  42   1   2   0  22   1   2   1   2   4  10   2   1   0   3   2   0   0   1  0.75 0.29
   56 G     3   0   0   0  -2   1   1   0   0  -3  -3   1  -3  -4  -1   2   0  -4  -3  -2   32   4   3   4   1   7  11   5   2   1   1   8   0   0   1  15   4   0   0   1  0.31 0.18
   57 L     1   1  -2  -4  -1  -1  -2   0   0  -1   4  -1   1  -1  -4  -2  -3  -4  -3  -1   11   7   2   0   1   3   1   6   2   2  53   5   2   1   0   1   0   0   0   1  0.42 0.22
   58 T    -1  -1  -2   0  -2  -2  -3  -2  -2  -3  -1   0  -3  -4   0   1   6  -5  -2  -2    4   2   0   5   0   1   0   3   1   0   5   5   0   0   5   7  59   0   1   1  0.81 0.35
   59 D     0   1   3   3  -3   0   1   0  -1  -4  -4   0  -3  -4  -1   1   1  -4  -2  -3    9   8  14  22   0   4   7   8   1   0   0   4   0   0   2  10   7   0   1   1  0.34 0.17
   60 R     0   5   2  -3  -5   2  -2   1   1  -5  -3   3  -3  -5  -2  -1  -1  -5  -4  -4    7  31  11   0   0   9   0  13   3   0   3  16   0   0   1   3   3   0   0   0  0.56 0.25
   61 P     1  -4   2  -4  -2  -4  -4  -4  -4  -2  -3  -2  -4  -5   7   0  -1  -6  -5  -1   10   0  12   0   1   0   0   0   0   2   2   2   0   0  54   7   3   0   0   5  1.27 0.40
   62 F    -3  -5  -6  -6  -4  -5  -5  -6  -4   2   1  -5   0   7  -6  -5  -3  -3   1   3    1   0   0   0   0   0   0   0   0   9  11   0   1  47   0   0   1   0   3  27  1.14 0.37
   63 N    -5  -4   9  -2  -6   1  -4  -3  -1  -7  -7  -4  -6  -7  -6  -3  -4  -7  -6  -7    0   0  92   0   0   6   0   1   1   0   0   0   0   0   0   0   0   0   0   0  2.48 0.68
   64 V    -2  -5  -6  -6   0  -5  -5  -6  -5   2   4  -5  -1  -1  -5  -4  -3  -5  -3   5    1   0   0   0   2   0   0   0   0  11  35   0   0   1   0   0   0   0   0  49  1.03 0.36
   65 N    -5  -4   9  -2  -7  -4  -4  -4  -3  -7  -7  -4  -6  -7  -6  -3  -4  -8  -6  -7    0   0 100   0   0   0   0   0   0   0   0   0   0   0   0   0   0   0   0   0  2.88 0.75
   66 L    -4  -6  -6  -6  -5  -6  -6  -6  -5  -2   2  -6  -2   8  -6  -5  -4  -3   0   3    0   0   0   0   0   0   0   0   0   0  17   0   0  59   0   0   0   0   1  23  1.54 0.47
   67 F    -6  -7  -7  -7  -6  -7  -7  -7  -5  -4  -3  -7   0   9  -8  -6  -6  -3  -1  -5    0   0   0   0   0   0   0   0   0   0   0   0   2  98   0   0   0   0   0   0  2.96 0.72
   68 C     1  -6  -6  -6  10  -6  -6  -5  -6  -4  -4  -6  -4  -6  -6  -2   1  -6  -3   1    9   0   0   0  71   0   0   0   0   0   0   0   0   0   0   3   8   0   1   8  2.42 0.61
   69 H    -6  -4  -3  -5  -7  -2  -4  -6  11  -7  -7  -5  -6  -1  -6  -5  -6  -6  -1  -7    0   0   0   0   0   1   0   0  95   0   0   0   0   2   0   0   0   0   1   0  3.50 0.82
   70 R     1   2  -1   3  -4   3   3  -3  -1  -4  -3   2  -3  -5   1  -1  -1  -5  -4  -3   13  13   1  15   0  15  17   0   1   1   1  10   0   0   7   2   2   0   0   1  0.43 0.21
   71 P    -1  -2  -2  -2  -4  -2   0  -4   0   1  -3   0  -3  -2   6   0   1  -5  -1  -1    3   1   2   1   0   1   8   0   2  11   1   5   0   1  42   7   7   0   2   5  0.78 0.29
   72 A     4  -3  -3  -3  -3  -2   0  -3  -4  -3  -3   0  -3  -2   5  -2  -2  -5   0   1   34   0   1   1   0   0   7   0   0   0   2   5   0   1  32   0   1   0   4  10  0.75 0.31
   73 Q     0   3   1  -1  -3   2   1  -3   1  -1  -2   1  -2  -4   1   0   0  -4  -3   0    6  16   9   1   0  12  10   0   4   3   3   9   0   0   8   7   6   0   0   6  0.24 0.14
   74 A     1   3  -1  -1  -3   1   1  -3  -1  -1  -1   0  -1  -2   2   0  -1  -4  -3  -1   16  19   2   3   0   7   7   0   1   4   7   5   1   2  11   6   3   0   0   4  0.20 0.12
   75 D    -2  -2   3   6  -5   0  -1  -3   1  -5  -4  -1  -5  -6   3  -2  -1  -6  -5  -3    2   2  16  47   0   4   2   1   3   0   1   2   0   0  13   1   3   0   0   3  0.95 0.34
   76 A     2  -1  -1   1  -3   0   0  -2  -1  -2  -2   0  -3  -4   4   1   1  -5  -4  -1   19   3   1   8   0   3   7   1   1   1   3   4   0   0  23  13  11   0   0   3  0.41 0.19
   77 A     2  -1  -1   2  -3   2   3  -2   0  -1  -2   0  -2  -4  -1   0   1  -4  -3  -1   23   3   2  11   0   9  21   1   2   3   2   3   0   0   1   5   8   0   0   5  0.28 0.17
   78 C    -1   4  -1  -2  -1   3   1  -3  -1   0  -1   2  -2  -4  -3  -1  -1  -4  -3   1    4  23   1   1   2  19   6   1   1   6   4  12   0   0   0   2   3   0   0  15  0.36 0.20
   79 E    -1  -1   2   0  -5   1   5  -4   0   1  -2   0  -2  -3  -3  -1  -1  -5  -4   0    5   1   9   4   0   3  46   0   2   8   2   4   1   1   0   2   4   0   0   7  0.55 0.27
   80 A     2   2   0   0  -4   3   2  -2  -2  -4  -3   1  -3  -5  -3   0   0  -4  -4  -3   24  10   5   5   0  19  16   2   0   0   1   7   0   0   0   7   4   0   0   0  0.43 0.22
   81 R     3   2   4  -1  -2   1   0  -2  -2  -3  -4   1  -3  -5  -3  -1  -1  -5  -4  -3   34  11  27   2   1   5   7   1   0   2   0   7   0   0   0   2   2   0   0   0  0.57 0.28
   82 W    -7  -7  -8  -9  -7  -6  -7  -7  -7  -7  -6  -7  -3  -2  -8  -7  -4  13   0  -7    0   0   0   0   0   0   0   0   0   0   0   0   1   1   0   0   2  95   2   0  4.62 0.96
   83 L    -2   1  -2  -4   0  -2  -3  -4   0   3   3   1   1  -1  -4  -3  -1   0   0   0    2   8   2   0   2   1   0   0   2  22  37  10   2   2   0   0   2   1   3   4  0.37 0.20
   84 E     1   1   1   2  -4   3   3  -1  -1  -4  -4   2  -3  -5  -3   0  -1  -5  -4  -4   14   8   6  10   0  16  20   3   1   0   1  15   0   0   0   5   3   0   0   0  0.44 0.21
   85 H     0   3  -3  -4  -3   0  -2  -4   3  -1   2   0  -1   0  -4  -2  -2   3   2  -2   10  18   0   0   0   5   2   0  10   3  26   6   0   3   0   1   1   5   8   1  0.32 0.20
   86 L    -3  -5  -5  -6  -4  -4  -5  -6  -3   0   5  -5   2   3  -5  -4  -4  -2   5  -1    2   0   0   0   0   0   0   0   0   4  52   0   4  11   0   1   0   0  22   3  0.99 0.35
   87 R     2   3   0  -1  -2   2   1  -1   0  -4  -3   2  -3  -4  -3   1  -1  -2  -3  -3   22  16   3   3   1   9   8   4   1   0   1  15   0   0   0  13   3   0   0   1  0.34 0.19
   88 P    -2   1  -1  -1  -5  -1  -1  -3  -4  -5  -5   3  -5  -6   7  -1  -1  -6  -5  -3    3   6   3   3   0   1   3   1   0   0   0  17   0   0  55   3   3   0   0   2  1.34 0.41
   89 L     0  -2  -3  -2  -3   0   0  -3   2   0   2  -2  -1   1  -3  -1  -1   1   4   1   10   2   0   1   0   3   8   1   6   4  21   2   0   4   0   4   3   2  18  10  0.20 0.15
   90 F    -4  -3  -4  -5  -4  -4  -4  -4  -1   0   0  -4  -2   7  -4  -3  -2  -1   4  -1    1   1   0   1   0   0   1   1   1   5   7   1   0  57   1   1   2   0  15   4  1.28 0.36
   91 T     2   0   1   1  -3   1   2   0   1  -2  -2   0  -2  -2  -1   1  -1  -4  -3  -2   24   5   7   6   0   5  19   6   4   1   3   5   1   1   3   8   2   0   0   2  0.22 0.14
   92 E     0   3   0   0  -1   2   3  -1  -1  -3  -3   2  -3  -4  -1   0  -1  -4  -3  -1    8  16   3   3   1   9  27   4   1   1   1  11   0   0   2   5   2   0   0   4  0.36 0.17
   93 L    -2  -3  -2  -2  -1  -1  -1  -2   0   0   1  -1   0   5  -4  -1  -1  -1   4  -1    3   0   2   1   1   3   5   2   2   4  12   3   2  34   0   5   3   0  14   4  0.45 0.19
   94 G    -1  -2   2   2  -4  -1   0   5   1  -4  -4   0  -3  -4  -3  -1  -2  -4  -4  -3    5   1  10  13   0   2   4  47   4   0   2   5   0   0   0   3   1   0   0   1  0.68 0.23
   95 G     4  -2  -2  -1  -2  -1  -1   0  -2   1   0  -1  -2  -3  -2   0   0  -3  -3   0   43   1   1   4   0   2   2   6   1  11   9   2   0   0   0   5   5   0   0   6  0.30 0.17
   96 E     0  -1  -1   2  -3   1   3  -2  -1  -2  -1   1  -2  -3   0   0   1  -3  -2  -1   10   1   1  12   0   7  25   2   1   2   6   7   0   0   3   5  10   0   1   4  0.23 0.13
   97 P     0  -4  -1   0  -2  -2  -1  -3  -4   0  -1  -2  -3  -1   6  -1  -2  -1  -2   1   10   0   3   4   1   1   3   1   0   6   6   1   0   3  42   5   2   1   1  10  0.73 0.26
   98 P    -2  -4  -1  -1  -5  -2  -2  -3  -4  -2  -3   0  -4  -5   7  -2  -2  -6  -5  -2    3   0   4   4   0   1   1   2   0   3   2   6   0   0  64   3   3   0   0   4  1.51 0.43
   99 A     2   0  -1   0  -3   1   1  -2  -2   0  -1   1  -1  -2   1   1   1  -4  -3  -1   23   4   1   5   0   5   8   1   0   7   4  10   1   1   7  10   9   0   0   4  0.16 0.11
  100 A     1   1   0   1  -3   2   2  -1   0  -2  -3   1  -2  -4   1   2   1  -4  -2  -1   12   6   3   7   0   9  15   2   3   2   0   7   0   0   5  15   8   0   0   4  0.23 0.13
  101 L    -2  -2  -5  -4  -4  -4  -5  -5  -5   1   5  -4   1   2  -2  -1  -1  -4  -3  -1    3   2   0   1   0   0   0   0   0   5  65   0   2  10   2   4   4   0   0   2  0.83 0.32
  102 R     0   3   2   1  -4   1   0  -1   1  -3  -3   2  -3  -4   0   1   1  -4  -3  -2    7  18  11   8   0   4   6   3   3   0   2  14   0   0   3   9   9   0   0   1  0.28 0.14
  103 E    -1  -1   2   0   3   0   5  -2  -3  -3  -2  -1  -3  -3  -2  -2  -1  -5  -4   0    5   2  10   3   6   3  49   2   0   1   4   2   0   1   1   1   3   0   0   7  0.62 0.29
  104 I    -2  -3  -4  -5  -3  -4  -4   0  -5   6   0  -4  -1   1   1  -2   0  -4  -3   1    3   1   0   0   0   0   0   8   0  54   5   0   0   5   8   4   5   0   0   7  0.71 0.30
  105 Y    -4  -3   0  -4  -2  -4   2  -5  -1  -5  -4  -3  -4   3  -6  -3  -1  -1   8  -4    0   1   5   0   1   0  14   1   1   0   0   1   0   9   0   2   3   0  61   0  1.56 0.50
  106 R    -2   3  -2  -1  -4   2   1  -3  -2  -3  -3   3  -2  -5   3   0   2  -5  -4  -2    1  19   1   3   0  10   6   1   1   1   1  17   1   0  16   4  15   0   0   3  0.48 0.23
  107 S    -1  -3   0   1  -4  -2  -1  -3  -4  -5  -5  -1  -2  -5   3   5   2  -6  -4  -4    3   0   4   8   0   1   3   1   0   0   0   2   1   0  12  53  13   0   0   0  0.86 0.37
  108 F    -4  -5  -6  -6  -2  -3  -3  -6   1  -1  -2  -6  -3   8  -6  -5  -4   1   2  -3    1   0   0   0   1   1   2   0   3   2   2   0   0  78   0   0   1   1   6   0  1.98 0.53
  109 V     0   0   0   0   0   1   1  -2  -1   0   1   1  -1  -2   1  -1  -1  -2  -1   1    8   5   6   3   3   5  10   1   2   4  16  10   1   1   9   3   1   0   2  11  0.07 0.06
  110 D     1   0   0   3  -3   0   2   0   0  -2  -2   0  -1  -3  -2   1   0  -3  -2  -1   13   4   2  22   0   3  14   6   3   1   2   5   2   1   1   9   4   0   1   6  0.22 0.11
  111 D    -2  -3   4   5  -2  -1   0  -2   1  -4  -2  -1  -3  -1  -3   0  -1  -4  -3  -4    2   1  25  39   1   1   4   2   3   1   4   2   0   3   1   6   4   0   0   1  0.74 0.26
  112 P     0  -1   0   4  -4   1   3  -3   1  -4  -3  -1  -3  -4   3   1  -1  -5  -2  -3    6   3   4  25   0   5  18   1   4   0   1   3   0   0  12  11   4   0   1   1  0.47 0.21
  113 Q     2  -1  -1   3  -3   1   2  -2  -1  -3  -3   0  -3  -3   2   0  -1  -1  -3  -2   21   2   2  21   0   6  17   2   2   1   1   4   0   1  11   5   2   1   0   1  0.38 0.17
  114 M    -3  -1  -3  -5  -4   0  -4  -5   0   0   2  -3   7   3  -5  -2  -1  -3   1  -1    1   3   1   0   0   4   0   0   2   3  19   1  38  15   0   2   4   0   3   3  0.83 0.34
  115 L    -2  -4  -5  -6   3  -1  -5  -5  -3   1   5  -4   1   2  -5  -4  -3   0  -2   1    3   0   0   0   7   4   0   0   1   6  59   0   3   8   0   0   0   1   1   7  0.79 0.30
  116 E     2   0   1   3  -4   2   3  -2   0  -4  -3   0  -3  -5  -3   0  -1  -5  -4  -3   19   5   6  17   0  12  22   2   3   0   1   5   0   0   0   5   3   0   0   1  0.44 0.21
  117 L    -1  -1  -4  -5  -1  -2  -4  -5  -2   1   3  -1   5   1  -3  -3  -1  -3   2   2    3   3   0   0   2   2   0   0   1   4  31   3  18   6   0   0   3   0   7  18  0.46 0.22
  118 L    -3  -4  -3  -5  -2  -3  -4  -6  -5   1   5  -2   0   0  -5  -3  -2  -4  -3   2    1   0   1   0   1   1   1   0   0   7  65   3   1   3   0   2   1   0   0  14  0.87 0.32
  119 L    -1  -3  -1  -1  -2  -2   1  -2  -2   1   4  -1   0  -2  -4  -3  -2  -4  -3   1    3   0   3   4   1   1  12   2   1   8  47   5   1   0   0   1   1   0   0  10  0.37 0.21
  120 E    -1   0   0   3  -5   2   5  -3   0  -5  -3   2  -2  -5  -3  -1  -1  -5  -4  -4    5   3   3  13   0   8  41   1   2   0   2  16   1   0   0   4   2   0   0   0  0.71 0.29
  121 V     0  -2  -2  -2  -2  -1   2  -4  -1   0   2  -2   3   2  -3  -2   2  -1   1  -1    8   1   1   1   1   2  16   0   1   3  25   1   8  10   0   1  14   1   4   3  0.23 0.17
  122 R    -1   5   0  -3  -2   1  -2  -4  -2  -5  -4   5  -2  -5  -1  -2   0  -5  -4  -3    6  36   4   0   1   5   0   0   0   0   1  37   1   0   2   1   5   0   0   2  0.90 0.35
  123 P    -4  -6  -6  -5  -7  -5  -5  -6  -6  -6  -7  -5  -6  -7   9  -5  -5  -8  -7  -2    1   0   0   0   0   0   0   0   0   0   0   0   0   0  96   0   0   0   0   3  3.09 0.74
  124 P     3   0  -2  -2  -4   0   0  -1  -1  -4  -4   4  -3  -5   2  -1  -1  -5  -4  -3   34   3   1   1   0   4   6   4   1   0   0  31   0   0  10   3   3   0   0   0  0.58 0.28
  125 V     1  -5  -6  -6  -4  -5  -5  -6  -6   4  -1  -5   1  -2  -5  -4  -3  -5  -4   6    9   0   0   0   0   0   0   0   0  21   1   0   3   1   0   0   0   0   0  64  1.24 0.42
  126 V    -2  -6  -6  -6  -4  -5  -6  -6  -6   3  -1  -5  -2  -4  -6  -5  -3  -6  -4   7    2   0   0   0   0   0   0   0   0  12   2   0   0   0   0   0   0   0   0  83  1.71 0.52
  127 S    -2  -4  -3  -4  -4  -4  -4  -4  -5  -6  -5  -4  -5  -6  -4   7  -2  -7  -5  -5    0   0   0   0   0   0   0   0   0   0   1   0   0   0   0  98   1   0   0   0  2.12 0.68
  128 F    -6  -7  -7  -7  -6  -7  -7  -7  -5  -4  -3  -7  -4   9  -8  -6  -6  -3  -1  -5    0   0   0   0   0   0   0   0   0   0   0   0   0 100   0   0   0   0   0   0  3.04 0.73
  129 H    -6  -4  -3  -5  -7  -4  -4  -6  11  -8  -7  -5  -6  -5  -6  -5  -6  -7  -2  -7    0   0   0   0   0   0   0   0 100   0   0   0   0   0   0   0   0   0   0   0  3.80 0.87
  130 F    -6  -7  -7  -7  -6  -7  -7  -7  -5  -4  -2  -7  -4   9  -8  -6  -6  -3   0  -5    0   0   0   0   0   0   0   0   0   0   1   0   0  98   0   0   0   0   1   0  2.96 0.72
  131 G    -3  -6  -1  -5  -6  -5  -6   7  -5  -7  -7  -5  -6  -7  -6  -4  -5  -6  -7  -7    0   0   3   0   0   0   0  97   0   0   0   0   0   0   0   0   0   0   0   0  2.39 0.61
  132 L    -2  -5  -5  -6   1  -4  -5  -6   1   3   5  -5   0  -1  -5  -4  -3  -4   0   0    3   0   0   0   3   0   0   0   4  20  59   0   1   1   0   0   0   0   3   5  0.91 0.33
  133 P    -4  -6  -6  -5  -7  -5  -5  -6  -6  -7  -7  -5  -6  -8   9  -5  -5  -8  -7  -6    1   0   0   0   0   0   0   0   0   0   0   0   0   0  99   0   0   0   0   0  3.27 0.78
  134 E     0  -1   0   2  -2   0   1  -1   3  -4  -4   0  -3  -4   2   3   0  -5  -3  -4    5   3   4  13   1   4   8   3   9   0   1   5   0   0   9  31   3   0   0   0  0.41 0.22
  135 Q     2   0   0  -1  -3   2   1  -2   0  -2  -2   2  -2  -3   3   0  -1  -4  -3  -1   23   2   4   1   0  13   8   0   2   1   3  15   0   1  13   7   3   0   0   4  0.31 0.18
  136 R     2   0   0   2  -4   1   3  -1   3  -4  -3   0  -3  -4  -2   1  -1  -4  -2  -3   19   4   3  15   0   7  19   3   8   0   1   3   0   0   1  12   2   0   1   1  0.36 0.19
  137 W     0   0  -2  -3  -3   2  -2  -3  -3   0   1  -1  -1   0  -3   0   3   3   1   1    8   5   1   0   0  12   0   0   0   4  12   3   1   5   0   7  20   5   4  14  0.21 0.16
  138 I    -4  -4  -6  -6  -4  -4  -6  -6  -6   7   2  -5   0  -1  -6  -5  -3  -5  -4   2    0   1   0   0   0   1   0   0   0  69  17   0   2   2   0   0   1   0   0   8  1.38 0.43
  139 D     1   2  -1   3  -4   3   3  -1  -1  -4  -3   2  -2  -4  -3   0  -2  -4  -3  -4   13  11   1  15   0  14  18   3   1   1   1  16   1   0   0   5   0   0   1   0  0.44 0.21
  140 H     3   3  -3  -3  -4   1   0  -2  -2  -4  -3   2  -3  -2  -3   0  -1  -2   0  -2   35  21   0   0   0   7   6   2   0   0   2  13   0   1   0   4   3   1   3   2  0.45 0.24
  141 L    -4  -5  -6  -6  -4  -5  -6  -6  -5   2   6  -5   2   2  -6  -5  -4  -4  -3   1    0   0   0   0   0   0   0   0   0   8  73   0   4   7   0   0   0   0   0   8  1.22 0.39
  142 K    -4   3  -3  -4  -6   5  -2  -5   4  -6  -5   6  -4  -6  -4  -3  -4  -6  -4  -5    0  17   0   0   0  25   0   0  11   0   0  46   0   0   0   0   0   0   0   0  1.33 0.46
  143 A     2   0   1   2  -4   1   2   0  -1  -4  -4   2  -3  -5  -3   1  -2  -5  -4  -3   24   4   6  14   0   8  15   6   1   0   0  13   0   0   0  10   1   0   0   0  0.39 0.20
  144 A     4  -1   0  -3   0   1  -1  -1   1   0   0  -1  -1  -2  -3   0  -1  -2  -1  -1   42   3   4   0   2   8   2   3   3   5  11   2   1   1   0   6   3   1   2   2  0.27 0.19
  145 G    -3  -3   0  -2  -6  -3  -4   7  -5  -7  -7  -2  -6  -6  -5  -2  -4  -6  -6  -6    0   1   4   2   0   1   1  88   0   0   0   2   0   0   0   2   0   0   0   0  1.94 0.53
  146 I     0  -5  -5  -5   3  -5  -5  -3  -6   7   0  -5  -1  -3  -5  -2  -1  -5  -4   1    8   0   0   0   5   0   0   2   0  67   5   0   1   0   0   3   4   0   0   6  1.14 0.40
  147 T    -1   0  -2  -3  -1  -2  -3  -4  -2   1   2   1   1   1  -2  -1   0  -2   2   2    4   4   1   0   1   1   0   0   0   9  19  12   5   6   1   4   6   0   8  19  0.18 0.13
  148 L    -3  -4  -5  -5  -3  -4  -5  -5  -5   2   3  -4   0  -3  -5  -3   3  -5  -3   4    0   0   0   0   0   0   0   0   0  12  36   0   1   0   0   0  18   0   0  32  0.81 0.32
  149 L    -3  -5  -5  -6  -4  -5  -5  -6  -2   2   4  -5   5   6  -6  -5  -4  -1  -1  -1    1   0   0   0   0   0   0   0   1  12  35   0  15  32   0   0   0   1   0   3  1.04 0.36
  150 A     4  -4  -4  -4  -1  -3  -3   0  -4   1  -2  -3  -3  -4  -4   2  -1  -5  -4   3   47   0   0   0   1   0   0   5   0   6   2   0   0   0   0  17   1   0   0  22  0.70 0.32
  151 C    -2  -4  -2  -4   4  -4  -4  -4  -4  -4  -5  -4  -4  -5  -4   5   6  -6  -5  -4    0   0   1   0   8   0   0   0   0   0   0   0   0   0   0  41  49   0   0   0  1.38 0.50
  152 A     6  -5  -5  -5  -3  -4  -4  -3  -5  -1  -4  -4  -4  -5  -4  -1  -2  -6  -5   2   81   0   0   0   0   0   0   0   0   2   0   0   0   0   0   2   2   0   0  13  1.42 0.50
  153 T    -4  -5  -4  -5  -1  -4  -5  -5  -5  -4  -5  -4  -4  -6  -5  -2   8  -6  -5  -4    0   0   0   0   1   0   0   0   0   0   0   0   0   0   0   0  99   0   0   0  2.41 0.71
  154 N    -2  -3   5  -1  -1  -3  -3  -3  -2  -5  -4  -3  -4  -5  -4   5   3  -6  -5  -4    1   0  34   2   1   0   0   0   1   0   1   0   0   0   0  42  19   0   0   0  1.13 0.44
  155 L    -2  -3  -5  -4  -4  -4  -3  -5  -5   1   5  -4  -1  -2   1  -4  -2  -5  -4   4    2   1   0   1   0   0   2   0   0   3  56   0   0   0   6   0   1   0   0  27  0.85 0.33
  156 D     2   0   0   2  -4   2   3  -3   0  -3  -3   2  -3  -2  -2  -1  -1  -4  -3  -2   19   4   4  14   0   8  25   1   2   1   1  12   0   2   1   2   3   0   0   1  0.39 0.20
  157 E    -5  -4  -4  -1  -7  -2   8  -6  -4  -7  -7  -3  -6  -7  -5  -4  -5  -7  -6  -6    0   0   0   1   0   0  99   0   0   0   0   0   0   0   0   0   0   0   0   0  2.43 0.69
  158 A     6  -4  -4  -5  -3  -4  -4   0  -5  -3  -3  -4  -4   0  -4  -2  -1  -5  -4   0   78   0   0   0   0   0   0   5   0   1   1   0   0   4   0   1   3   0   0   7  1.22 0.46
  159 R    -2   5  -2  -2  -1   3   1  -4   0  -2   0   3  -1  -4  -4  -2  -2  -3  -2  -1    3  31   0   1   1  14   7   0   2   2  11  18   1   0   0   1   1   0   1   4  0.49 0.24
  160 A     2   0  -2  -3  -4   4   1  -3   2  -1   0  -1  -1  -2  -3  -2  -2   5   1  -1   21   4   1   0   0  23   7   0   4   4  11   2   1   1   0   1   1   9   4   5  0.37 0.22
  161 I     2  -4  -5  -5   0  -4  -5  -5  -5   4   4  -4  -1  -2  -4  -3  -3  -4  -3   2   19   0   0   0   2   0   0   0   0  30  37   0   0   0   0   1   0   0   0  11  0.75 0.30
  162 E     1  -1  -2  -1  -3   2   4  -3   0   0   0  -1  -1  -3  -3  -1  -1  -4  -2   0   14   2   1   1   0   9  38   0   2   7   9   2   1   0   0   2   3   0   1   8  0.39 0.23
  163 A     3   0   1   2  -4   2   2  -2   0  -4  -4   1  -3  -5  -3   0  -1  -5  -4  -3   30   6   5  14   0   9  16   0   2   0   1   7   0   0   0   6   2   0   0   1  0.43 0.22
  164 A     5  -1   0  -3  -1   0  -2  -2   0  -2   0  -1  -2  -2  -3   1  -2  -4  -2  -2   52   4   4   0   1   4   1   2   2   1  13   2   0   2   0  11   0   0   1   1  0.51 0.28
  165 G    -3  -3   0  -1  -6  -3  -3   7  -3  -7  -7  -1  -6  -6  -4  -3  -4  -6  -6  -6    0   1   4   3   0   1   2  85   0   0   0   4   0   0   0   0   0   0   0   0  1.82 0.51
  166 I     0  -5  -5  -5   3  -5  -5  -5  -5   5   1  -5   2   0  -5  -4  -3  -5  -3   4    7   0   0   0   5   0   0   0   0  37   7   0   5   3   0   0   0   0   0  35  0.88 0.32
  167 D    -4  -5   0   8  -7  -3  -1  -5   1  -7  -7  -4  -6  -7  -5  -4  -4  -8  -6  -7    1   0   4  90   0   1   1   0   4   0   0   0   0   0   0   0   0   0   0   0  2.32 0.62
  168 A     4  -4  -4  -4  -4  -4  -4   4  -4   1  -3  -4  -1   0  -4  -2  -3  -4  -1   0   42   0   0   0   0   0   0  35   0   7   1   0   1   4   0   0   0   0   2   7  0.79 0.33
  169 V    -4  -6  -6  -6  -4  -5  -6  -7  -6   7   2  -5  -1  -3  -6  -5  -3  -5  -4   4    0   0   0   0   0   0   0   0   0  61  13   0   0   0   0   0   0   0   0  26  1.42 0.44
  170 I    -4  -6  -6  -6  -4  -5  -6  -6  -6   6  -1  -5  -2  -3  -6  -5  -3  -6  -4   6    0   0   0   0   0   0   0   0   0  40   1   0   0   0   0   0   0   0   0  59  1.58 0.48
  171 A     6  -5  -5  -5   5  -4  -4  -3  -5  -3   1  -4  -3  -5  -4  -1  -3  -5  -5  -1   68   0   0   0  13   0   0   0   0   0  13   0   0   0   0   1   0   0   0   4  1.22 0.45
  172 Q    -5  -3  -4  -4  -7   9  -2  -6  -3  -7  -6  -3   1  -7  -5  -4  -5  -6  -5  -6    0   0   0   0   0  97   0   0   0   0   0   0   3   0   0   0   0   0   0   0  2.77 0.79
  173 G    -3  -6  -4  -5  -6  -5  -6   8  -6  -7  -7  -5  -6  -7  -6  -2  -5  -6  -7  -7    0   0   0   0   0   0   0  98   0   0   0   0   0   0   0   2   0   0   0   0  2.43 0.62
  174 Y    -3  -4  -4  -2  -5  -5  -5  -6  -3   3  -1  -5  -2   3  -6  -5  -3   6   7  -1    1   1   0   3   0   0   0   0   0  22   4   0   1   9   0   0   0  13  42   3  1.29 0.42
  175 E    -5  -4  -2  -2  -7  -1   8  -5  -4  -7  -7  -3  -6  -7  -5  -4  -4  -7  -6  -6    0   0   1   0   0   0  98   0   0   0   0   0   0   0   0   0   0   0   0   0  2.39 0.69
  176 A     7  -5  -5  -5  -4  -4  -4  -3  -5  -5  -5  -4  -4  -6  -4  -2  -3  -6  -5  -4   99   0   0   0   0   0   0   0   0   0   0   0   0   0   0   0   0   0   0   0  2.04 0.63
  177 G    -3  -6  -4  -5  -6  -5  -6   8  -6  -7  -7  -5  -6  -7  -6  -4  -5  -6  -7  -7    0   0   0   0   0   0   0 100   0   0   0   0   0   0   0   0   0   0   0   0  2.53 0.64
  178 G    -3  -6  -4  -5  -6  -5  -6   8  -6  -7  -7  -5  -6  -7  -6  -4  -5  -6  -7  -7    0   0   0   0   0   0   0 100   0   0   0   0   0   0   0   0   0   0   0   0  2.53 0.64
  179 H    -6  -4  -3  -5  -7  -4  -4  -6  11  -8  -7  -5  -6  -5  -6  -5  -6  -7  -2  -7    0   0   0   0   0   0   0   0 100   0   0   0   0   0   0   0   0   0   0   0  3.80 0.87
  180 R    -5   9  -4  -5  -7  -3  -4  -6  -4  -7  -6  -1  -5  -7  -6  -4  -5  -7  -5  -6    0  99   0   0   0   0   0   0   0   0   0   0   0   0   0   1   0   0   0   0  2.70 0.71
  181 G    -3  -6  -4  -5  -6  -5  -6   8  -6  -7  -7  -5  -6  -7  -6  -4  -5  -6  -7  -7    0   0   0   0   0   0   0 100   0   0   0   0   0   0   0   0   0   0   0   0  2.53 0.64
  182 I    -2  -3   4  -2   0  -1  -3  -4   0   3  -1  -3   4  -3  -4   0   0  -5  -3   2    3   1  23   1   2   3   0   0   3  20   2   0  16   0   0   6   6   0   0  14  0.45 0.25
  183 F    -6  -7  -7  -7  -6  -7  -7  -7  -2  -4  -3  -7  -4   9  -7  -5  -6  -3   1  -5    0   0   0   0   0   0   0   0   1   0   0   0   0  96   0   1   0   0   2   0  2.88 0.70
  184 D    -2  -4   2   5  -4  -3   0  -4  -2  -1   2  -2  -2  -3  -2  -1  -2  -5  -4  -3    4   0   9  41   0   0   3   0   1   4  28   2   0   0   2   3   2   0   0   1  0.64 0.29
  185 P     1  -2  -2   0  -3  -1   0  -2  -3  -1  -2  -3  -3  -5   6   1  -1  -5  -4   0   12   1   1   4   0   3   7   3   0   3   3   0   0   0  38  14   3   0   0   8  0.69 0.27
  186 E    -1   0   3   4  -4   1   1  -1   1  -3  -4   0  -3  -3  -1   1   1  -4  -3  -3    4   4  17  23   0   8   9   3   3   1   1   4   0   1   3  11   9   0   0   0  0.40 0.19
  187 H    -1  -1  -1   1  -3   0   1  -2   1   0   1   0  -1   1   3  -1  -1  -1  -1  -1    5   2   3   8   0   3  13   2   5   6  16   4   0   8  14   3   4   1   1   1  0.14 0.10
  188 D    -2  -5   0   8  -7  -3   0  -4  -2  -6  -7  -4  -6  -7  -5  -2  -1  -7  -6  -6    3   0   3  84   0   0   4   1   1   0   0   0   0   0   0   2   3   0   0   0  2.03 0.57
  189 D     1  -1  -2   2  -3   0   4   0  -1  -4  -3  -1  -3  -5   0   1   1  -5  -4  -3   11   2   0  12   0   3  37   8   1   0   2   1   0   0   5  10   7   0   0   1  0.49 0.24
  190 R     1   2   3  -1   2   4   1   0  -2  -4  -3   2  -3  -5  -3  -1  -2  -1  -2  -4   11  12  14   2   5  26   8   6   0   0   1  12   0   0   0   2   0   1   1   0  0.47 0.24
  191 L    -3  -5  -6  -6  -4  -4  -5  -6  -5   3   5  -5   2  -1  -5  -4  -3  -3  -4   0    1   0   0   0   0   0   0   0   0  15  71   0   5   1   0   1   1   0   0   5  1.15 0.38
  192 G    -1  -3  -1  -1  -4  -2  -3   4  -4  -5  -5   0  -4  -5   1   4   1  -5  -5  -5    1   1   2   3   0   1   0  37   0   0   0   5   0   0   6  38   6   0   0   0  0.84 0.34
  193 T    -2  -5  -4  -5  -4  -4  -4  -5  -5  -3  -1  -4  -4  -5  -5  -2   8  -6  -5  -2    2   0   0   0   0   0   0   0   0   1   7   0   0   0   0   1  88   0   0   1  1.89 0.61
  194 L     0  -1  -2  -4  -2   0  -1  -4   0   0   2  -2   3   5  -4  -1  -2   0   1   0    9   3   1   0   0   4   3   0   3   3  22   2  10  26   0   5   1   1   3   4  0.34 0.19
  195 A     4  -3  -1   1   1   0   1  -2  -1  -2  -3  -2  -3  -4   0   1   0  -5  -4  -1   40   0   1   8   3   4  10   1   1   2   1   1   0   0   5  12   6   0   0   4  0.40 0.23
  196 L    -5  -6  -7  -7  -5  -5  -6  -7  -6  -2   7  -6  -1  -3  -6  -6  -4  -5  -4  -2    0   0   0   0   0   0   0   0   0   0 100   0   0   0   0   0   0   0   0   0  1.96 0.57
  197 V    -3  -5  -4  -5  -1  -4  -5  -5  -5   0   2  -4  -2   4  -5  -3   3  -4  -2   4    0   0   0   0   1   0   0   0   0   3  16   0   0  20   0   0  23   0   0  38  0.80 0.34
  198 G    -2   4  -1   0  -4   3   0  -3  -1  -2  -3   2  -3  -5   3   1  -1  -5  -4  -3    2  29   2   4   0  15   6   0   1   2   2  12   0   0  13   9   3   0   0   1  0.53 0.24
  199 S    -1   1  -3  -2  -3   5   0  -4  -3   0   3   0   0  -3  -4  -2  -1  -4  -3  -1    6   7   0   2   0  29   4   0   0   5  33   4   1   0   0   1   3   0   0   4  0.46 0.26
  200 L    -2  -5  -5  -5  -2  -4  -5  -5  -5   4   4  -5  -1  -1  -5  -2  -1  -4  -3   3    2   0   0   0   0   0   0   0   0  27  44   0   0   1   0   3   3   0   0  20  0.84 0.31
  201 V     1   0  -3  -4  -1   0  -2  -4  -2   0   0   2  -1  -3  -4  -2  -1  -5  -3   4   14   5   0   0   1   4   1   0   1   3   9  17   1   0   0   2   2   0   0  41  0.42 0.24
  202 P     1   2   1   2  -3   2   1  -1  -1  -4  -4   2  -3  -4  -2   1  -1  -4  -3  -3   13  14   5  15   0  12   9   4   0   1   1  15   0   0   1   8   3   0   0   0  0.37 0.18
  203 A     1   1   1  -1  -1   2   1  -2   3  -2  -1   1   0  -2  -2   0   0  -2   1  -1   16   8   9   2   1  10   7   2  10   1   5   8   3   1   1   3   4   0   7   3  0.15 0.10
  204 L    -1  -2  -1  -1   4  -1  -2  -4  -1   1   1  -3  -1   0  -2   0   1  -3  -1   3    2   1   2   4  11   3   1   0   2   9  16   0   0   4   1   9  11   0   1  23  0.24 0.16
  205 N     0   1   1   3  -3   0   1   0  -2  -1  -3   1  -3  -4  -1   2   0  -4  -3  -1    4   8   8  17   0   4   7   5   0   4   0   8   0   0   2  22   6   0   0   4  0.26 0.15
  206 V    -2  -4  -4  -4   0  -4  -4  -4  -3   2   3  -3   0  -1   3  -2  -1  -4  -3   2    2   0   0   0   2   0   0   0   1  13  38   1   0   2  16   2   4   0   0  18  0.56 0.23
  207 P    -4  -4  -5  -5  -6  -5  -5  -6  -5  -5  -4  -3  -5   3   8  -4  -4  -5   3  -4    0   1   0   0   0   0   0   0   0   0   1   1   0  12  74   0   0   0   9   1  2.19 0.58
  208 V    -3  -5  -6  -6  -4  -5  -5  -6  -6   4   2  -5  -1  -3  -5  -5  -3  -5  -4   6    0   0   0   0   0   0   0   0   0  25  15   0   0   0   0   0   0   0   0  60  1.30 0.42
  209 I    -4  -6  -6  -6  -4  -6  -6  -7  -7   7  -1  -6  -2  -3  -6  -5  -4  -6  -4   3    0   0   0   0   0   0   0   0   0  79   0   0   0   0   0   0   0   0   0  21  1.88 0.54
  210 A     6  -5  -5  -5  -4  -4  -4  -3  -5  -5  -5  -4  -4  -6   4  -1  -3  -6  -5  -4   77   0   0   0   0   0   0   0   0   0   0   0   0   0  20   3   0   0   0   0  1.57 0.53
  211 A     7  -5  -5  -5  -4  -4  -4  -3  -5  -5  -5  -4  -4  -6  -4  -1  -1  -6  -5  -3   94   0   0   0   0   0   0   0   0   0   0   0   0   0   0   2   4   0   0   0  1.84 0.59
  212 G    -3  -6  -4  -5  -6  -5  -6   8  -6  -7  -7  -5  -6  -7  -6  -3  -5  -6  -7  -7    0   0   0   0   0   0   0 100   0   0   0   0   0   0   0   0   0   0   0   0  2.50 0.63
  213 G    -3  -6  -4  -5  -6  -5  -6   8  -6  -7  -7  -5  -6  -7  -6  -3  -5  -6  -7  -7    0   0   0   0   0   0   0  99   0   0   0   0   0   0   0   1   0   0   0   0  2.46 0.63
  214 I    -5  -6  -7  -7  -4  -6  -7  -7  -7   8   0  -6   0  -3  -6  -6  -4  -6  -5   0    0   0   0   0   0   0   0   0   0  88   7   0   2   0   0   0   0   0   0   3  2.00 0.56
  215 M     0  -5  -2  -4  -5  -4  -5  -1  -1  -1  -2  -5   9  -3  -5  -2  -2  -5  -1   1    7   0   2   1   0   0   0   6   1   1   0   0  66   0   0   2   3   0   2  10  1.63 0.55
  216 D    -4  -4   3   7  -6  -3  -1  -3  -2  -6  -6  -4  -6  -6  -5   0   1  -7  -6  -6    0   0  14  70   0   0   1   1   1   0   0   0   0   0   0   6   7   0   0   0  1.66 0.50
  217 G     1  -5  -3  -3  -5  -4  -4   6   0  -6  -6  -4  -5  -6  -1   1  -3  -5  -5  -5    9   0   0   1   0   0   1  71   3   0   0   0   0   0   3  12   1   0   0   0  1.44 0.44
  218 R     3   2  -1  -1  -3   2   1  -1   1  -4  -4   2  -1  -2  -2   0  -1  -4  -1  -2   27  14   1   2   0  12   7   2   4   0   0  15   1   1   0   6   3   0   2   2  0.35 0.20
  219 G     0  -3  -2   3  -4   1  -1   5   0  -3  -4  -3  -4  -5  -4   0   1  -5  -4  -3    7   0   0  20   0   8   2  41   2   2   1   0   0   0   0   6  12   0   0   1  0.69 0.28
  220 I     1  -6  -6  -6  -4  -5  -6  -6  -6   7  -1  -5   0  -3  -5  -4  -3  -6  -4   3   11   0   0   0   0   0   0   0   0  69   2   0   1   0   0   0   0   0   0  17  1.42 0.45
  221 R     3   3   0  -2  -2   0   0  -2  -2  -3  -2   2  -3  -3  -3   0  -2  -2  -3  -1   34  18   5   1   0   4   4   1   0   0   4  16   0   1   0   7   1   1   0   3  0.40 0.22
  222 A     4  -1  -1  -3  -3   0   0  -1   1  -3  -3   0  -3  -1  -3   0   0  -1   3  -3   45   3   3   0   0   4   6   4   4   0   1   6   0   2   0   5   4   1  12   0  0.46 0.25
  223 A     4  -4  -4  -5  -1  -4  -4  -4  -3  -2  -1  -4   5   0  -4  -2  -2  -3   5   1   40   0   0   0   1   0   0   0   0   1   3   0  16   3   0   1   1   0  24   9  0.84 0.36
  224 L    -4  -3  -6  -6  -2  -3  -5  -6  -5   2   6  -5   4   0  -6  -5  -4  -4  -3  -1    0   1   0   0   1   1   0   0   0   8  76   0   9   4   0   0   0   0   0   2  1.27 0.41
  225 A     2   0   1   3  -3   1   1  -2  -1  -3  -4   1   0  -4  -3   1  -1  -4  -3  -2   25   6   7  18   0   8   6   1   1   1   0  10   3   0   0  12   2   0   1   1  0.35 0.19
  226 L    -1  -1   1  -4  -2   1  -2  -4   1   0   5  -1   0  -1  -4  -2  -3  -4  -1  -2    4   3   7   0   1   7   2   0   4   2  60   3   1   2   0   2   0   0   1   0  0.59 0.28
  227 G    -3  -6  -2  -5  -6  -1  -5   7  -5  -7  -7  -5  -6  -7  -6  -4  -5  -6  -6  -7    0   0   1   0   0   3   0  96   0   0   0   0   0   0   0   0   0   0   0   0  2.33 0.60
  228 A     7  -5  -5  -5  -1  -4  -4  -3  -5  -1  -4  -4  -4  -5  -4  -1  -3  -6  -5  -1   91   0   0   0   1   0   0   0   0   3   0   0   0   0   0   1   0   0   0   4  1.69 0.56
  229 E     3  -2  -2   2  -1   1   0  -1  -2  -2  -3  -1  -2  -4  -2   3  -1  -5  -4   1   27   1   0  12   1   5   5   2   0   1   1   3   1   0   1  27   2   0   0  11  0.37 0.22
  230 A     6  -5  -4  -5  -4  -4  -4   3  -5  -5  -5  -4  -4  -6  -4  -1  -3  -6  -5  -4   76   0   0   0   0   0   0  22   0   0   0   0   0   0   0   2   0   0   0   0  1.48 0.50
  231 V     4  -5  -5  -6   1  -5  -5  -4  -5  -1  -3  -5  -3  -4  -5  -3  -2  -6  -4   6   31   0   0   0   2   0   0   1   0   1   0   0   0   0   0   0   2   0   0  63  1.24 0.45
  232 Q    -5  -3  -4  -4  -2   9  -2  -6  -3  -7  -6  -3  -2  -7  -5  -2  -4  -6  -5  -5    0   0   0   0   1  96   0   0   0   0   0   0   1   0   0   2   0   0   0   0  2.67 0.77
  233 M    -4  -5  -6  -6  -4  -4  -5  -6  -5   1   5  -5   6  -2  -6  -4  -4  -4  -4   1    0   0   0   0   0   0   0   0   0   6  66   0  20   0   0   1   0   0   0   7  1.28 0.42
  234 G    -3  -6  -4  -5  -6  -5  -6   8  -6  -7  -7  -5  -6  -7  -6  -4  -5  -6  -7  -7    0   0   0   0   0   0   0 100   0   0   0   0   0   0   0   0   0   0   0   0  2.53 0.64
  235 T    -4  -5  -4  -5  -5  -4  -4  -5  -5  -4  -5  -4  -4  -6  -5   0   8  -6  -5  -4    0   0   0   0   0   0   0   0   0   0   0   0   0   0   0   4  96   0   0   0  2.30 0.69
  236 A     6  -5  -5  -5  -3  -4  -4  -2  -5   0  -3  -4  -4  -5  -4  -2  -2  -6  -5   1   83   0   0   0   0   0   0   1   0   5   1   0   0   0   0   0   1   0   0   9  1.42 0.50
  237 F    -6  -6  -7  -7  -6  -7  -7  -7  -4  -4  -2  -7  -3   9  -7  -6  -6   2   3  -4    0   0   0   0   0   0   0   0   0   0   1   0   0  87   0   0   0   3   8   0  2.60 0.65
  238 I    -4  -5  -6  -6  -4  -5  -5  -6  -6   5   4  -5  -1  -2  -5  -5  -3  -5  -4   3    0   0   0   0   0   0   0   0   0  32  45   0   0   0   0   0   0   0   0  23  1.11 0.37
  239 A     3  -2  -3  -2   0   1  -2   1  -2  -2   2  -2  -2  -1   2   0   0  -4  -3  -2   27   2   0   2   2   6   0  12   1   0  23   1   0   3  11   6   4   0   0   1  0.26 0.19
  240 C    -1  -6  -5  -6  10  -5  -6  -5  -6  -4  -5  -5  -4  -6  -5  -1   4  -6  -6  -1    5   0   0   0  62   0   0   0   0   0   0   0   0   0   0   5  25   0   0   3  2.25 0.60
  241 P    -1  -2  -2   1  -5  -1  -1  -4  -3  -5  -5   1  -5  -6   7   0  -1  -6  -5  -3    5   2   2   7   0   3   2   1   0   0   0   9   0   0  59   5   4   0   0   1  1.42 0.42
  242 E    -4  -3  -3  -1  -7   1   7  -3  -3  -7  -6  -2  -5  -7  -4  -1  -2  -6  -5  -6    0   0   0   1   0   6  85   2   0   0   0   0   0   0   0   3   2   0   0   0  1.87 0.58
  243 S     2  -4  -3  -4   2  -3  -3  -3  -4  -5  -5  -3  -5  -6  -4   7   0  -6  -5  -4   13   0   0   0   3   0   0   0   0   0   0   0   0   0   0  79   5   0   0   1  1.50 0.54
  244 S     3  -1   2  -2  -3   0  -2  -2  -2  -2  -1   1  -1  -4  -3   3   1  -4  -3  -2   25   3  13   0   0   3   0   2   0   2   8   8   1   0   0  26   8   0   0   2  0.35 0.22
  245 A     5  -4  -1  -4  -3  -3  -4  -3  -4   1  -3  -3  -3  -4  -4   0   2  -5  -4   2   58   0   3   0   0   0   0   0   0   9   0   0   0   0   0   6  11   0   0  13  0.82 0.36
  246 N    -1  -2   4   4  -2  -2  -1  -2   1  -5  -5  -2  -4  -5   1   3  -1  -6  -4  -5    4   2  22  28   1   0   1   2   3   0   0   1   0   0   7  26   2   0   0   0  0.75 0.31
  247 A     2  -1  -2   1  -2   1   1  -2  -2  -4  -4   1  -3  -4   4   1   0  -5  -2  -2   24   3   0   8   1   5  11   2   1   0   0   8   0   0  20  10   6   0   1   1  0.45 0.21
  248 A     3  -3  -1  -2  -3  -2  -1   2   0  -1  -1  -1  -1   3  -3  -1  -1  -2   1  -1   29   0   3   2   0   0   3  17   3   3   5   3   1  17   0   2   3   0   5   5  0.26 0.17
  249 Y    -5  -3  -3  -6  -5  -4  -5  -6   6   1  -4  -5  -4   4  -6  -5  -5   3   8  -2    0   1   1   0   0   0   0   0  20   7   0   0   0  16   0   0   0   4  50   2  1.68 0.50
  250 R    -2   7   0  -4  -5  -1  -2  -2  -1  -5  -3   2  -4  -5  -4   0  -2  -5  -4  -5    2  67   3   0   0   1   2   3   1   0   3  10   0   0   0   6   2   0   0   0  1.31 0.43
  251 A     2   1   1   2  -4   3   1  -2   0  -4  -4   2  -3  -4  -3   0   0  -4  -3  -3   21   8   7  14   0  14  10   1   1   0   0  15   0   0   0   4   4   0   0   1  0.38 0.19
  252 A     4  -1  -2  -3  -1   0  -2  -3  -2  -1   1   0   0  -2  -1   0  -1  -4  -2  -1   51   4   2   1   1   4   2   0   1   2  14   4   2   1   3   4   2   0   1   3  0.42 0.24
  253 L    -4  -5  -5  -6  -4  -4  -5  -4  -5   2   5  -4   1   1  -5  -3  -3  -4  -3   1    0   0   0   0   0   0   0   1   0  13  70   1   2   5   0   1   0   0   0   7  1.06 0.36
  254 R     0   1   0   0  -3   1   0  -1   0  -2   0   2   0   2  -3   0   1  -3  -1  -2   10   8   3   4   0   7   4   4   2   1  10  16   2  14   0   7  10   0   0   1  0.12 0.11
  255 S     0   0   2   1   0   0   1   2  -1  -4  -3  -1  -2  -4  -2   4  -1  -4  -3  -4    5   4  12   6   2   4   7  13   1   0   2   2   1   0   1  37   2   0   1   0  0.41 0.23
  256 D     1  -1   0   2  -2   2   1  -1   0  -3  -2   0  -2  -3   3   0  -1  -3  -3  -2   16   2   3  14   1   9  11   3   3   1   2   6   1   1  17   7   2   0   0   3  0.31 0.14
  257 K     2   1   1   1  -2   1   0   0   0  -2  -2   1  -2  -3   1   1   0  -3  -1  -2   20  11   8   6   0   5   5   7   2   2   2   6   0   1   6   8   5   0   1   2  0.15 0.08
  258 A     3   0  -1   0  -1   0   0   1  -1  -2  -1  -1  -2  -3  -1   1  -1  -3  -2  -2   37   6   2   5   1   5   5  10   1   1   6   3   0   0   3   8   2   0   2   2  0.23 0.15
  259 W     0   1   0   0  -3   0   1  -1   2  -1  -2   0  -1  -2   2   1   0  -1   1  -2    9   8   4   5   0   4   8   4   8   3   4   5   1   1  12  10   7   1   5   2  0.14 0.08
  260 H    -1   0   1   2  -1   1   1  -1   5  -2  -2   0  -2  -4   2   0   0  -4  -2  -3    4   6   5  12   1   6  11   5  18   2   3   4   1   0  11   5   6   0   0   1  0.33 0.17
  261 T    -4  -5  -4  -5  -5  -5  -5  -5  -6  -5  -5  -5  -5  -6  -4  -2   8  -6  -6  -4    0   0   0   0   0   0   0   0   0   0   0   0   0   0   0   0 100   0   0   0  2.48 0.76
  262 Q     1   2  -3  -3  -1   2   0  -4  -3   2  -1  -1   1  -3  -3  -2   1  -4  -3   3   13  11   0   0   1   9   6   0   0  15   3   2   3   0   0   1   9   0   0  26  0.30 0.20
  263 V    -4  -5  -6  -6  -4  -4  -6  -6  -5   3   2  -5   9  -1  -6  -5  -4  -5  -4   1    0   0   0   0   0   0   0   0   0  18  19   0  54   2   0   0   0   0   0   7  1.64 0.53
  264 T    -3  -5  -4  -5  -4  -4  -4  -5  -5   0  -4  -4  -2  -5  -5   0   7  -6  -5   0    0   0   0   0   0   0   0   0   0   4   1   0   1   0   0   5  84   0   0   6  1.80 0.61
  265 A     2   3   2   1  -1  -1  -1  -2  -1  -4  -4   0  -3  -5   2   2   0  -5  -4  -3   24  16  12   9   1   1   2   0   1   0   0   3   0   0  10  18   3   0   0   0  0.43 0.24
  266 A     4  -4  -2  -4  -2  -3  -3  -3  -4   0   3  -3  -1  -1  -4   0  -1  -4  -1   2   39   0   1   0   1   0   0   0   0   5  27   0   1   1   0   7   3   0   2  12  0.47 0.26
  267 I    -4  -6  -6  -6  -1  -5  -6  -6  -6   6   0  -5  -2   4  -2  -5  -3  -4  -3   4    0   0   0   0   1   0   0   0   0  52   4   0   0  16   2   0   0   0   0  25  1.21 0.41
  268 S    -2  -4  -3  -4  -4  -4  -4  -4  -5  -6  -6  -4  -5  -6  -4   7   2  -6  -5  -5    0   0   0   0   0   0   0   0   0   0   0   0   0   0   0  90  10   0   0   0  1.92 0.66
  269 G    -3  -6  -4  -5  -6  -5  -6   8  -6  -8  -7  -5  -6  -7  -6  -4  -5  -6  -7  -7    0   0   0   0   0   0   0 100   0   0   0   0   0   0   0   0   0   0   0   0  2.56 0.67
  270 R    -5   8  -4  -5  -7  -2  -3  -5  -4  -6  -3   4  -5  -6  -5  -4  -4  -6  -5  -6    0  77   0   0   0   0   0   1   0   0   2  20   0   0   0   0   0   0   0   0  2.02 0.61
  271 P    -1  -2   0  -5  -6  -2  -3  -4  -1  -3  -6  -3  -4  -2   8  -2  -4  -7  -6  -5    5   3   5   0   0   2   1   0   2   2   0   0   0   2  76   3   0   0   0   0  2.06 0.59
  272 A     7  -5  -5  -5  -4  -4  -4  -3  -5  -5  -3  -4  -4  -6  -4  -2  -3  -6  -5  -4   96   0   0   0   0   0   0   0   0   0   3   0   0   0   0   0   1   0   0   0  1.93 0.63
  273 R    -5   9  -4  -6  -7  -3  -4  -6  -4  -7  -6  -2  -5  -7  -6  -5  -5  -7  -6  -6    0 100   0   0   0   0   0   0   0   0   0   0   0   0   0   0   0   0   0   0  2.78 0.76
  274 G     1  -5  -3  -4   7  -4  -4   4  -5  -4  -5  -4  -4  -5  -4   1   3  -5  -5  -4   14   0   0   0  23   0   0  37   0   1   0   0   0   0   0   8  17   0   0   0  1.08 0.39
  275 L    -4  -4  -6  -6  -4  -5  -6  -6  -5   5   4  -5   2  -1  -5  -5  -3  -5  -3   2    0   1   0   0   0   0   0   0   0  40  43   0   4   2   0   0   0   0   0  10  1.10 0.37
  276 V     1   1  -1  -1   0  -1   0  -2  -1   1   0   1   0  -2  -1   0  -1  -4  -2   2   13  11   2   2   2   2   6   1   1   9   7  10   1   0   2   8   2   0   1  20  0.10 0.10
  277 N    -4  -3   7  -3  -5  -3  -4  -2  -3  -4  -6  -4  -5  -6  -5   0   4  -7  -5  -5    0   0  62   0   0   0   0   2   0   1   0   0   0   0   0   4  31   0   0   0  1.69 0.57
  278 R     0   5  -3   0  -5   0  -1  -3   2  -5  -3   0  -4  -5   5  -2  -2  -5  -3  -3    9  35   0   5   0   4   2   1   5   0   2   5   0   0  26   1   2   0   1   1  0.81 0.33
  279 L    -3  -6  -4  -7  -5  -6  -6  -6  -4  -1   1  -6   0   8  -7  -5  -5   5   2  -3    2   0   1   0   0   0   0   0   0   4  11   0   2  70   0   0   0   7   4   1  1.83 0.53
  280 F    -2  -4  -4  -4   2  -1  -4  -5   2   4   0  -4   3  -1  -4  -1   3  -1  -2   0    2   0   0   0   5   3   0   0   5  33   6   0   9   3   0   2  25   1   1   4  0.56 0.29
  281 T     0   3   0   2  -2   2   3  -3   0  -3  -3   1  -3  -4  -3   0   0  -5  -3  -2    9  23   4  12   1   8  19   1   2   1   2   5   0   0   0   7   5   0   0   2  0.40 0.21
  282 D    -1   0   0   2  -4   0   2  -2   0  -1   1   0   0   1  -3   0  -1   5  -1  -2    5   3   5  12   0   2  19   1   2   3  15   7   2   6   0   5   2  10   1   0  0.23 0.15
  283 L     0  -3  -3  -3  -2  -2  -2   2  -2   2   3  -3   2  -1  -4  -2   0  -4  -3   0    9   0   0   1   1   1   3  18   1  10  37   0   5   1   0   2   5   0   0   5  0.33 0.19
  284 Q     0   1  -1   2  -3   1   1   1   0   1  -1  -1  -1  -3  -3  -1   0  -2  -1   0    9   7   2  12   0   8  13  13   3  10   5   1   1   0   0   3   4   0   2   8  0.11 0.10
  285 S     1   1   0   2  -1   1   1   1  -1  -3  -2   0  -2  -3   2   1   1  -4  -2  -2   10   8   4  11   1   6   6  11   1   1   3   5   0   0  11  11   8   0   1   1  0.20 0.10
  286 P     0  -1   1   0   0   0   0  -1  -1   0   0   0   0   0   2   0   0  -1   0   0   11   2   8   5   3   4   5   4   1   5  11   4   1   4  10   6   5   1   4   7  0.04 0.02
  287 D     0   0   1   1  -3   2   1   0   1  -1  -2   1   0  -2   2   0   0  -3  -2  -2    5   5   5   9   0  11   7   9   4   4   4   9   4   1  10   8   4   0   0   1  0.15 0.09
  288 A     1   2   1   1   0   0   0   1   0  -2  -1  -1  -1  -3   1   1   0  -4  -3  -1   13  14   5   9   2   2   6  10   3   1   6   1   1   0   7  12   4   0   0   4  0.13 0.10
  289 P     0  -1   0   2  -2  -1   1  -1  -1  -2  -1   0  -2  -3   4   0   0  -4  -1   0    8   1   3  13   1   1  12   4   1   1   7   6   0   1  22   6   4   0   2   7  0.28 0.14
  290 A     1   0   0   2  -2   1   3  -1  -2  -2  -2   0  -1  -3   1   0   0  -2  -3  -2   14   4   3  12   1   6  21   3   0   2   4   4   1   1   8   7   6   0   0   2  0.21 0.13
  291 L     0  -2  -4  -5  -3  -2  -4  -5  -3   4   3  -4   0  -1   1  -2  -1  -4  -3   2    6   2   0   0   0   1   0   0   1  27  33   0   1   2   7   1   3   0   0  16  0.53 0.24
  292 P    -1  -6  -6  -5  -7  -5  -5  -6  -6  -7  -7  -5  -6  -8   9  -4  -5  -8  -7  -6    4   0   0   0   0   0   0   0   0   0   0   0   0   0  95   0   0   0   0   0  3.11 0.78
  293 D     2  -3  -2   6  -5  -2   0  -1  -2  -5  -3  -3  -4  -5   3   0  -3  -6  -5  -4   17   1   0  47   0   1   4   4   1   0   3   0   0   0  15   7   0   0   0   1  0.90 0.36
  294 Y    -6  -6  -6  -7  -6  -6  -6  -7  -2  -5  -4  -6  -5   5  -7  -6  -6  -2   9  -5    0   0   0   0   0   0   0   0   0   0   1   0   0  18   0   0   0   0  81   0  2.78 0.74
  295 P    -4  -6  -5  -5  -6  -3  -5   3  -6  -6  -7  -5  -6  -7   8  -2  -5  -7  -6  -4    0   0   0   0   0   1   0  20   0   0   0   0   0   0  75   3   0   0   0   1  2.28 0.63
  296 M    -3  -3  -4  -5   1  -4  -5  -5  -1   4   2  -4   0   1  -5  -3  -1  -2   6   0    1   2   1   0   3   0   0   0   1  25  22   0   1   4   0   1   3   0  31   6  0.78 0.32
  297 T     5   1  -4  -4  -2  -3  -3  -1  -4  -3  -2  -3   2  -4   1  -1   2  -5  -4  -1   53   7   0   0   1   0   0   3   0   1   3   0   5   0   6   3  15   0   0   4  0.68 0.34
  298 Y    -2  -5  -4  -4  -6  -5  -6   0  -2  -5  -4  -5  -5   0  -6  -4  -2  -2   9  -5    4   0   1   1   0   0   0   7   0   0   1   0   0   1   0   1   2   0  83   0  2.41 0.69
  299 D    -1  -4   2   6  -5  -3  -1  -1  -1  -5  -6  -2  -5  -4  -4   1  -2  -6   0  -3    5   0  10  54   0   0   1   5   1   0   0   2   0   0   0  13   2   0   4   2  1.02 0.38
  300 A     5  -3  -4  -3  -3  -3  -2  -1  -4   0   1  -3  -1  -4  -4  -1  -2  -5  -4   0   58   1   0   1   0   0   2   5   0   6  16   0   1   0   0   3   2   0   0   5  0.70 0.33
  301 T     1  -4  -1  -4  -4  -3  -3   4  -3  -1  -1  -3  -1   3  -4  -1  -2  -2   4  -2   15   0   2   0   0   0   1  35   0   4   7   0   1  13   0   3   1   0  15   1  0.56 0.26
  302 K    -2   0  -3  -4  -6  -2  -2  -3  -4  -5  -5   7   1  -6  -4  -1  -4  -6  -3  -5    3   3   0   0   0   0   1   1   0   0   0  83   3   0   0   3   0   0   1   0  1.71 0.56
  303 A     4  -1  -3  -1  -4   4  -1  -2  -3  -4  -3   0  -3  -5   2   1   0  -5  -4  -3   38   3   0   2   0  22   3   1   0   0   1   5   0   0  11   9   4   0   0   1  0.60 0.31
  304 L    -3  -5  -6  -7  -4  -5  -6  -7  -6   0   6  -5   1  -2  -6  -5  -4   0  -1  -1    2   0   0   0   0   0   0   0   0   3  87   0   2   0   0   0   0   1   3   3  1.51 0.49
  305 L     1   3   4  -2  -5  -1  -2  -3   6  -4  -3   2  -4  -5  -4  -1  -2  -5  -3  -3   15  19  25   1   0   1   0   1  22   1   2  11   0   0   0   2   1   0   0   2  0.78 0.34
  306 A     4  -1   1  -2  -3   1  -2   1  -3  -2  -3   0  -3  -4  -1   1  -1  -5  -4  -2   48   2   6   2   0   6   1   9   0   2   1   6   0   0   2  10   3   0   0   1  0.50 0.27
  307 A     4  -3  -3  -1  -1  -1   0  -3  -1   0   1   1  -2  -2  -3  -1  -1  -4  -3   0   47   0   0   3   1   2   6   0   1   4  15   9   0   2   0   2   3   0   0   5  0.41 0.25
  308 A     5  -3  -3  -3  -3  -3  -3  -1  -4  -1  -1  -3  -3   0  -4   0  -2  -4   1  -1   65   0   1   1   0   0   0   3   0   2   7   1   0   4   0   4   2   0   5   4  0.80 0.37
  309 Q     1   0   0   0  -3   0   1  -2  -2  -2  -2   3  -1  -3   2   1  -1  -3  -3  -1   10   4   4   4   0   2  10   2   0   1   4  29   1   1   9  13   2   0   0   4  0.28 0.15
  310 A     3   0   0   0  -3   2   1   0  -1  -3  -3   2  -2  -4   0   1  -1  -4  -2  -2   31   3   5   5   0   9   7   5   1   0   2  14   0   0   5   8   3   0   1   1  0.29 0.17
  311 S     1   1   1  -1  -1   3   0  -2   1  -1  -1   3   0  -2  -1   0   0  -3  -2  -1   12   7   6   2   1  16   2   2   4   3   6  20   3   2   1   5   4   0   1   3  0.17 0.11
  312 G    -1  -3  -1  -1  -1  -1  -2   6  -2  -2  -4  -3  -3  -4  -3  -1  -3  -3  -3  -2    3   1   3   3   2   4   2  66   1   2   2   1   0   1   1   2   1   0   1   4  1.04 0.29
  313 N    -1   0   2   3   1   0   3  -1   0  -2  -2   0  -2  -3  -1   1  -1  -3  -2  -1    2   5  11  16   3   3  23   3   3   2   4   3   0   1   2  12   2   0   1   4  0.27 0.13
  314 G     0  -1  -1   0  -3   1   0   1   3  -2  -1  -1  -1   1   1   1   1   0   1  -2    5   2   1   7   0   7   4  11   9   0   6   2   2   9   8   9   9   1   5   2  0.12 0.10
  315 D    -1   0  -1   5  -4  -1   1   4  -2  -4  -4  -2  -4  -4  -3  -1  -2  -4  -4  -4    4   4   2  33   0   2   8  36   1   0   1   1   0   0   0   4   1   0   0   1  0.77 0.28
  316 F    -4  -4  -1  -5   0  -4  -4  -5  -2   0  -2  -4  -3   6  -5  -4  -4  -1   7  -2    1   0   3   0   2   0   1   1   0   6   2   0   0  39   0   1   0   0  40   2  1.49 0.43
  317 A     2  -4  -1  -2  -1  -2  -3   5  -3  -3  -2  -3  -2  -4  -3   2  -2  -4  -4  -3   15   0   2   1   1   1   0  53   0   1   4   0   1   0   0  16   1   0   0   1  0.86 0.31
  318 V     5  -4  -1  -4  -3  -4  -4  -3  -4  -3  -2  -4  -1   4   2   0  -2  -4  -2   0   51   0   3   0   0   0   0   0   0   0   2   0   1  22   9   5   0   0   0   5  0.79 0.36
  319 Q    -4  -3   0  -4  -3   4  -3  -5   5  -1   1  -3  -3   3  -5  -3  -4  -3   5  -3    0   0   5   0   1  25   0   0  16   3  15   0   0  10   0   0   0   0  25   1  0.91 0.38
  320 W    -6  -7  -8  -8  -6  -6  -7  -7  -6  -5   3  -7  -4  -2  -8  -7  -6  12  -1  -5    0   0   0   0   0   0   0   0   0   0  29   0   0   1   0   0   0  69   1   0  3.25 0.79
  321 A     6  -5  -5  -5   2  -4  -4  -2  -5  -3  -5  -4  -4  -5  -4   0  -2  -6  -3  -1   84   0   0   0   4   0   0   1   0   1   0   0   0   0   0   5   1   0   1   3  1.49 0.53
  322 G    -3  -6  -4  -5  -6  -5  -6   8  -6  -8  -7  -5  -6  -7  -6  -3  -5  -6  -7  -7    0   0   0   0   0   0   0  99   0   0   0   0   0   0   0   1   0   0   0   0  2.52 0.66
  323 Q     0  -3  -3  -3  -6   8   0  -5  -3  -6  -5  -1  -1  -6  -4   1   0  -6  -5  -5    7   0   0   1   0  69   4   0   0   0   0   2   1   0   0  10   6   0   0   0  1.58 0.57
  324 G     1  -4   5  -3  -5  -2  -4   5  -3  -6  -6  -2  -5  -6  -5   0  -3  -6  -5  -5   10   0  33   0   0   1   0  47   0   0   0   1   0   0   0   7   0   0   0   0  1.21 0.42
  325 A     4  -2  -4  -5  -3  -2  -4  -4  -1  -2  -1  -4  -3   0  -3  -2  -2  -3   5   2   46   2   0   0   0   1   0   0   1   1   5   0   0   3   0   1   1   0  23  16  0.79 0.36
  326 P     2   0  -1   0  -4   1  -2   0   4  -3  -4  -2  -1  -2   5   0   0  -4  -1  -3   17   4   2   4   0   6   0   8  10   1   1   1   2   1  29   7   4   0   2   1  0.54 0.24
  327 L    -2   1  -1  -2  -4   3  -1  -2  -1  -2   4   1   3   0  -4   0  -3  -4  -3  -2    1   6   2   1   0  14   2   3   1   0  41   9   8   3   0   9   0   0   0   1  0.39 0.24
  328 A     3  -4   0  -4   3  -2  -3  -1  -2   3  -1  -2   0  -3  -3   1  -1  -5  -3   1   35   0   4   0   7   1   0   3   1  22   3   1   2   0   0  11   2   0   0   9  0.43 0.25
  329 R    -3   7  -3  -4  -6   0  -2  -5   0  -4  -4   1  -3  -5   1   0  -1   1  -4  -4    1  65   0   0   0   2   1   0   2   1   1   7   0   0   6   7   4   2   0   1  1.27 0.45
  330 E     2  -2   1   1   0   0   3   1   0  -4  -4   0  -3  -4   0   1   1  -4  -3  -3   18   1   8   6   3   3  26   8   2   0   0   3   0   0   4   8   7   0   0   1  0.33 0.19
  331 L    -2  -2  -2  -3  -4  -3  -3  -5  -4   2   4  -1   6  -1  -5  -3  -3  -4  -3   0    2   2   2   1   0   0   1   0   0   9  45   4  27   1   0   1   0   0   0   4  0.83 0.34
  332 P    -1  -4   1   0  -3  -3   0  -2  -4  -5  -4  -2  -4  -6   6   2   1  -6  -5  -3    4   0   6   5   0   0   6   2   0   0   1   2   0   0  48  17   8   0   0   1  1.11 0.39
  333 A     6  -4  -4  -5  -3  -4  -4  -2  -5  -2  -4  -4  -2  -5  -4  -1   2  -6  -5   1   71   0   0   0   0   0   0   1   0   1   0   0   1   0   0   3  14   0   0   9  1.17 0.46
  334 A     3   0  -2   0  -1   1   1   2  -2  -4  -3   1  -3  -4  -2   0   0  -4  -4  -2   34   3   1   5   1   7  11  14   0   0   1   9   0   0   1   5   5   0   0   2  0.34 0.20
  335 E    -1  -1  -1   3  -6   3   6  -4  -2  -5  -4   1  -4  -6  -4  -2  -2  -6  -4  -3    5   2   2  13   0  11  55   0   1   0   1   6   0   0   0   0   2   0   0   2  1.00 0.39
  336 L    -4  -5  -6  -6  -4  -2  -5  -6  -5   3   5  -3   1  -2  -5  -5  -3  -4  -4   2    0   0   0   0   0   2   0   0   0  15  65   2   3   0   0   0   1   0   0  12  1.07 0.38
  337 M    -3  -5  -5  -5  -4  -4  -5  -5  -5   3   1  -4   6   1  -5  -4   1  -4  -3   4    0   0   0   0   0   0   0   0   0  19  13   0  24   6   0   0   9   0   0  28  0.87 0.34
  338 A     2   2   1   0  -3   2   2  -1   0  -3  -1   2  -2  -4  -3   0  -1  -4  -3  -2   22  12   9   4   0   9  12   3   2   0   5  11   0   0   0   7   2   0   0   1  0.27 0.17
  339 A     0   1   0  -1  -1   2   1  -2  -2  -1   0   1   0  -3  -3   0   2   0  -3   0    9   9   5   3   1  12   7   1   0   2   9   8   2   0   0   4  20   1   0   7  0.17 0.14
  340 L    -4  -5  -7  -7  -4  -5  -6  -7  -6   1   6  -6   0  -1  -6  -6  -4  -1  -2  -1    0   0   0   0   0   0   0   0   0   6  87   0   1   2   0   0   0   1   1   2  1.57 0.50
  341 L     2  -1  -3  -3  -1  -2  -1  -1  -3   2  -1  -1   0  -2  -3  -1   1   1  -3   3   22   2   0   1   1   1   4   4   0  13   2   3   1   1   0   3  10   2   0  30  0.30 0.20
  342 A     1   2   0   1  -3   2   2  -2  -1  -3  -1   2  -2  -4  -3   0   0  -4  -3  -2   16   9   4   6   0  10  17   1   1   0   7  16   0   0   0   5   6   0   0   1  0.27 0.17
  343 E    -3  -2  -2   1  -6   0   7   1  -3  -6  -6   0  -5  -6  -4  -2  -3  -6  -5  -3    1   1   1   6   0   2  71  10   0   0   0   4   0   0   0   1   1   0   0   2  1.37 0.49

                      K         Lambda
PSI Ungapped         0.1959     0.3174
PSI Gapped           0.0600     0.2670
