
Last position-specific scoring matrix computed, weighted observed percentages rounded down, information per position, and relative weight of gapless real matches to pseudocounts
            A   R   N   D   C   Q   E   G   H   I   L   K   M   F   P   S   T   W   Y   V   A   R   N   D   C   Q   E   G   H   I   L   K   M   F   P   S   T   W   Y   V
    1 R     0  -2  -3  -4   3   0  -3  -4  -3   2   4  -3   2  -1  -4  -1   1  -3  -2   0    6   2   0   0   6   5   0   0   0  10  46   0   6   1   0   5   8   0   0   5  0.39 0.17
    2 Q    -1   1  -1   1  -4   3   2  -2   1  -4  -3   3  -2  -4  -3   1   0  -4  -1  -3    4   4   1   8   0  20  11   1   3   0   2  27   0   0   0  10   7   0   2   0  0.43 0.18
    3 R    -1   4   0  -1   2   0  -1  -2   0  -2   0   2  -2  -3  -3   0   1  -1  -3  -2    5  31   4   2   5   4   0   1   2   0  13  17   0   0   0   4  10   1   0   2  0.33 0.16
    4 L    -3  -4  -6  -6  -4  -4  -5  -6  -5   1   5  -5   0   4  -5  -5  -3  -3  -2  -1    1   0   0   0   0   0   0   0   0   5  74   0   0  20   0   0   0   0   0   0  1.17 0.33
    5 A    -1  -1   3   1  -4   0  -1   5  -3  -5  -5   0  -4  -5  -4   0  -2  -5  -4  -4    3   2  14   7   0   4   3  57   0   0   0   4   0   0   0   4   2   0   0   0  0.87 0.25
    6 I    -3  -4  -5  -5  -3  -4  -5  -6  -5   5   4  -4   1  -2  -5  -4  -3  -4  -3   3    0   0   0   0   0   0   0   0   0  40  39   0   2   0   0   0   0   0   0  19  0.92 0.27
    7 D    -1   4  -2   1  -4   2   2  -3  -2  -3  -4   4  -3  -4  -1   0  -1  -4  -3  -3    4  22   0   7   0  10  12   0   0   1   0  33   0   0   2   4   3   0   0   2  0.57 0.21
    8 H    -3  -3  -4  -5  -4  -3  -4  -5   5   0   0  -2  -2   2  -5  -3  -2   4   7   1    1   0   0   0   0   0   0   0  16   4  11   1   0   6   0   0   2   4  44  11  0.97 0.30
    9 P    -4  -5  -5  -5  -6  -4  -4  -5  -5  -6  -6  -4  -6  -7   9  -4  -4  -7  -6  -5    0   0   0   0   0   0   0   0   0   0   0   0   0   0 100   0   0   0   0   0  3.11 0.60
   10 I    -4  -5  -6  -6  -4  -5  -6  -6  -6   7   1  -5  -1  -2  -5  -5  -3  -5  -4   1    0   0   0   0   0   0   0   0   0  88   8   0   0   0   0   0   0   0   0   4  1.65 0.42
   11 I    -3  -5  -5  -5  -3  -5  -5  -6  -5   6   1  -5   2   3  -5  -4  -3  -4  -2   2    0   0   0   0   0   0   0   0   0  66   8   0   4  13   0   0   0   0   0  10  1.12 0.32
   12 Q    -4  -2  -3  -3  -6   8  -1  -5  -3  -5   0  -2  -3  -5  -4  -3  -4  -5  -4  -3    0   0   0   0   0  87   0   0   0   0  12   0   0   0   0   0   0   0   0   1  1.92 0.53
   13 A     6  -4  -4  -4  -3  -3  -3  -2  -4  -4  -4  -3  -3  -5  -3   2  -2  -5  -4  -3   85   0   0   0   0   0   0   0   0   0   0   0   0   0   0  15   0   0   0   0  1.37 0.42
   14 P    -4  -5  -5  -5  -6  -4  -4  -5  -5  -6  -6  -4  -6  -7   9  -4  -4  -7  -6  -5    0   0   0   0   0   0   0   0   0   0   0   0   0   0 100   0   0   0   0   0  3.11 0.60
   15 M    -4  -5  -6  -7  -5  -4  -5  -6  -5  -2  -1  -5  11  -3  -6  -5  -4  -5  -4  -3    0   0   0   0   0   0   0   0   0   0   0   0 100   0   0   0   0   0   0   0  3.08 0.72
   16 V     7  -4  -4  -4  -3  -3  -4  -2  -4  -4  -4  -3  -3  -5  -3  -1  -1  -5  -4  -1   95   0   0   0   0   0   0   0   0   0   0   0   0   0   0   0   2   0   0   3  1.60 0.48
   17 G    -2  -5  -1  -4  -5  -4  -5   7  -5  -6  -6  -4  -5  -6  -5  -1  -4  -5  -6  -6    0   0   3   0   0   0   0  92   0   0   0   0   0   0   0   5   0   0   0   0  1.98 0.47
   18 V     2  -4  -4  -5  -3  -4  -4  -4  -5   3  -1  -4  -1  -3  -4  -2   0  -5  -3   6   15   0   0   0   0   0   0   0   0  12   1   0   0   0   0   2   7   0   0  63  0.90 0.32
   19 S     1  -3  -2  -3   0  -3  -3  -2  -4  -4  -3  -3  -4  -5  -3   6   2  -5  -4  -4    8   0   0   0   2   0   0   1   0   0   2   0   0   0   0  77  11   0   0   0  1.22 0.42
   20 T    -2  -4  -1  -2  -4  -3  -3  -2  -4  -4  -4  -3  -3  -5  -2   2   7  -5  -4  -3    0   0   1   2   0   0   0   2   0   0   0   0   0   0   2  12  81   0   0   0  1.47 0.47
   21 P    -2  -5  -5  -4  -4  -4  -4  -5  -5   2  -1  -4  -3  -4   7  -2  -3  -6  -5   2    2   0   0   0   0   0   0   0   0  15   5   0   0   0  62   2   0   0   0  14  1.57 0.40
   22 A     2   0  -2   1  -4   2   5  -2  -2  -4  -3   1  -3  -5  -3   0  -2  -4  -4  -3   18   3   0   6   0   8  45   2   0   0   3  10   0   0   0   5   1   0   0   0  0.62 0.25
   23 L    -4  -4  -5  -6  -4  -4  -5  -6  -5   0   5  -4   7  -1  -5  -4  -3  -4  -3   0    0   0   0   0   0   0   0   0   0   2  59   0  35   2   0   0   0   0   0   3  1.32 0.39
   24 A     6  -4  -4  -4  -3  -3  -3  -2  -4  -2  -4  -3  -3  -5  -3   0  -2  -5  -4  -1   90   0   0   0   0   0   0   0   0   1   0   0   0   0   0   4   0   0   0   4  1.45 0.45
   25 A     6  -3  -3  -4  -3  -3  -3  -2  -4  -3  -1  -2  -3  -2  -3   2  -1  -5  -4  -2   71   0   0   0   0   0   0   0   0   1   5   1   0   1   0  19   2   0   0   0  0.99 0.36
   26 A     5  -2  -2  -1  -3   0   2  -2  -3  -2  -3   0  -3  -4  -3   0   1  -4  -4  -1   54   0   1   2   0   3  14   0   0   2   0   6   0   0   0   6   9   0   0   2  0.57 0.26
   27 V    -1  -5  -5  -6  -3  -5  -5  -5  -6   3  -1  -5  -2  -3  -5  -4  -2  -5  -4   7    5   0   0   0   0   0   0   0   0  12   0   0   0   0   0   0   0   0   0  83  1.42 0.42
   28 S     1  -3  -1  -3   4  -3  -3  -3  -1  -3  -4  -3  -3  -4  -3   5   4  -5  -2  -2    8   0   1   0  10   0   0   0   2   0   0   0   0   0   0  48  27   0   2   2  0.83 0.33
   29 N    -1   2   6  -1  -5  -2   1  -2  -2  -2  -3   1  -2  -5  -4  -1  -2  -5  -4  -4    5  11  56   1   0   0   9   1   0   2   2  10   1   0   0   2   0   0   0   0  0.92 0.32
   30 A     5  -2   2  -3  -3   0  -2  -1   0  -2  -1  -2  -2  -2  -3   1  -2  -4  -1  -2   54   1  11   0   0   5   0   2   3   2   6   1   0   2   0  11   0   0   1   0  0.52 0.25
   31 G    -2  -5  -2  -4  -2  -5  -5   7  -5  -7  -6  -4  -5  -6  -5  -3  -4  -5  -6  -6    0   0   1   0   1   0   0  98   0   0   0   0   0   0   0   0   0   0   0   0  2.19 0.50
   32 G     3  -4  -3  -4  -4  -4  -4   6  -4  -5  -5  -4  -5  -5  -4  -2  -3  -5  -5  -4   26   0   0   0   0   0   0  74   0   0   0   0   0   0   0   0   0   0   0   0  1.57 0.41
   33 L    -4  -5  -6  -6  -4  -4  -5  -6  -5   2   6  -5   2  -2  -5  -5  -3  -4  -3  -1    0   0   0   0   0   0   0   0   0  10  84   0   4   0   0   0   0   0   0   1  1.32 0.38
   34 G     0  -5  -3  -4  -5  -4  -5   7  -5  -6  -6  -4  -5  -6  -5  -3  -4  -5  -6  -6    6   0   0   0   0   0   0  94   0   0   0   0   0   0   0   0   0   0   0   0  2.06 0.48
   35 S     1  -4  -2  -3  -4  -3  -3  -3  -4  -5  -5  -3  -4  -5  -4   7  -1  -6  -5  -4    8   0   0   0   0   0   0   0   0   0   0   0   0   0   0  92   0   0   0   0  1.66 0.52
   36 V    -4  -5  -6  -6  -3  -5  -5  -6  -5   5   5  -5   0  -2  -5  -5  -3  -4  -3   0    0   0   0   0   0   0   0   0   0  37  60   0   1   0   0   0   0   0   0   2  1.16 0.34
   37 G     1  -4  -3  -4  -4  -4  -4   5  -4  -5  -5  -3  -4  -5   6   0  -3  -5  -5  -4   12   0   0   0   0   0   0  42   0   0   0   0   0   0  41   5   0   0   0   0  1.33 0.36
   38 L    -3  -4  -5  -5   0  -4  -5  -5  -5   3   5  -4   3   1  -5  -4  -3  -4  -2   2    0   0   0   0   2   0   0   0   0  13  58   0   6   5   0   0   0   0   0  15  0.84 0.27
   39 G     2  -4  -2  -3  -1  -3  -3   5  -4  -5  -5  -3  -4  -5  -4   3  -2  -5  -5  -4   16   0   0   0   1   0   0  56   0   0   0   0   0   0   0  27   0   0   0   0  1.12 0.34
   40 A     4  -3  -2  -3  -3  -2  -2   0   4  -4  -4  -2  -3  -3   1   2   0  -4   1  -3   45   0   0   0   0   0   0   7  14   0   0   0   0   0   7  19   4   0   5   0  0.64 0.27
   41 S     0  -3  -2  -3   1  -2  -3  -3   2   3   1  -3   2   0  -3   2  -1  -3  -1   1    8   0   1   0   3   0   0   0   6  20  13   0   7   4   0  24   1   0   1  11  0.25 0.16
   42 T    -2  -2   3   5  -4  -2  -1  -2  -3  -4  -3   1  -4  -5  -2   3   2  -5  -4  -4    2   1  13  39   0   0   0   1   0   0   2   8   0   0   1  22  12   0   0   0  0.73 0.27
   43 P     0  -3  -2  -3  -3  -1  -1  -3  -1   0   2  -3  -1   4   1  -1  -2  -2   0   2   10   0   1   0   0   3   4   0   1   2  19   0   0  21   9   5   0   0   2  22  0.27 0.16
   44 A     1   2   1   2  -3   1   2  -1  -1  -3  -2   0  -2  -4  -2   0   2  -4  -3  -2   11  15   6  11   0   6  17   3   1   1   2   2   0   0   1   6  19   0   0   1  0.29 0.15
   45 Q     1   1   1   1  -3   4   0  -1  -2  -2  -3   2  -2  -4  -2   1   0  -4  -3  -2   10   4   8   6   0  28   4   3   0   3   1  18   0   0   0   9   3   0   0   2  0.36 0.17
   46 A     4  -4  -4  -4   0  -3  -3  -3  -4   3   2  -3   0   0  -3  -2  -2  -4  -1   1   43   0   0   0   2   0   0   0   0  17  22   0   1   3   0   0   0   0   1  10  0.51 0.23
   47 R    -3   5   0   2  -4   0   2  -1   0  -4  -2   1  -3   1  -3  -1  -2  -4  -3  -2    0  37   3  11   0   3  17   3   2   0   5   6   0   7   0   3   0   0   0   2  0.48 0.21
   48 E     1   1   0   0  -3   1   2  -2  -1  -3  -2   3  -2  -4   0   1   1  -4  -3  -2   11   4   3   5   0   7  15   1   1   1   3  24   0   0   5  13   8   0   0   1  0.28 0.14
   49 T     0  -2  -3   0  -3   3   0  -4   0   0   2   0   5  -2  -3  -2  -1  -4  -3  -2   10   0   0   5   0  20   6   0   2   5  21   4  24   0   0   2   2   0   0   0  0.40 0.22
   50 I    -3  -4  -5  -5  -3  -4  -5  -5  -4   6   2  -4   2  -2  -5  -4  -2   0   1   2    0   0   0   0   0   0   0   0   0  54  21   0   5   0   0   0   1   2   5  11  0.89 0.28
   51 A     1   0   1   0  -3   1   2  -1   1  -2   0   0  -2  -3  -2   2   0  -3  -2  -2   11   4   9   2   0   8  17   3   3   1  11   6   0   0   0  16   6   0   0   0  0.18 0.11
   52 Q     1   0   1   1  -4   3   3  -2   0  -3  -3   2  -3  -4  -2   0  -1  -4  -3  -2   11   3   6   6   0  17  28   2   2   0   0  15   0   0   0   3   3   0   0   3  0.42 0.18
   53 L    -1  -3  -2  -4  -1  -3  -3  -4  -3  -1   0  -3   0   5  -4  -2   3  -2   3   1    4   0   1   0   1   0   0   0   0   0   9   0   2  30   0   0  26   0  11  14  0.56 0.23
   54 R    -1   5   0  -1  -4   4  -1  -2   0  -2  -1   2   0  -4  -3  -1  -2  -4  -3  -3    4  33   3   3   0  27   1   2   1   3   6  12   2   0   0   1   2   0   0   0  0.60 0.24
   55 G     2   0   0   0  -3   2   2   1   0  -3  -3   1  -2  -3  -1   1  -1  -3  -2  -2   20   5   3   5   0   9  15   9   3   0   1   8   0   0   2  15   2   0   0   2  0.23 0.11
   56 L    -1   0  -3  -3   0   0  -2  -1   1  -1   4   0   2  -1  -3  -2  -2  -3  -2   0    6   7   0   1   2   4   2   6   4   1  50   6   5   1   1   2   1   0   0   3  0.29 0.15
   57 T     0  -2   0   1  -3  -1  -2  -1  -1  -2   0   0  -2  -3   0   1   5  -4  -1  -2    4   1   3   8   0   1   0   5   1   0   9   7   0   0   3   8  45   0   2   1  0.41 0.22
   58 D     1   1   2   3  -1  -1   1  -1   0  -3  -3   0  -3  -4   0   1   1  -4  -1  -2   11   8  14  20   1   1   8   4   1   0   0   5   0   0   4  11   9   0   2   2  0.28 0.13
   59 R     0   4   3  -2  -4   2  -1   1   2  -4  -3   2  -3  -4  -3   0   0  -4  -3  -3    9  25  16   0   0   9   0  12   5   0   2  12   0   0   0   4   5   0   0   0  0.42 0.18
   60 P     0  -2   3  -2  -1  -3  -3  -3  -3  -1  -2  -2  -3  -4   6   1   0  -5  -4   0    8   1  21   0   1   0   0   0   0   3   3   1   0   0  40   9   4   0   0   8  0.82 0.27
   61 F    -2  -4  -5  -5  -3  -4  -5  -5  -4   2   1  -4   1   5  -5  -4  -2  -3  -1   4    1   0   0   0   0   0   0   0   0  11   9   0   3  35   0   0   2   0   0  39  0.88 0.29
   62 N    -4  -3   8  -2  -6   0  -3  -3  -2  -6  -6  -3  -5  -6  -5  -2  -3  -7  -5  -6    0   0  94   0   0   5   0   0   0   0   0   0   0   0   0   1   0   0   0   0  2.30 0.57
   63 V    -2  -4  -5  -5   1  -4  -5  -5  -5   2   4  -4   0  -1  -5  -4  -2  -4  -3   4    2   0   0   0   3   0   0   0   0   9  43   0   0   2   0   0   0   0   0  42  0.84 0.28
   64 N    -5  -3   9  -2  -6  -3  -3  -3  -2  -6  -7  -3  -5  -6  -5  -2  -3  -7  -5  -6    0   0 100   0   0   0   0   0   0   0   0   0   0   0   0   0   0   0   0   0  2.56 0.61
   65 L    -4  -5  -6  -6  -4  -5  -5  -6  -4  -1   1  -5  -2   8  -6  -5  -4  -2   0   3    0   0   0   0   0   0   0   0   0   0  15   0   0  65   0   0   0   0   0  21  1.47 0.40
   66 F    -5  -6  -6  -7  -5  -6  -6  -6  -4  -3  -2  -6   1   9  -7  -5  -5  -2   0  -4    0   0   0   0   0   0   0   0   0   0   0   0   3  97   0   0   0   0   0   0  2.61 0.58
   67 C     0  -6  -5  -6  10  -5  -5  -5  -5  -4  -4  -5  -4  -5  -5  -1   1  -5  -2   0    7   0   0   0  71   0   0   0   0   0   0   0   0   0   0   4  10   0   1   6  2.20 0.51
   68 H    -5  -3  -3  -4  -6  -1  -3  -5  11  -6  -6  -4  -5   0  -5  -4  -5  -5   0  -6    0   0   0   0   0   2   0   0  92   0   0   0   0   4   0   0   0   0   2   0  2.99 0.65
   69 R     0   2  -1   3  -4   2   3  -3  -2  -4  -3   2  -3  -4   1  -1  -1  -4  -4  -3   10  10   1  22   0  10  22   0   0   0   2  13   0   0   6   2   2   0   0   0  0.49 0.19
   70 P    -2  -2  -1  -2  -4  -2   0  -4   0   2  -2   0  -2  -1   5  -2   0  -4  -1   0    1   1   3   2   0   1   8   0   3  17   2   6   0   3  36   1   7   0   3   6  0.60 0.21
   71 A     2  -3  -2  -2  -3  -2   1  -3  -3  -2  -2   0  -3  -1   5  -2  -2  -4   0   1   26   0   2   2   0   0  11   0   0   0   3   7   0   2  30   0   1   0   4  13  0.55 0.22
   72 Q    -1   2   2   0  -4   2   2  -3   2  -1  -2   1  -2  -4   1   0  -1  -4  -3  -1    3  16  15   2   0  13  13   0   5   5   2   9   0   0   6   7   1   0   0   3  0.30 0.14
   73 A     1   3  -1   0  -3   2   1  -2  -1  -1  -1   1  -2  -2   0   0   0  -4  -2  -1   15  18   2   6   0  11   9   0   1   4   6   8   0   1   4   6   3   0   0   4  0.18 0.10
   74 D    -2  -2   3   5  -5   0  -1  -2   2  -4  -3  -2  -4  -5   4  -2  -2  -5  -4  -2    1   1  16  37   0   5   1   1   6   0   2   1   0   0  23   1   1   0   0   4  0.82 0.27
   75 A     1  -1  -1   1  -3   0   0  -2   0  -2  -2  -1  -2  -4   4   1   2  -4  -3  -2   15   2   1  10   0   3   6   1   2   2   2   3   0   0  20  14  16   0   0   2  0.36 0.15
   76 A     1   0   0   1  -1   1   2  -1   1   0  -1   0  -1  -2  -1   0   0  -2  -1  -1   16   3   4  10   1   8  14   4   4   6   4   5   1   1   2   5   8   1   1   2  0.10 0.04
   77 C    -1   2  -1  -2  -1   4   1  -3   0   0  -1   2  -2  -3  -3  -1  -1  -4  -3   1    3  10   1   1   2  28  10   0   3   8   4  15   0   0   0   3   2   0   0  12  0.34 0.18
   78 E     0  -1   1   0  -4   1   4  -3   1   1  -2   0  -1  -3  -3  -1   0  -4  -3   1    6   1   8   4   0   4  35   0   4  12   2   6   2   0   0   0   6   0   0  10  0.31 0.17
   79 A     2   2   0   1  -3   3   2  -2  -1  -4  -3   1  -3  -4  -2   0   0  -4  -3  -3   21   9   5   9   0  17  18   1   1   0   1   8   0   0   0   7   3   0   0   0  0.39 0.17
   80 R     3   0   5   0  -4   0   1  -2  -2  -3  -4   1  -2  -4  -3  -1  -1  -5  -4  -3   27   5  38   3   0   3   9   1   0   1   0   9   1   0   0   2   2   0   0   0  0.61 0.25
   81 W    -6  -6  -7  -8  -6  -6  -7  -6  -6  -6  -5  -7  -5  -2  -7  -6  -6  13   2  -6    0   0   0   0   0   0   0   0   0   0   0   0   0   0   0   0   0  95   5   0  4.44 0.80
   82 L    -1  -1  -1  -4   1  -1  -3  -4   0   3   3   1   1   0  -3  -2  -2   0   1   1    4   2   3   0   3   1   0   0   2  20  34  13   3   3   0   1   1   1   5   5  0.26 0.15
   83 E     1   2   1   1  -4   3   2  -1  -1  -4  -4   3  -3  -4  -3   0  -1  -4  -3  -3   12  10   8   8   0  17  12   2   1   0   0  22   0   0   0   6   3   0   0   0  0.41 0.17
   84 H    -1   2  -3  -3  -2   1  -1  -3   3   0   3   0  -1   0  -3  -2  -2  -2   2  -1    4  14   0   0   1   6   3   1   9   4  37   7   0   3   0   1   1   0   8   1  0.27 0.16
   85 L    -3  -4  -5  -5  -4  -4  -5  -5  -2   1   3  -4   2   4  -5  -4  -3  -1   6   0    1   0   0   0   0   0   0   0   0   7  34   0   4  14   0   0   0   0  35   5  0.92 0.30
   86 R     1   2   0   0  -3   2   1   0   0  -3  -3   2  -2  -4  -2   2   0  -2  -3  -2   14  14   4   3   0  11   7   8   2   0   1  14   0   0   0  17   2   1   0   1  0.28 0.14
   87 P    -1   1   0  -1  -5  -1  -1  -3  -3  -4  -4   4  -4  -5   6  -1  -1  -5  -4  -3    3   7   4   3   0   2   3   1   0   0   0  28   0   0  40   4   3   0   0   1  0.93 0.28
   88 L     1  -2  -2  -1  -2   0   0  -2  -1   1   1  -1  -1   1  -3   0   0  -2   3   1   16   0   1   2   0   4   8   2   1   6  19   3   0   4   0   6   4   0  14  10  0.11 0.10
   89 F    -3  -3  -4  -5  -4  -4  -4  -5  -3   1   0  -4   1   6  -3   0  -1  -1   4   0    0   1   0   0   0   0   0   0   0   6   9   0   4  45   1  10   4   0  15   5  0.79 0.27
   90 T     2  -1   2   0  -3   0   2   1   1  -2  -2   1  -2  -2   0   1   0  -4  -2  -2   19   1  12   3   0   2  17   9   4   2   3   8   0   2   5   8   3   0   0   0  0.20 0.11
   91 E     0   2   0   0   0   2   2  -1  -1  -2  -2   2  -1  -2   0   0  -1  -2  -2  -1    7  16   4   3   2  11  17   5   1   2   3  13   1   1   4   4   2   0   1   3  0.20 0.06
   92 L    -1  -2  -1  -2  -2  -1  -1  -1   0  -1   0  -2   0   5   0  -1  -1   0   3  -1    6   2   3   2   1   3   4   5   1   2   8   2   2  31   4   2   3   0  14   5  0.27 0.09
   93 G    -1  -1   2   1  -2   0  -1   4   0  -2  -2   0  -2  -2  -1   0  -1  -2  -2  -2    3   2  14   9   1   4   3  38   3   2   3   6   1   1   2   3   2   0   1   2  0.37 0.10
   94 G     3   0  -1  -1  -1   0  -1   1  -2   1  -1  -1  -1  -2  -1   0   0  -2  -2   0   33   5   2   2   1   3   3   9   1  13   4   2   1   1   2   5   6   0   1   6  0.13 0.07
   95 E     1   0   0   0  -2   1   3  -1   0  -1  -1   1  -1  -2   0   0   0  -2  -1  -1   13   2   2   5   1   7  23   3   2   5   6   7   1   1   4   7   4   0   2   4  0.13 0.05
   96 P     1  -2  -2  -1  -2  -1  -1  -2  -2  -1  -1  -1  -1  -1   5   0  -1   1  -1   0   11   2   2   2   1   1   4   3   1   4   7   4   1   3  35   8   2   2   3   7  0.47 0.10
   97 P     0  -2  -2  -2  -2  -2  -2  -2  -2   0  -2   0  -2  -2   7  -1  -1  -2  -2  -1    6   2   2   2   1   1   2   2   1   7   3   5   1   1  52   2   4   0   1   4  0.96 0.17
   98 A     1   0   0   1  -2   1   1  -1  -1  -2  -2   1  -1  -2   1   1   1  -2  -1  -1   15   5   4   9   1   9   7   2   1   2   4  10   1   1   7  11   8   0   1   3  0.13 0.04
   99 A     1   1   0   0  -2   1   1   0   1  -2  -2   0  -1  -1  -1   1   1  -2  -1  -1   12   8   2   5   1   9  13   5   4   2   3   2   1   3   2  13  11   0   2   3  0.12 0.05
  100 L    -4  -4  -5  -6  -4  -4  -5  -6  -2   1   5  -5   2   5  -5  -4  -3  -3  -1  -1    0   0   0   0   0   0   0   0   1   5  62   0   4  27   0   0   0   0   0   0  1.07 0.32
  101 R     0   2   2   1  -3   1   1  -2   0  -2  -2   2  -2  -2  -2   1   2  -4  -2  -2    7  12  13   6   0   6   8   0   3   2   2  13   0   1   0  11  15   0   1   0  0.25 0.11
  102 E     0   1   4   1   2   0   4  -2  -2  -2  -2   0  -3  -4  -3  -1   0  -4  -3  -2    6   6  22   5   6   1  32   2   0   2   5   5   0   0   0   1   5   0   0   3  0.40 0.18
  103 I     0  -2  -3  -4  -3  -4  -4   2  -4   5   0  -3  -1  -3   1  -2   0  -4  -3   0    7   3   0   0   0   0   0  22   0  48   4   0   0   0   8   2   5   0   0   2  0.54 0.23
  104 Y    -4  -2   4  -3  -1  -3  -4  -1  -1  -4  -4  -3  -4   0  -5  -1  -2  -1   8  -1    0   2  24   0   1   0   0   4   0   0   0   0   0   2   0   4   1   0  57   4  1.31 0.38
  105 R    -1   1  -2  -1  -1   1   0  -3  -1   1  -1   1  -1  -3   3  -1   1  -4  -3   2    2   7   0   3   1   7   4   0   2  12   3   8   0   0  16   4  11   0   0  21  0.23 0.12
  106 S    -1  -3  -2  -3  -3  -3  -3  -3  -4  -5  -5  -1  -4  -5  -1   6   2  -5  -4  -4    0   0   0   0   0   0   0   0   0   0   0   2   0   0   3  82  13   0   0   0  1.37 0.43
  107 F    -5  -6  -6  -6  -5  -6  -6  -6   0  -1  -1  -6  -3   9  -6  -5  -5  -2   1  -3    0   0   0   0   0   0   0   0   2   3   2   0   0  90   0   0   0   0   1   1  2.24 0.48
  108 V    -1   0   1   0   0   0   4  -3  -1  -1   0   1  -1  -3  -3  -2  -2  -4  -2   0    5   3  10   4   2   2  38   0   1   3  14   8   1   0   0   0   1   0   1   8  0.32 0.16
  109 D     0   1   0   3  -3   0   2  -1   1  -3  -2   0   0  -3  -2   1   0  -4  -3  -2    9   8   3  22   0   4  12   4   4   0   3   5   3   0   0  13   6   0   0   3  0.24 0.10
  110 D    -1  -2   3   3   1  -1  -1  -3   0  -2   1  -2  -1   2  -3   0  -1  -3   1  -1    3   0  18  23   4   2   3   0   2   0  17   0   0  12   0   6   1   0   5   3  0.25 0.13
  111 P     0   0   1   2  -3   1   2  -2   2  -4  -3   0  -3  -4   3   1  -1  -4  -1  -3    6   5   5  16   0   8  15   2   6   0   1   3   0   0  13  15   2   0   2   1  0.35 0.13
  112 Q     1   0   0   3  -4   1   2  -2  -1  -4  -2   1  -3  -4   3   0  -1  -1  -3  -3   12   4   4  19   0   7  16   1   1   0   3   7   0   0  17   6   1   1   0   0  0.41 0.14
  113 M    -2  -2  -4  -5  -3  -1  -4  -5  -1  -1   3  -3   6   4  -4  -3  -1  -3   1   0    1   2   0   0   0   3   0   0   1   1  27   0  33  18   0   1   4   0   3   6  0.72 0.26
  114 L    -2  -4  -4  -5   0  -1  -4  -5  -2   2   4  -4   2   2  -4  -4  -2   0  -1   1    1   0   0   0   2   3   0   0   1  11  52   0   5  11   0   0   1   1   1  11  0.61 0.20
  115 E     1   0   0   3  -3   2   3  -1   0  -4  -3   0  -3  -4  -2   1   0  -4  -3  -3   16   4   4  19   0  12  22   2   3   0   1   5   0   0   1   9   3   0   0   0  0.39 0.15
  116 L    -1   0  -3  -4   0  -1  -3  -4  -2   1   2   0   3   2  -3  -2   0  -2   2   1    2   5   0   0   2   3   0   0   0   7  28   5  13   8   1   0   5   0  10  10  0.27 0.13
  117 L    -2  -4  -3  -5  -3  -2  -4  -5  -4   2   5  -2   0   1  -4  -2  -2  -4  -3   1    1   0   1   0   0   1   0   0   0   8  71   3   0   4   0   3   1   0   0   6  0.80 0.26
  118 L    -1  -2   0   0  -1  -1   0  -1  -1   1   3   0   0  -2  -3  -2  -2  -3  -2   1    3   1   5   5   1   1   8   4   1  10  42   7   1   0   0   0   0   0   0  10  0.21 0.13
  119 E    -1   0   1   2  -4   2   4  -3   0  -4  -3   3  -2  -4  -3   0  -1  -4  -3  -4    4   2   5  11   0   6  38   1   2   0   1  21   1   0   0   4   4   0   0   0  0.59 0.21
  120 V     0  -3  -3  -2  -1  -1   0  -3  -1   0   2  -2   2   2  -3  -1   1   0   2   0    9   0   0   2   1   2   9   0   1   5  27   0   8  12   0   2  12   1   7   3  0.19 0.12
  121 R     0   4   1  -3   0   2  -1  -3  -2  -4  -3   5  -3  -5  -2  -1   0  -5  -3  -3    6  29   6   0   2   7   0   0   0   0   1  38   0   0   1   3   5   0   0   1  0.68 0.24
  122 P    -3  -5  -5  -5  -6  -4  -4  -5  -5  -5  -5  -4  -5  -6   8  -4  -4  -7  -6  -1    1   0   0   0   0   0   0   0   0   0   0   0   0   0  93   0   0   0   0   6  2.75 0.54
  123 P     2   1  -1  -2  -4   0   0   0   0  -4  -4   4  -3  -4   2   0  -1  -4  -3  -3   23   4   1   1   0   4   4   6   2   0   0  41   0   0   9   3   2   0   0   0  0.53 0.21
  124 V     1  -5  -5  -5  -3  -4  -4  -5  -5   4  -1  -4   1  -1  -4  -3  -2  -5  -3   5   11   0   0   0   0   0   0   0   0  24   0   0   4   2   0   0   0   0   0  60  0.98 0.30
  125 V    -2  -5  -5  -6  -3  -5  -5  -6  -6   3  -1  -5  -1  -3  -5  -4  -2  -5  -4   6    2   0   0   0   0   0   0   0   0  16   2   0   0   0   0   0   0   0   0  80  1.38 0.38
  126 S    -2  -4  -2  -3  -4  -3  -3  -3  -4  -5  -4  -3  -4  -5  -4   7  -1  -6  -5  -4    0   0   0   0   0   0   0   0   0   0   2   0   0   0   0  97   1   0   0   0  1.75 0.50
  127 F    -5  -6  -6  -7  -5  -6  -6  -6  -4  -3  -2  -6  -3   9  -7  -5  -5  -2   0  -4    0   0   0   0   0   0   0   0   0   0   0   0   0 100   0   0   0   0   0   0  2.70 0.55
  128 H    -5  -3  -3  -4  -6  -3  -3  -5  11  -7  -6  -4  -5  -5  -6  -4  -5  -6  -1  -7    0   0   0   0   0   0   0   0 100   0   0   0   0   0   0   0   0   0   0   0  3.38 0.65
  129 F    -5  -6  -6  -7  -5  -6  -6  -6  -4  -3  -2  -6  -3   9  -7  -5  -5  -2   0  -4    0   0   0   0   0   0   0   0   0   0   1   0   0  99   0   0   0   0   0   0  2.64 0.54
  130 G    -2  -5   0  -4  -5  -4  -5   7  -5  -6  -6  -4  -5  -6  -5  -3  -4  -5  -6  -6    0   0   5   0   0   0   0  95   0   0   0   0   0   0   0   0   0   0   0   0  2.09 0.45
  131 L    -1  -4  -4  -5   2  -4  -4  -5   2   4   4  -4   0   0  -4  -4  -3  -3   0   0    4   0   0   0   5   0   0   0   5  24  52   0   0   2   0   0   0   0   4   4  0.68 0.23
  132 P    -3  -5  -5  -5  -6  -4  -4  -5  -5  -6  -6  -4  -6  -7   9  -4  -4  -7  -6  -5    1   0   0   0   0   0   0   0   0   0   0   0   0   0  99   0   0   0   0   0  3.06 0.58
  133 E     0  -1   1   1  -1   0   1   0   3  -4  -4   0  -3  -3   2   3  -1  -4  -3  -3    5   2   6  10   1   3   8   7  10   0   0   6   0   1   8  33   1   0   0   0  0.37 0.16
  134 Q     1   0   0  -1  -3   3   1  -2  -1  -2  -2   2  -2  -2   2   1  -1  -4  -3  -1   18   2   4   1   0  17   8   0   1   2   4  19   0   2  11   8   2   0   0   3  0.28 0.14
  135 R     2   0   0   2  -3   1   3  -1   2  -3  -3   0  -2  -4  -1   1   0  -4  -2  -2   18   6   3  10   0   7  21   3   6   0   1   4   0   0   2  12   3   0   1   1  0.28 0.13
  136 W     0  -1  -2  -3  -2   1  -2  -3  -3   1  -1  -1  -1   1  -3   0   3   4   0   2   10   3   1   0   0   9   0   0   0   7   4   2   0   6   0   6  26   7   4  16  0.25 0.15
  137 I    -3  -5  -5  -5  -3  -3  -5  -6  -5   7   1  -5   0  -2  -5  -5  -2  -5  -4   2    0   0   0   0   0   1   0   0   0  79  10   0   1   0   0   0   1   0   0   7  1.39 0.36
  138 D     0   1  -1   3  -4   2   3   0  -1  -3  -3   2  -3  -4  -3  -1  -2  -4  -2  -3    9   8   1  16   0  11  23   6   1   1   2  18   0   0   0   1   1   0   2   0  0.41 0.16
  139 H     2   3  -2  -2  -3   1   1  -1  -1  -3  -2   2  -2  -2  -3   0  -1   0   0  -2   25  19   0   1   0   7   9   2   1   0   2  17   0   2   0   6   3   1   4   2  0.29 0.15
  140 L    -4  -4  -6  -6  -3  -4  -5  -6  -5   2   6  -5   1   2  -5  -5  -3  -3  -2  -1    0   0   0   0   0   0   0   0   0   8  81   0   2   9   0   0   0   0   0   0  1.21 0.33
  141 K    -3   2  -2  -3  -5   6  -1  -4   4  -5  -5   5  -3  -5  -4  -2  -3  -5  -3  -5    0  11   0   0   0  37   0   0  11   0   0  40   0   0   0   1   0   0   0   0  1.16 0.35
  142 A     1   1   1   3  -4   2   3   0  -2  -4  -4   2  -3  -4  -2   1  -2  -4  -3  -3   18   5   5  16   0   8  20   5   0   0   0  14   0   0   0   9   0   0   0   0  0.40 0.16
  143 A     2   0   0  -2  -2   1  -1   0   2   0   1   0   0  -1  -2   0   0  -3  -1  -1   29   5   4   0   0  10   3   6   6   6  15   3   2   2   0   5   3   0   1   1  0.13 0.10
  144 G    -2  -4   0  -2  -5  -2  -3   7  -4  -6  -6  -1  -5  -6  -4  -1  -4  -5  -5  -6    0   0   3   1   0   1   1  87   0   0   0   4   0   0   0   2   0   0   0   0  1.72 0.39
  145 I    -2  -5  -5  -5   1  -5  -5  -4  -5   7   0  -5   0  -2  -5  -3  -1  -5  -4   2    3   0   0   0   3   0   0   1   0  74   5   0   2   0   0   2   3   0   0   8  1.15 0.33
  146 T     0  -1  -2  -3   0  -2  -2  -3  -2   1   2   0   2   0  -2  -1   0  -2   2   2    6   3   1   0   2   0   0   0   0  10  21   9   6   3   1   5   6   0   9  17  0.14 0.09
  147 L    -2  -4  -4  -5  -3  -4  -4  -5  -4   2   3  -4   0  -2  -4  -3   2  -4  -3   4    0   0   0   0   0   0   0   0   0  11  31   0   1   0   0   0  18   0   0  39  0.69 0.24
  148 L    -4  -4  -5  -5  -4  -4  -5  -5   0   2   3  -4   4   6  -5  -4  -3  -2   0  -1    0   0   0   0   0   0   0   0   2  11  27   0  15  43   0   0   0   0   0   2  1.00 0.29
  149 A     4  -3  -3  -4  -1  -3  -3   0  -4   1  -1  -3  -2  -3  -3   0  -1  -4  -3   3   45   0   0   0   1   0   0   7   0   9   3   0   0   0   0   7   1   0   0  27  0.53 0.23
  150 C    -2  -4  -2  -3   5  -3  -3  -3  -4  -4  -4  -3  -3  -5  -3   4   6  -5  -4  -3    1   0   0   0  12   0   0   0   0   0   0   0   0   0   0  33  54   0   0   0  1.20 0.38
  151 A     6  -4  -4  -4  -3  -3  -3  -2  -4   0  -3  -3  -3  -4  -3   0  -1  -5  -4   2   74   0   0   0   0   0   0   0   0   3   0   0   0   0   0   4   2   0   0  17  1.04 0.34
  152 T    -3  -4  -3  -4  -4  -4  -4  -5  -5  -4  -4  -4  -4  -5  -4  -1   8  -5  -5  -3    0   0   0   0   0   0   0   0   0   0   0   0   0   0   0   0 100   0   0   0  2.11 0.54
  153 N    -2  -3   5  -1   0  -2  -2  -3  -3  -4  -4  -2  -4  -5  -3   5   2  -5  -4  -4    0   0  35   1   2   0   0   0   0   0   2   0   0   0   0  48  11   0   0   0  1.02 0.34
  154 L    -2  -2  -5  -3  -3  -3  -2  -5  -4   1   4  -4   0  -2   0  -3  -2  -4  -3   3    3   2   0   2   0   0   2   0   0   3  56   0   0   0   4   0   1   0   0  27  0.67 0.24
  155 D     2   0   0   2  -4   2   3  -3   0  -3  -3   2  -3  -2  -1  -1   0  -4  -3  -2   18   2   2  12   0  10  22   0   2   1   0  18   0   2   2   1   5   0   0   1  0.36 0.16
  156 E    -4  -3  -3  -1  -7  -1   8  -5  -3  -6  -6  -2  -5  -6  -4  -3  -4  -6  -5  -5    0   0   0   1   0   0  99   0   0   0   0   0   0   0   0   0   0   0   0   0  2.14 0.52
  157 A     5  -4  -4  -4  -3  -3  -3   0  -4  -2  -2  -3  -3   1  -3  -1   0  -4  -3   1   70   0   0   0   0   0   0   5   0   2   2   0   0   7   0   1   4   0   0   9  0.83 0.30
  158 R    -2   4  -2  -1  -1   2   1  -4   1  -1   0   3  -2  -3  -3  -2  -1  -1   0  -1    0  30   0   2   2  11   8   0   4   3   9  20   0   0   0   1   2   1   3   5  0.42 0.18
  159 A     2   0  -1  -2  -3   3   1  -3   2  -1   1  -1   0  -1  -3  -1  -1   1   1   0   20   5   2   0   0  22   7   0   7   4  13   2   3   1   0   1   1   2   6   6  0.21 0.14
  160 I     2  -4  -4  -5   1  -4  -4  -4  -4   4   3  -4   0  -2  -4  -2  -2  -4  -3   2   23   0   0   0   3   0   0   0   0  30  33   0   0   0   0   1   0   0   0  10  0.58 0.22
  161 E     1  -2  -1  -1  -2   1   3  -3   0   1   1  -1   0  -2  -3  -1   0  -3  -1   1   15   1   1   1   1   8  26   0   2  12  13   1   1   0   0   3   4   0   3   9  0.18 0.12
  162 A     2   0   1   3  -3   1   3  -2   0  -4  -3   1  -3  -4  -2   1   0  -4  -3  -3   25   4   6  16   0   6  21   0   2   0   2   8   0   0   0   7   4   0   0   0  0.38 0.16
  163 A     4  -1  -1  -3  -1  -1  -2  -2   0  -1   1  -1  -2  -1  -3   1  -1  -4  -1  -1   50   3   2   0   1   2   0   0   2   1  17   4   0   2   0  11   1   0   1   2  0.40 0.20
  164 G    -2  -4   1   0  -5  -2  -2   7  -4  -6  -6   0  -5  -6  -4  -2  -4  -5  -5  -5    0   0   5   4   0   1   2  80   0   0   0   7   0   0   0   0   0   0   0   0  1.50 0.36
  165 I     0  -4  -5  -5   0  -4  -4  -5  -5   5   1  -4   2   0  -4  -3  -2  -4  -3   4    8   0   0   0   2   0   0   0   0  37   9   0   4   3   0   0   0   0   0  36  0.74 0.24
  166 D    -3  -4   1   8  -6  -2  -1  -4   2  -6  -6  -3  -6  -6  -4  -3  -4  -7  -5  -6    1   0   5  87   0   1   1   0   5   0   0   0   0   0   0   0   0   0   0   0  1.95 0.45
  167 A     3  -4  -3  -4  -3  -3  -4   5  -4   0  -3  -3  -3   0  -4  -2  -3  -4  -1   1   30   0   0   0   0   0   0  48   0   5   0   0   0   5   0   0   0   0   2   9  0.78 0.26
  168 V    -3  -5  -5  -5  -3  -5  -5  -6  -5   6   2  -5  -1  -2  -5  -4  -3  -5  -3   4    0   0   0   0   0   0   0   0   0  56  14   0   0   0   0   0   0   0   0  30  1.13 0.31
  169 I    -3  -5  -5  -6  -3  -5  -5  -6  -6   5   0  -5  -1  -3  -5  -4  -2  -5  -3   6    0   0   0   0   0   0   0   0   0  32   2   0   0   0   0   0   0   0   0  65  1.31 0.36
  170 A     5  -4  -4  -4   6  -3  -4  -3  -4  -2   2  -3  -2  -3  -4  -1  -2  -4  -4  -1   54   0   0   0  19   0   0   0   0   0  21   0   0   0   0   2   0   0   0   3  0.89 0.30
  171 Q    -4  -2  -3  -3  -6   9  -1  -5  -3  -6  -5  -2  -4  -6  -4  -3  -4  -5  -5  -5    0   0   0   0   0 100   0   0   0   0   0   0   0   0   0   0   0   0   0   0  2.53 0.61
  172 G    -2  -5  -3  -4  -5  -4  -5   7  -5  -6  -6  -4  -5  -6  -5  -1  -4  -5  -6  -6    0   0   0   0   0   0   0  97   0   0   0   0   0   0   0   3   0   0   0   0  2.12 0.45
  173 Y    -3  -3  -5  -1  -4  -4  -4  -5  -2   3  -2  -4  -1   3  -5  -4  -4   7   7  -1    2   1   0   4   0   0   0   0   0  19   0   0   1  12   0   0   0  16  43   1  1.27 0.34
  174 E    -4  -3  -1  -1  -7   0   8  -5  -3  -6  -6  -2  -5  -6  -4  -3  -4  -6  -5  -5    0   0   2   0   0   1  97   0   0   0   0   0   0   0   0   0   0   0   0   0  2.05 0.51
  175 A     7  -4  -4  -5  -3  -3  -4  -2  -4  -4  -4  -3  -4  -5  -3  -1  -3  -5  -5  -3  100   0   0   0   0   0   0   0   0   0   0   0   0   0   0   0   0   0   0   0  1.76 0.47
  176 G    -2  -5  -3  -4  -5  -5  -5   7  -5  -7  -7  -4  -5  -6  -5  -3  -4  -5  -6  -6    0   0   0   0   0   0   0 100   0   0   0   0   0   0   0   0   0   0   0   0  2.27 0.47
  177 G    -2  -5  -3  -4  -5  -5  -5   7  -5  -7  -7  -4  -5  -6  -5  -3  -4  -5  -6  -6    0   0   0   0   0   0   0 100   0   0   0   0   0   0   0   0   0   0   0   0  2.27 0.47
  178 H    -5  -3  -3  -4  -6  -3  -3  -5  11  -7  -6  -4  -5  -5  -6  -4  -5  -6  -1  -7    0   0   0   0   0   0   0   0 100   0   0   0   0   0   0   0   0   0   0   0  3.38 0.65
  179 R    -4   8  -3  -5  -6  -2  -3  -5  -3  -6  -5  -1  -4  -6  -5  -3  -4  -6  -5  -5    0  99   0   0   0   0   0   0   0   0   0   0   0   0   0   1   0   0   0   0  2.33 0.53
  180 G    -2  -5  -3  -4  -5  -5  -5   7  -5  -7  -7  -4  -5  -6  -5  -3  -4  -5  -6  -6    0   0   0   0   0   0   0 100   0   0   0   0   0   0   0   0   0   0   0   0  2.27 0.47
  181 I    -1  -2   5  -1   1   0  -2  -3  -2   2  -1  -2   4  -3  -3   0   0  -4  -3   1    5   1  33   1   3   4   0   0   0  15   2   0  14   0   0   7   5   0   0   9  0.42 0.20
  182 F    -5  -6  -6  -7  -5  -6  -6  -6  -4  -3  -2  -6  -3   9  -7  -5  -5  -2   2  -4    0   0   0   0   0   0   0   0   0   0   0   0   0  97   0   0   0   0   3   0  2.60 0.53
  183 D    -2  -3   2   5  -4  -2   0  -3  -1   0   2  -1  -1  -3  -1  -1  -1  -4  -3  -2    2   0  10  36   0   0   3   0   1   7  30   4   0   0   2   2   2   0   0   1  0.46 0.20
  184 P     1  -2  -2   0  -3   0   0  -2  -2   0  -1  -2  -2  -4   5   1  -1  -4  -3   0   13   2   0   6   0   3   6   2   1   5   6   0   0   0  34  11   2   0   0  10  0.52 0.17
  185 E    -1  -1   3   3  -3   1   1  -1   0  -3  -3   0  -3  -2  -1   1   1  -4  -3  -3    2   1  19  22   0   8   7   2   1   1   2   6   0   1   2  14  11   0   0   0  0.39 0.15
  186 H    -1  -1   0   1  -3   0   1  -1   0  -1   0   0  -1   1   2   0   0   0   0  -1    2   1   4  10   0   4  13   3   2   2  14   5   0   9  12   5   7   2   2   1  0.13 0.07
  187 D    -4  -4   0   8  -6  -3   0  -4  -1  -6  -6  -3  -6  -6  -4  -3  -2  -7  -6  -6    0   0   1  92   0   0   3   0   2   0   0   0   0   0   0   0   2   0   0   0  2.12 0.48
  188 D     0  -1  -1   2  -2   1   5   0  -2  -4  -4  -1  -3  -5   0   1   0  -5  -4  -4    9   1   1   9   1   3  48   6   0   0   1   2   0   0   4  10   6   0   0   0  0.60 0.22
  189 R     0   2   3   0   2   4   1  -2  -1  -4  -3   3  -3  -4  -3  -1  -2  -4  -3  -4    7   9  18   5   5  24   7   2   1   0   1  19   0   0   0   2   0   0   0   0  0.50 0.20
  190 L    -3  -4  -5  -6  -3  -3  -5  -6  -5   2   5  -4   3  -1  -5  -4  -3  -1  -3   0    0   0   0   0   0   1   0   0   0  10  77   0   7   1   0   0   0   1   0   3  1.13 0.32
  191 G    -1  -2   0  -1  -3  -1  -2   3  -3  -4  -4   0  -3  -4   0   4   1  -5  -4  -4    1   1   2   3   0   1   0  25   0   0   0   6   0   0   5  46  10   0   0   0  0.65 0.25
  192 T    -1  -4  -3  -4  -4  -3  -4  -4  -4  -3  -1  -3  -3  -5  -4  -1   7  -5  -4  -2    3   0   0   0   0   0   0   0   0   0   7   0   0   0   0   0  89   0   0   1  1.67 0.47
  193 L     0  -1  -1  -3  -1   1  -1  -3   1   0   2  -1   1   3  -3  -1  -1   1   2   0   10   3   2   0   1   7   5   0   5   2  21   4   5  19   0   5   1   1   6   5  0.16 0.10
  194 A     3  -2   0   1   1   1   1  -1   0  -1  -2  -1  -2  -3   0   2   0  -4  -3  -1   30   0   2   8   4   6  10   1   3   4   2   2   0   0   4  17   6   0   0   4  0.24 0.13
  195 L    -4  -5  -6  -6  -4  -5  -5  -6  -5  -1   6  -5   0  -2  -6  -5  -4  -4  -4  -2    0   0   0   0   0   0   0   0   0   0 100   0   0   0   0   0   0   0   0   0  1.67 0.42
  196 V    -3  -4  -4  -5   0  -4  -4  -5  -4   0   1  -4  -1   5  -4  -3   3  -3  -1   4    0   0   0   0   2   0   0   0   0   3  11   0   0  29   0   0  22   0   0  34  0.71 0.26
  197 G    -1   3   0   1  -4   3   1  -2   0  -2  -2   2  -2  -4   0   0   0  -4  -3  -2    3  23   3   7   0  15   6   1   2   3   3  16   0   0   4   6   6   0   0   1  0.33 0.14
  198 S     0   1  -2  -1  -2   4   0  -3  -2   0   2   1   0  -2  -3  -1   0  -3  -3   0    6   9   0   3   1  24   5   0   0   6  29   7   1   0   0   2   4   0   0   4  0.27 0.15
  199 L    -1  -4  -4  -5  -1  -4  -4  -5  -4   4   3  -4   0  -2  -4  -1   0  -4  -3   3    3   0   0   0   1   0   0   0   0  25  38   0   0   0   0   5   4   0   0  24  0.62 0.21
  200 V     0   0  -2  -3  -1   0  -2  -3  -2   1   0   3   0  -3  -3  -1  -1  -4  -3   4   10   4   1   0   1   4   0   0   1   4  10  21   1   0   0   2   2   0   0  40  0.33 0.18
  201 P     1   2   1   1  -2   3   1   0  -1  -3  -3   2  -2  -4  -1   0  -1  -4  -3  -3   12  14   5  10   1  15   7   6   1   1   1  17   0   0   2   7   2   0   0   0  0.29 0.12
  202 A     0   0   0  -2  -3   2   1  -2   3  -2  -1   1  -2   0  -3  -1  -1  -2   4  -2   10   6   5   0   0   9  11   2  10   1   7   8   0   3   0   2   3   0  20   2  0.23 0.12
  203 L    -2  -3  -4  -4   4  -3  -4  -4  -4   3   3  -1   0   0  -4  -2   1  -3  -2   3    1   0   0   0  10   0   0   0   0  16  32   4   0   4   0   2   8   0   0  23  0.45 0.17
  204 N    -1   0   3   4  -3   0   1  -1  -2  -3  -4   0  -3  -4  -2   2   0  -4  -3  -2    4   4  13  32   0   4   5   4   0   2   1   6   0   0   1  16   5   0   0   2  0.44 0.15
  205 V    -2  -4  -4  -4   1  -3  -3  -2  -2   2   2  -2   0  -2   5  -2   0  -4  -3   2    1   0   0   0   3   0   0   3   1  13  29   2   1   0  28   3   4   0   0  13  0.57 0.19
  206 P    -4  -3  -5  -4  -5  -4  -4  -5  -3  -4  -2  -2  -3   5   7  -4  -4  -3   4  -2    0   1   0   0   0   0   0   0   0   0   3   2   0  24  53   0   0   0  14   2  1.52 0.37
  207 V    -3  -5  -5  -5  -3  -4  -5  -5  -5   4   2  -4  -1  -2  -5  -4  -2  -4  -3   5    0   0   0   0   0   0   0   0   0  29  21   0   0   0   0   0   0   0   0  49  0.99 0.29
  208 I    -3  -5  -6  -6  -3  -5  -5  -6  -6   7  -1  -5  -1  -3  -5  -5  -3  -5  -4   4    0   0   0   0   0   0   0   0   0  75   1   0   0   0   0   0   0   0   0  24  1.50 0.38
  209 A     5  -4  -4  -4  -3  -3  -3  -3  -4  -4  -4  -3  -4  -5   5   0  -2  -5  -4  -3   65   0   0   0   0   0   0   0   0   0   0   0   0   0  30   5   1   0   0   0  1.29 0.37
  210 A     7  -4  -4  -4  -3  -3  -3  -2  -4  -4  -4  -3  -3  -5  -3   0   0  -5  -4  -3   93   0   0   0   0   0   0   0   0   0   0   0   0   0   0   3   4   0   0   0  1.53 0.43
  211 G    -2  -5  -3  -4  -5  -5  -5   7  -5  -7  -7  -4  -5  -6  -5  -3  -4  -5  -6  -6    0   0   0   0   0   0   0 100   0   0   0   0   0   0   0   0   0   0   0   0  2.27 0.47
  212 G    -2  -5  -3  -4  -5  -4  -5   7  -5  -7  -6  -4  -5  -6  -5  -2  -4  -5  -6  -6    0   0   0   0   0   0   0  98   0   0   0   0   0   0   0   2   0   0   0   0  2.18 0.46
  213 I    -4  -6  -6  -6  -4  -5  -6  -6  -6   7   1  -5   1  -3  -5  -5  -3  -5  -4   1    0   0   0   0   0   0   0   0   0  90   6   0   2   0   0   0   0   0   0   2  1.72 0.42
  214 M    -1  -4  -1  -3  -4  -3  -4  -2   0  -1  -1  -4   9  -3  -5  -2  -1  -4   0   2    4   0   3   1   0   0   0   3   3   2   0   0  62   0   0   2   3   0   3  14  1.25 0.39
  215 D    -3  -4   3   7  -5  -2   0  -2  -3  -5  -6  -3  -5  -6  -4   1   1  -6  -5  -5    0   0  13  67   0   0   2   2   0   0   0   0   0   0   0   8   9   0   0   0  1.34 0.35
  216 G     1  -4  -2  -2  -4  -3  -4   6  -4  -5  -5  -3  -4  -5  -1   2  -2  -5  -5  -5    8   0   0   1   0   0   0  69   0   0   0   0   0   0   3  17   1   0   0   0  1.25 0.32
  217 R     2   1   0   0  -3   2   1  -1   0  -3  -3   3  -2  -3  -2   0   0  -4  -2  -2   23   8   3   3   0  12  11   2   2   0   0  21   1   1   0   6   5   0   1   2  0.32 0.15
  218 G     0  -3  -1   3  -3   1  -1   3   0  -2  -3  -2  -3  -4  -3   1   2  -4  -4  -2    6   0   0  22   0   8   1  29   2   2   2   0   0   0   0  10  17   0   0   2  0.44 0.18
  219 I     1  -5  -5  -5  -3  -5  -5  -5  -5   7  -1  -5   1  -3  -5  -4  -3  -5  -4   3   12   0   0   0   0   0   0   0   0  70   0   0   3   0   0   0   0   0   0  15  1.19 0.34
  220 R     2   3   2  -1  -2   1   0  -1  -2  -3  -2   2  -2  -3  -3   0  -1   0  -3  -2   26  19  10   1   1   4   6   3   0   0   4  15   0   1   0   6   1   1   0   1  0.29 0.15
  221 A     3   0   0  -2  -3   0   1  -1   2  -3  -3   0  -2   0  -3   0  -1   0   4  -2   33   3   4   1   0   4   8   3   5   1   1   7   0   2   0   5   3   1  18   0  0.30 0.16
  222 A     3  -4  -4  -5   0  -3  -4  -4  -2  -1   0  -3   4   0  -4  -2  -1  -2   6   0   29   0   0   0   2   0   0   0   0   1   7   0  16   2   0   0   2   0  35   6  0.77 0.28
  223 L    -3  -3  -5  -6  -3  -4  -5  -6  -5   2   6  -4   3   0  -5  -4  -3  -4  -3   0    0   1   0   0   0   0   0   0   0   7  79   0   6   3   0   0   0   0   0   3  1.14 0.32
  224 A     1   0   2   3  -3   2   1  -2  -2  -3  -3   1   0  -4  -2   1   0  -4  -3  -3   12   5   9  21   0  13   7   1   0   2   0  11   3   0   0  14   3   0   0   0  0.35 0.15
  225 L    -1  -2   1  -3  -2   2  -1  -4   1   0   4   0   0   0  -4  -2  -2  -3   0  -1    3   0  10   0   1  10   4   0   4   3  51   5   0   3   0   2   1   0   2   0  0.36 0.19
  226 G    -2  -5  -1  -4  -5  -1  -4   7  -4  -6  -6  -4  -5  -6  -5  -3  -4  -5  -6  -6    0   0   2   0   0   4   0  94   0   0   0   0   0   0   0   0   0   0   0   0  2.00 0.44
  227 A     6  -4  -4  -4   0  -3  -3  -2  -4   0  -3  -3  -3  -4  -3  -1  -2  -5  -4   0   87   0   0   0   2   0   0   0   0   5   0   0   0   0   0   1   0   0   0   6  1.31 0.39
  228 E     3  -2  -2   2  -3   0   0  -1  -3  -2  -2  -1  -1  -4  -2   3  -1  -4  -3   0   32   0   0  12   0   5   6   2   0   1   1   3   1   0   0  27   1   0   0   8  0.37 0.19
  229 A     6  -4  -3  -4  -3  -3  -3   3  -4  -4  -4  -3  -4  -5  -3   0  -2  -5  -4  -3   75   0   0   0   0   0   0  22   0   0   0   0   0   0   0   3   0   0   0   0  1.23 0.37
  230 V     2  -4  -5  -5   1  -4  -4  -4  -5   0  -2  -4  -2  -3  -4  -3  -1  -5  -4   6   22   0   0   0   2   0   0   0   0   1   0   0   0   0   0   0   3   0   0  71  1.07 0.34
  231 Q    -4  -2  -3  -3  -1   9  -1  -5  -3  -6  -5  -2   0  -6  -4  -1  -4  -5  -4  -5    0   0   0   0   1  93   0   0   0   0   0   0   2   0   0   3   0   0   0   0  2.21 0.56
  232 M    -3  -4  -5  -6  -3  -4  -5  -6  -5   0   5  -4   6  -2  -5  -4  -3  -4  -3   1    0   0   0   0   0   0   0   0   0   2  68   0  22   0   0   0   0   0   0   7  1.19 0.34
  233 G    -2  -5  -3  -4  -5  -5  -5   7  -5  -7  -7  -4  -5  -6  -5  -3  -4  -5  -6  -6    0   0   0   0   0   0   0 100   0   0   0   0   0   0   0   0   0   0   0   0  2.27 0.47
  234 T    -3  -4  -3  -4  -4  -3  -4  -4  -5  -4  -4  -3  -4  -5  -4   0   8  -5  -5  -3    0   0   0   0   0   0   0   0   0   0   0   0   0   0   0   3  97   0   0   0  1.99 0.52
  235 A     6  -4  -4  -4  -3  -3  -3  -3  -4   1  -2  -3  -2  -4  -3  -1  -1  -5  -4   2   74   0   0   0   0   0   0   0   0   7   2   0   0   0   0   0   2   0   0  15  1.01 0.34
  236 F    -5  -6  -6  -6  -5  -6  -6  -6  -4  -3  -2  -6  -3   9  -7  -5  -5   4   2  -4    0   0   0   0   0   0   0   0   0   0   2   0   0  90   0   0   0   5   3   0  2.34 0.49
  237 I    -3  -4  -5  -5  -3  -4  -5  -6  -5   4   4  -4   0  -2  -5  -4  -3  -4  -3   3    0   0   0   0   0   0   0   0   0  27  50   0   0   0   0   0   0   0   0  23  0.93 0.27
  238 A     3  -1  -2  -1  -3   0  -2   1  -1  -2   1  -1  -1  -2   3   0   0  -4  -3  -2   30   3   0   2   0   6   0  11   2   0  19   1   0   2  14   3   7   0   0   0  0.27 0.15
  239 C    -1  -5  -4  -5   9  -4  -4  -4  -5  -3  -4  -4  -3  -5  -4   0   5  -5  -4   0    4   0   0   0  48   0   0   0   0   0   0   0   0   0   0   7  36   0   0   5  1.59 0.40
  240 P     0  -1  -1   1  -4  -1  -1  -4  -3  -4  -4   2  -4  -5   7   0  -1  -5  -4  -3    6   2   2   8   0   3   3   0   0   0   0  13   0   0  52   6   4   0   0   2  1.13 0.28
  241 E    -3  -3  -3   0  -6   2   7  -2  -3  -6  -5  -2  -4  -6  -4  -1  -2  -5  -5  -5    0   0   0   2   0   8  83   3   0   0   0   0   0   0   0   2   2   0   0   0  1.57 0.42
  242 S     1  -3  -2  -3   3  -3  -3  -3  -4  -5  -5  -3  -4  -5  -3   6  -1  -5  -4  -4    8   0   0   0   6   0   0   0   0   0   0   0   0   0   0  85   1   0   0   0  1.44 0.43
  243 S     2  -1   3  -2  -2   0  -2  -1  -1  -1   0   0  -2  -3  -3   2   2  -4  -3  -1   24   2  16   0   0   3   0   1   1   4  11   5   0   0   0  21  11   0   0   1  0.27 0.15
  244 A     5  -3   0  -3  -2  -3  -3  -2  -3   1  -3  -3  -2  -4  -3   1   1  -5  -3   1   57   0   5   0   0   0   0   0   0   8   0   0   0   0   0   9   9   0   0  13  0.64 0.26
  245 N    -1  -3   4   4  -1  -2  -1  -1   1  -5  -5  -1  -4  -5   2   3  -1  -5  -4  -4    3   0  24  23   1   0   0   2   3   0   0   2   0   0  10  29   1   0   0   0  0.68 0.24
  246 A     2   0  -1   1  -3   1   1  -1  -1  -3  -3   1  -3  -4   3   1   0  -4  -2  -2   19   5   0   7   0   6  11   2   1   0   0  12   0   0  17  14   3   0   2   1  0.37 0.14
  247 A     2  -2  -1  -1  -3  -2   0   2   0  -1  -1   0  -2   4  -3  -1   0  -2   2  -2   19   0   3   2   0   0   6  17   2   4   3   5   0  24   0   2   4   0   8   0  0.25 0.14
  248 Y    -4  -4  -3  -5  -4  -4  -4  -5   5   2  -2  -4  -3   5  -5  -4  -4   3   7  -2    0   0   1   0   0   0   0   0  13  11   0   0   0  24   0   0   0   3  45   2  1.31 0.34
  249 R    -1   6   1  -3  -4   0  -1   0  -1  -4  -2   2  -3  -4  -3   1  -1  -4  -3  -4    3  51   5   0   0   1   2   7   1   0   4  12   0   0   0   9   3   0   0   0  0.73 0.24
  250 A     2   1   2   2  -3   2   2  -2  -1  -3  -3   2  -2  -4  -2   0   0  -4  -3  -2   20   6   9  13   0  10  12   1   1   0   0  18   0   0   0   5   4   0   0   1  0.32 0.13
  251 A     3  -1  -1  -2   0   0  -1  -2  -2  -1   1   0   1  -1   0   0   0  -3  -1   0   36   3   2   0   1   5   3   0   1   2  18   6   3   2   4   6   4   0   1   3  0.18 0.12
  252 L    -3  -4  -4  -5  -3  -4  -4  -4  -4   3   4  -3   1   2  -4  -2  -2  -3  -2   2    0   0   0   0   0   0   0   1   0  15  58   1   1   9   0   2   0   0   0  11  0.70 0.22
  253 R     0   1   0   0  -3   1   0  -1   0  -2  -1   2   0   2  -2   0   1  -3  -1  -2    9   7   4   4   0   6   4   3   1   1   6  19   2  14   0   7  11   0   0   1  0.12 0.09
  254 S     0   0   2   0   0   0   1   1  -1  -4  -3   0  -3  -4  -2   4   0  -4  -2  -3    4   5  13   3   2   3   9  10   1   0   2   4   0   0   1  37   3   0   1   0  0.36 0.18
  255 D     0   0   0   2  -1   1   1  -1  -1  -2  -2   1  -2  -3   3   1  -1  -3  -2  -1   10   4   5  12   2   9   7   3   1   1   4   9   0   1  14  11   2   0   1   5  0.20 0.07
  256 K     1   1   2   0  -2   0   0   0   0  -2  -2   1  -2  -2   2   1   0  -2  -1  -1   16   8  11   5   0   4   5   6   1   2   2   8   0   1  10   7   7   0   2   3  0.15 0.06
  257 A     3   1  -1   0  -2   0   0   1  -1  -2  -1   0  -2  -2   1   1  -1  -3  -1  -2   30   9   3   4   0   4   5  13   2   1   8   3   0   0   5  10   1   0   2   1  0.18 0.10
  258 W     0   0   0   0  -3   0   0   0   2  -1  -1   1  -1  -1   2   0   1   0   0  -1   10   6   2   4   0   4   6   6   8   4   3   8   1   2  13   5  10   1   4   3  0.12 0.06
  259 H    -1   0   1   2  -1   1   2  -1   4  -3  -2   0  -1  -4   3   0   0  -4  -2  -3    5   3   5  13   1   5  13   5  14   1   3   4   1   0  14   6   7   0   0   0  0.31 0.13
  260 T    -3  -4  -3  -4  -4  -4  -4  -5  -5  -4  -4  -4  -4  -5  -4  -2   8  -6  -5  -3    0   0   0   0   0   0   0   0   0   0   0   0   0   0   0   0 100   0   0   0  2.18 0.59
  261 Q     0   1  -3  -3   0   1  -1  -4  -3   3   0  -1   0  -2  -3  -2   0  -4  -3   3    8  11   0   0   2   9   4   0   0  24   5   3   1   0   0   1   5   0   0  26  0.29 0.17
  262 V    -4  -4  -5  -6  -4  -4  -5  -6  -5   3   2  -4   9  -3  -5  -5  -3  -4  -4   0    0   0   0   0   0   0   0   0   0  14  12   0  69   0   0   0   0   0   0   5  1.82 0.50
  263 T    -3  -4  -3  -4  -3  -3  -4  -4  -4   0  -3  -3  -3  -4  -4   0   7  -5  -4   1    0   0   0   0   0   0   0   0   0   5   1   0   0   0   0   6  80   0   0   8  1.45 0.46
  264 A     2   2   1   2   0  -1   0  -2  -2  -4  -4   0  -3  -4   3   2  -1  -5  -3  -3   26  15   7  11   2   0   3   0   1   0   0   5   0   0  14  16   1   0   0   0  0.42 0.19
  265 A     3  -3  -2  -4  -1  -3  -2  -2  -3   1   3  -3   0  -1  -3   1  -1  -3  -1   1   30   0   1   0   1   0   1   1   0   5  33   0   1   1   0   9   2   0   2  12  0.33 0.18
  266 I    -3  -5  -5  -5   0  -5  -5  -6  -5   6   0  -5  -1   1  -2  -4  -3  -4  -3   4    0   0   0   0   2   0   0   0   0  51   2   0   0   6   3   0   0   0   0  35  1.06 0.33
  267 S    -2  -4  -2  -3  -4  -3  -3  -3  -4  -5  -5  -3  -4  -5  -4   7   1  -6  -5  -4    0   0   0   0   0   0   0   0   0   0   0   0   0   0   0  95   5   0   0   0  1.77 0.54
  268 G    -3  -5  -3  -4  -5  -5  -5   7  -5  -7  -7  -4  -6  -6  -5  -3  -4  -5  -6  -6    0   0   0   0   0   0   0 100   0   0   0   0   0   0   0   0   0   0   0   0  2.32 0.52
  269 R    -4   7  -3  -4  -6  -1  -2  -5  -3  -5  -3   4  -4  -5  -4  -3  -4  -5  -4  -5    0  69   0   0   0   0   0   0   0   0   3  29   0   0   0   0   0   0   0   0  1.66 0.45
  270 P    -1  -1   1  -4  -5  -2  -3  -4   0  -2  -5  -3  -4  -1   8  -1  -3  -6  -4  -4    4   3   8   0   0   2   0   0   3   3   0   0   0   4  70   4   0   0   0   0  1.72 0.42
  271 A     7  -4  -4  -4  -3  -3  -4  -3  -4  -4  -1  -3  -3  -5  -4  -1  -1  -5  -4  -3   92   0   0   0   0   0   0   0   0   0   5   0   0   0   0   1   2   0   0   0  1.50 0.46
  272 R    -5   8  -3  -5  -7  -2  -3  -5  -3  -6  -5  -1  -4  -6  -5  -4  -4  -6  -5  -6    0 100   0   0   0   0   0   0   0   0   0   0   0   0   0   0   0   0   0   0  2.47 0.59
  273 G     2  -4  -3  -4   7  -3  -4   3  -4  -4  -4  -3  -3  -5  -4   0   3  -5  -4  -3   18   0   0   0  27   0   0  26   0   0   0   0   0   0   0   4  25   0   0   0  0.96 0.32
  274 L    -3  -2  -5  -5  -3  -4  -5  -5  -5   5   4  -4   2   0  -5  -4  -3  -4  -3   2    0   2   0   0   0   0   0   0   0  36  42   0   3   4   0   0   0   0   0  12  0.84 0.27
  275 V     1   2  -1  -1   0  -1   0  -2  -1   1   0   2   0  -2  -1   0   0  -3  -2   1   12  12   1   2   2   1   6   1   1   8  10  15   2   0   2   9   2   0   1  13  0.08 0.08
  276 N    -3  -3   6  -2  -4  -3  -3  -2  -3  -3  -5  -3  -4  -5  -4   0   5  -6  -4  -4    0   0  50   0   0   0   0   1   0   1   0   0   0   0   0   4  44   0   0   0  1.37 0.43
  277 R     0   3  -3   0  -4   1  -1  -2   1  -4  -3   0  -3  -4   6  -1  -2  -5  -2  -3   10  18   0   6   0   6   3   2   3   0   2   3   0   0  40   3   2   0   2   1  0.78 0.25
  278 L    -5  -6  -4  -6  -5  -6  -6  -6  -4  -2   0  -6  -1   8  -6  -5  -5   5   1  -3    0   0   1   0   0   0   0   0   0   1   6   0   1  82   0   0   0   7   1   0  2.09 0.49
  279 F    -2  -3  -4  -4   2  -2  -4  -5   1   5   1  -3   1  -1  -4  -2   3   0  -2   1    1   1   0   0   4   2   0   0   4  44  11   0   2   2   0   0  22   1   1   3  0.58 0.25
  280 T     0   3   0   2  -1   2   2  -3   1  -4  -4   0  -3  -4  -3   0   0  -4  -3  -2    8  23   4  13   2  11  18   0   3   0   0   4   0   0   0   7   6   0   0   2  0.40 0.17
  281 D     0   0   1   1  -3   0   1  -1   0  -1   0   1   0   1  -3   0  -1   4   0  -2    8   4   7  11   0   4  10   2   3   3  13  10   2   6   0   7   3   7   1   0  0.12 0.08
  282 L     0  -3  -3  -4  -3  -3  -1   1  -1   1   3  -3   1   0  -4  -2   0  -3  -2   0   11   0   0   0   0   0   4  13   2   8  45   1   1   2   0   1   5   0   0   6  0.31 0.17
  283 Q     0   0  -1   1  -2   2   1  -1   0   1   0  -1  -1  -2  -2  -1   0  -1  -1   1    8   5   2  11   1  10  13   3   3  14   7   1   0   0   0   2   6   1   2  11  0.09 0.08
  284 S     0   1   2   1  -3   1   1   0   0  -3  -2   0  -2  -2   0   1   1  -3  -2  -2    7   7  12   8   0   9   9   8   2   0   4   2   0   2   5  13  10   0   0   1  0.18 0.08
  285 P     0  -2  -1   0  -1   1   0  -2   0   0   0   0  -1   1   1   1   0  -2   2   0   10   0   2   4   1   8   5   0   2   6   6   6   0   9   9  13   3   0   8   7  0.09 0.07
  286 D     0   0   0   1  -3   2   1   0   2  -2  -2   1  -2  -2   2   1  -1  -3  -2  -2    6   5   3  11   0  15   6   8   5   3   2   9   0   1  11   9   3   0   0   2  0.21 0.09
  287 A     1   1   0   1   0   0   0   1   0  -2  -1   0  -1  -3   2   1   0  -3  -2  -1   10  10   4  10   2   2   5  11   3   0   9   2   1   0   9  10   7   0   0   4  0.11 0.06
  288 P     0  -2   0   3  -3   0   2  -1  -1  -1   0   0  -2  -2   2   0   0  -3  -1   0    6   0   3  18   0   1  16   3   1   1  10   7   0   2  11   7   4   0   3   8  0.18 0.10
  289 A     1   0   0   2  -1   1   3  -1  -2  -2  -2   1  -1  -4   1   0   0  -4  -3  -2   15   4   5  11   1   5  24   4   0   2   2   8   2   0   6   6   3   0   0   1  0.25 0.12
  290 L    -2  -4  -4  -5  -3  -2  -4  -5  -4   4   4  -4   1  -1   1  -2  -2  -4  -3   2    2   0   0   0   0   2   0   0   0  27  45   0   1   1   6   2   2   0   0  11  0.63 0.23
  291 P    -2  -5  -5  -5  -6  -4  -4  -5  -5  -6  -6  -4  -6  -7   9  -4  -4  -7  -6  -6    2   0   0   0   0   0   0   0   0   0   0   0   0   0  98   0   0   0   0   0  3.03 0.63
  292 D     0  -4  -1   6  -5  -1  -1   0  -3  -4  -2  -3  -4  -5   3   0  -3  -6  -5  -4   10   0   0  52   0   2   1   5   0   0   5   0   0   0  17   7   0   0   0   0  0.94 0.31
  293 Y    -5  -5  -5  -6  -6  -5  -5  -6  -1  -4  -3  -5  -4   3  -6  -5  -5  -1   9  -4    0   0   0   0   0   0   0   0   0   0   1   0   0  10   0   0   0   0  89   0  2.64 0.60
  294 P    -3  -5  -4  -4  -5  -2  -4   4  -5  -5  -6  -4  -5  -6   7  -1  -4  -6  -5  -3    0   0   0   0   0   1   0  29   0   0   0   0   0   0  62   5   0   0   0   2  1.78 0.43
  295 M    -2  -3  -4  -5   0  -4  -4  -5  -2   3   2  -4   0   1  -5  -3  -2  -1   7   0    1   1   0   0   2   0   0   0   0  21  20   0   2   3   0   2   2   0  42   6  0.88 0.30
  296 T     4   1  -3  -3  -3  -2  -3   0  -3  -2  -2  -2   2  -4   1   0   2  -4  -3   0   46  10   0   0   0   0   0   5   0   1   2   0   8   0   8   3  12   0   0   6  0.47 0.23
  297 Y    -3  -5  -5  -6  -5  -5  -5  -2  -1  -4  -4  -5  -4   1  -6  -4  -2  -1   9  -4    2   0   0   0   0   0   0   3   0   0   0   0   0   2   0   0   3   0  89   0  2.48 0.59
  298 D    -1  -3   3   6  -4  -2  -1  -2  -1  -4  -5  -2  -4  -4  -3   2  -2  -5   2  -2    4   0  14  49   0   0   0   1   1   0   0   1   0   0   0  18   0   0   8   3  0.86 0.30
  299 A     5  -2  -3  -4  -3  -3  -1   0  -4   0   1  -3   0  -3  -3   0  -1  -4  -3   0   58   1   0   0   0   0   3   6   0   5  14   0   2   0   0   4   1   0   0   6  0.57 0.26
  300 T     1  -4  -3  -4  -4  -2  -4   4  -2  -1  -3  -3   0   4  -4  -1  -2  -2   5  -3   15   0   0   0   0   1   0  31   0   3   0   0   2  20   0   2   1   0  22   0  0.68 0.25
  301 K    -3   2  -3  -4  -6  -1  -2  -4  -3  -6  -5   7  -4  -6  -4  -2  -3  -6  -5  -5    0   8   0   0   0   0   0   0   0   0   0  90   0   0   0   2   0   0   0   0  1.84 0.50
  302 A     3   0  -2   0  -3   4   0  -1  -2  -4  -3   1  -2  -4   0   1   0  -4  -3  -3   31   4   0   4   0  23   2   2   0   0   1  10   0   0   3  12   6   0   0   0  0.43 0.21
  303 L    -2  -4  -6  -6  -3  -4  -5  -6  -5   1   6  -5   2   0  -5  -4  -3   0  -3   0    3   0   0   0   0   0   0   0   0   5  80   0   3   3   0   0   0   1   0   4  1.13 0.34
  304 L     2   2   4  -2  -4  -1  -2  -2   4  -4  -2   2  -3  -4  -3   0  -2  -5  -3  -2   23  12  24   0   0   0   0   1  14   0   3  15   0   0   0   4   1   0   0   3  0.50 0.23
  305 A     3  -1   1  -2  -3   0  -1   2  -2  -2  -3   0  -2  -3   0   2   0  -4  -3  -2   38   2   9   0   0   3   2  13   0   2   2   4   0   1   4  15   4   0   0   1  0.35 0.18
  306 A     4  -2  -2   0  -3  -1   1  -1   0  -2   1   1  -2  -3  -3   0   0  -4  -3  -1   43   0   0   5   0   2   8   3   2   1  15  11   0   0   0   3   4   0   0   3  0.30 0.19
  307 A     5  -3  -2  -2  -2  -3  -3  -1  -3   0   0  -2  -2   1  -3  -1  -2  -3   2   0   55   0   1   2   0   0   0   4   0   4  11   2   0   6   0   0   0   0   8   6  0.49 0.23
  308 Q     0   1   0  -1  -3   0   0  -1  -2  -2  -2   4   0  -3   3   1  -1  -3  -3  -1    6   5   4   2   0   1   6   3   0   1   4  32   2   0  13  13   1   0   0   6  0.30 0.14
  309 A     2   0   1  -1  -1   2   0  -1  -1  -2  -1   1  -1  -2  -1   1   0  -2  -1  -1   23   4   7   2   1  13   6   3   1   2   5  12   1   1   2   9   4   0   2   3  0.14 0.06
  310 S     1   0   0  -1  -1   2   0  -1   0   0   0   2   0  -1  -1   0   0  -2  -1  -1   11   4   4   1   1  13   2   3   3   5   8  18   3   3   1   8   5   0   1   4  0.08 0.05
  311 G     0  -2   0  -1  -3   0  -2   5  -2  -1  -3  -2  -2  -3  -2  -1  -1  -3  -3  -1    7   1   3   3   0   5   1  59   0   4   2   1   0   1   1   3   3   0   1   4  0.72 0.19
  312 N    -1   1   3   3   1   0   3  -1   0  -4  -4   1  -3  -4   0   0  -1  -4  -3  -2    2   7  17  20   4   3  21   5   2   0   0   6   0   0   5   4   1   0   0   3  0.39 0.16
  313 G     0   0  -1   1  -2   1   0   0   2  -2  -1  -1  -1   0   2   0   0   0   2  -1    6   5   2   9   0   9   6   9   6   1   5   2   2   4  10   4   6   1   9   3  0.11 0.06
  314 D     0   0   0   4  -4   0   1   4  -2  -4  -4   0  -3  -4  -3   0  -2  -4  -3  -3    6   5   2  28   0   3  10  33   0   0   1   4   0   0   0   4   1   0   0   1  0.56 0.18
  315 F    -3  -4  -1  -4   1  -3  -4  -4  -2   1  -1  -4  -2   6  -4  -3  -3  -1   6  -1    1   0   4   0   3   0   1   1   0   9   4   1   0  33   0   1   1   0  38   3  1.05 0.29
  316 A     1  -3  -1  -1   0  -1  -3   6  -3  -4  -2  -3  -3  -4  -3   1  -2  -4  -4  -3   11   0   3   2   2   3   1  59   0   0   4   0   0   0   0  10   1   0   0   1  0.86 0.25
  317 V     4  -3  -3  -3  -3  -3  -3  -2  -3  -2  -1  -3   0   5   0   0  -2  -3  -1   0   49   0   0   0   0   0   1   1   0   0   5   0   3  26   4   4   0   0   0   6  0.62 0.25
  318 Q    -4  -3   0  -4  -1   4  -2  -5   5  -1  -1  -3  -3   3  -5  -3  -3  -2   6  -2    0   0   4   0   1  22   0   0  17   4   4   0   0  11   0   0   0   0  35   1  0.97 0.33
  319 W    -5  -5  -7  -7  -5  -5  -6  -6  -5  -3   4  -6  -2  -1  -6  -6  -5  11   0  -4    0   0   0   0   0   0   0   0   0   0  43   0   0   1   0   0   0  53   2   0  2.37 0.53
  320 A     6  -4  -4  -4   2  -3  -4  -3  -4  -2  -4  -3  -3  -5  -3  -1  -1  -5  -4   0   85   0   0   0   5   0   0   0   0   2   0   0   0   0   0   1   2   0   0   5  1.31 0.42
  321 G    -3  -5  -3  -4  -5  -5  -5   7  -5  -7  -7  -4  -6  -6  -5  -2  -4  -5  -6  -6    0   0   0   0   0   0   0  99   0   0   0   0   0   0   0   1   0   0   0   0  2.25 0.51
  322 Q     0  -2  -2  -2  -5   7   0  -4  -2  -5  -5  -1  -2  -6  -4   1   0  -5  -4  -4    9   0   0   1   0  67   4   0   0   0   0   2   1   0   0  12   5   0   0   0  1.30 0.43
  323 G    -1  -3   5  -2  -4  -2  -3   5  -1  -6  -6  -1  -4  -5  -4   1  -3  -5  -5  -5    3   0  37   0   0   1   0  46   1   0   0   2   0   0   0  11   0   0   0   0  1.12 0.34
  324 A     4  -4  -4  -4  -3  -1  -3  -3   1  -2  -3  -3  -3   1  -4  -1  -3  -2   6   2   39   0   0   0   0   2   0   0   2   0   0   0   0   4   0   2   0   0  34  17  0.85 0.33
  325 P     2  -3  -1   0  -4   1  -2   0   4  -3  -3  -1  -1  -2   5  -1   0  -4   0  -3   18   0   1   6   0   7   0   7  14   1   2   1   2   2  28   3   4   0   4   0  0.52 0.20
  326 L    -2   1  -1  -3  -3   3  -2  -4  -1  -1   3   2   3   0  -3   0  -2  -3  -2  -2    0   6   3   0   0  16   0   0   1   0  36  15   9   3   0  10   0   0   0   0  0.36 0.20
  327 A     3  -3  -2  -3   0  -3  -3  -3  -4   4  -1  -2   1  -3  -3   1  -1  -4  -3   2   33   0   2   0   1   0   0   0   0  29   3   2   3   0   0  10   1   0   0  15  0.45 0.21
  328 R    -2   6  -2  -3  -4  -1  -1  -4  -1  -3  -4   1  -3  -4   2   0   0   3  -3  -3    1  54   0   0   0   1   3   0   1   2   0   8   0   0   9   8   7   4   0   2  0.86 0.29
  329 E     1  -2   2   2   1   0   3   2  -2  -4  -4  -1  -3  -4  -1   0   1  -4  -3  -3   16   1  10  10   4   3  22  16   0   0   0   2   0   0   2   6   8   0   1   0  0.32 0.15
  330 L    -2   0  -1  -2  -3  -2  -2  -4  -3   1   4   0   6  -1  -4  -2  -2  -3  -3  -1    2   5   3   2   0   0   2   0   0   6  44   8  24   2   0   2   0   0   0   0  0.57 0.24
  331 P    -1  -3   1   0  -4  -2   0  -1  -3  -4  -3  -1  -3  -4   5   2   1  -5  -4  -3    3   0   7   6   0   0   6   3   0   0   3   3   0   0  36  22  11   0   0   0  0.75 0.25
  332 A     5  -3  -3  -4  -3  -3  -3  -2  -4  -1  -3  -3  -1  -4  -3   0   3  -4  -4   1   60   0   0   0   0   0   0   0   0   2   0   0   2   0   0   5  18   0   0  12  0.79 0.31
  333 A     2   0  -1   0  -1   2   2   1  -2  -3  -2   1  -2  -4  -2   0   0  -4  -3  -1   24   3   1   5   1   9  14  13   0   0   2  12   0   0   1   5   5   0   0   3  0.24 0.13
  334 E    -1  -1   0   3  -5   3   5  -4  -1  -4  -4   1  -3  -5  -3  -2  -1  -5  -4  -2    5   2   2  14   0  14  48   0   1   0   1   7   0   0   0   0   3   0   0   4  0.77 0.28
  335 L    -3  -4  -5  -5  -3  -4  -4  -5  -5   3   4  -2   1  -1  -5  -4  -2  -4  -3   2    0   0   0   0   0   0   0   0   0  21  54   3   2   1   0   0   1   0   0  17  0.81 0.26
  336 M    -3  -4  -5  -5  -3  -4  -4  -5  -4   3   2  -4   6   2  -5  -4  -1  -4  -2   3    0   0   0   0   0   0   0   0   0  17  12   0  31   9   0   0   4   0   0  27  0.83 0.29
  337 A     2   1   2   1  -3   2   2  -1   0  -3  -2   2  -2  -4  -2   1  -1  -4  -3  -2   18   9  10   5   0  10  14   4   2   0   3  13   0   0   0   9   1   0   0   1  0.27 0.13
  338 A     0   1   1   0  -1   2   1  -2  -2   0  -1   1  -1  -3  -2   0   2  -4  -3   0    8   8   7   4   1  11   9   1   0   5   5   7   1   0   0   5  21   0   0   7  0.16 0.11
  339 L    -4  -5  -6  -6  -4  -5  -5  -6  -5   1   6  -5   1  -1  -5  -5  -3  -1  -3   0    0   0   0   0   0   0   0   0   0   5  87   0   2   1   0   0   0   1   0   3  1.34 0.38
  340 L     1  -1  -3  -3  -1  -2  -2   0  -3   3   0  -1  -1  -2  -3  -1   1   2  -3   3   11   2   0   0   1   1   2   8   0  18   3   4   1   0   0   1  13   3   0  31  0.27 0.16
  341 A     0   2   1   0  -4   2   2  -3   0  -3  -1   3  -2  -4  -3   0   0  -4  -3  -3    9  12   7   5   0  11  16   0   2   0   9  21   0   0   0   5   4   0   0   0  0.31 0.15
  342 E    -2  -1   0   1  -6   0   6   2  -3  -6  -5   0  -4  -6  -4  -2  -3  -5  -4  -5    1   2   3   5   0   3  67  14   0   0   0   3   0   0   0   1   0   0   0   0  1.12 0.36

                      K         Lambda
PSI Ungapped         0.1779     0.3176
PSI Gapped           0.0544     0.2670
