
Last position-specific scoring matrix computed, weighted observed percentages rounded down, information per position, and relative weight of gapless real matches to pseudocounts
            A   R   N   D   C   Q   E   G   H   I   L   K   M   F   P   S   T   W   Y   V   A   R   N   D   C   Q   E   G   H   I   L   K   M   F   P   S   T   W   Y   V
    1 M    -2  -2  -3  -4  -2  -1  -3  -4  -2   0   1  -2   8  -1  -3  -2  -1  -2  -2   0    0   0   0   0   0   0   0   0   0   0   0   0 100   0   0   0   0   0   0   0  1.04 0.17
    2 W    -1   3  -1  -2  -2   0  -1  -2  -1  -2  -2   1  -1   0  -2   0   1   6   2  -2    1  28   0   1   0   0   1   1   0   1   1   8   0   0   1   9  16  18  13   1  0.41 0.05
    3 N    -1  -1   3   2  -2  -1   0  -1   0  -1   0  -1  -1   2  -1   1   0  -1   1  -1    2   1  21  17   1   1   2   2   1   1  10   1   1  14   1  14   2   0   8   2  0.13 0.02
    4 K     0   0   1   0  -1   2   0  -1   0  -1   0   1   0  -1  -1   0   0  -1  -1  -1    3   2   9   2   1  21   3   3   1   2  16  14   1   2   2  10   2   1   1   3  0.09 0.01
    5 N    -1   1   4   0  -2   0  -1  -1  -1   0  -1   0  -1  -2  -2   0   2  -3  -2  -1    1   9  42   1   0   1   1   1   0  13   1   1   0   1   1   1  24   0   1   1  0.28 0.05
    6 R     0   4   0  -1  -3   3   1  -2   0  -3  -2   1  -1  -3  -1   1  -1  -2  -2  -2    9  43   1   1   0  20  11   1   0   1   1   1   0   0   1   9   1   0   0   1  0.40 0.05
    7 L    -1  -2  -3  -3  -1  -2  -3  -3  -2   1   3  -2   1   3  -2  -2  -1  -1   0   2    1   1   1   1   0   1   1   1   0   1  48   1   0  19   1   1   1   0   0  23  0.29 0.04
    8 T     1  -2  -1  -2  -1  -1  -2  -2  -2   1   1  -1   2  -1  -2   0   3  -2  -1   0   16   1   1   1   0   1   1   1   0  13  17   1  11   0   1   1  34   0   0   1  0.16 0.04
    9 Q    -1   2   0  -1  -3   3   2   0  -1  -3  -3   3  -2  -3   1   0  -1  -3  -2  -3    0   8   0   0   0  18  15   7   0   0   0  35   0   0   8   8   0   0   0   0  0.39 0.05
   10 M    -1  -1  -2  -3   4  -1  -2  -3  -2   0   3   0   2  -1  -3   0   1  -2  -2   0    0   0   0   0  13   0   0   0   0   0  47  11  12   0   0   7  12   0   0   0  0.23 0.05
   11 L    -2  -3  -4  -4  -2  -3  -3  -4  -3   1   4  -3   1   3  -4  -3  -2  -1   0   0    0   0   0   0   0   0   0   0   0   0  78   0   0  22   0   0   0   0   0   0  0.57 0.08
   12 S     0  -1   4   0  -3   0   1   3  -1  -4  -4  -1  -3  -3  -2   2   0  -3  -3  -3    0   0  35   0   0   0  12  31   0   0   0   0   0   0   0  22   0   0   0   0  0.49 0.06
   13 I     1  -3  -3  -3  -1  -2  -3  -3  -3   3   2  -3   1  -1  -3  -2  -1  -3  -2   2   15   0   0   0   0   0   0   0   0  42  23   0   0   0   0   0   0   0   0  19  0.32 0.05
   14 E    -1   3   0   1  -3   3   3  -2  -1  -3  -3   2  -2  -3  -2   0   1  -3  -2  -2    0  24   0   8   0  15  35   0   0   0   0   7   0   0   0   0  11   0   0   0  0.46 0.05
   15 Y    -2  -1  -2  -3  -3   1  -1  -3   0  -1   0   1  -1   3  -3  -2  -2   1   6  -2    0   0   0   0   0   8   0   0   0   0   8  18   0  15   0   0   0   0  50   0  0.53 0.08
   16 P    -2  -3  -3  -2  -4  -2  -2  -3  -3  -4  -4  -2  -3  -4   8  -2  -2  -5  -4  -3    0   0   0   0   0   0   0   0   0   0   0   0   0   0 100   0   0   0   0   0  2.33 0.14
   17 I    -2  -4  -4  -4  -2  -3  -4  -4  -4   6   1  -3   1  -1  -3  -3  -1  -3  -2   2    0   0   0   0   0   0   0   0   0 100   0   0   0   0   0   0   0   0   0   0  0.74 0.12
   18 I    -2  -4  -4  -4   4  -3  -4  -4  -4   5   1  -3   0  -1  -3  -3  -1  -3  -2   2    0   0   0   0  15   0   0   0   0  85   0   0   0   0   0   0   0   0   0   0  0.64 0.10
   19 Q     1   0  -1  -1  -3   6   1  -2   0  -3  -3   0  -1  -4  -2   0  -1  -3  -2  -2   15   0   0   0   0  85   0   0   0   0   0   0   0   0   0   0   0   0   0   0  0.83 0.13
   20 A     4  -1  -1  -2  -1  -1  -1   0  -2  -2  -2  -1  -1  -2  -1   1   0  -2  -2  -1   78   1   1   1   0   1   1   1   0   1   1   1   0   1   1   9   1   0   0   1  0.42 0.07
   21 G    -1  -2  -2  -2  -3  -1  -1   3  -2  -3  -3  -1  -2  -3   6  -1  -1  -3  -3  -2    1   1   1   1   0   1   1  27   0   1   1   1   0   1  60   1   1   0   0   1  1.16 0.07
   22 M    -1  -2  -2  -3  -2  -1  -2  -3  -2   0   1  -2   8  -1  -2  -2  -1  -2  -1   0    1   1   1   1   0   1   1   1   0   1   1   1  85   1   1   1   1   0   0   1  0.69 0.11
   23 A     4  -2  -2  -2  -1  -1  -1   0  -2  -1   0  -1  -1  -2  -1   0   0  -2  -2   1   70   1   1   1   0   1   1   1   0   1   9   1   0   1   1   1   1   0   0   9  0.30 0.06
   24 G    -1  -3  -1  -2  -3  -3  -3   6  -2  -3  -3  -2  -3   2  -3  -1  -2  -2  -1  -3    0   0   0   0   0   0   0  85   0   0   0   0   0  15   0   0   0   0   0   0  0.99 0.09
   25 S     1  -2  -1  -2  -1  -1  -1   1  -2   0  -1  -1  -1  -2  -2   3   0  -3  -2   2   12   0   0   0   0   0   0  11   0   0   0   0   0   0   0  41   0   0   0  37  0.23 0.06
   26 T     0  -1   0  -1  -2  -1  -1  -2   4  -2  -2  -1  -2  -3  -2   3   4  -3  -1  -1    0   0   0   0   0   0   0   0  15   0   0   0   0   0   0  36  49   0   0   0  0.47 0.08
   27 T    -1  -1  -1  -2   4  -1  -1  -2  -2  -1  -2   1  -1  -3  -2   1   5  -3  -2  -1    0   0   0   0  15   0   0   0   0   0   0  11   0   0   0   0  74   0   0   0  0.58 0.10
   28 P     0   1  -2  -2  -3  -1  -2  -3  -2   0   0  -1  -1  -2   6  -1  -1  -3  -3  -1    7  15   0   0   0   0   0   0   0  13  12   0   0   0  54   0   0   0   0   0  0.88 0.07
   29 K     1   2   0   2  -3   1   3  -2  -1  -3  -3   2  -2  -3  -2   0  -1  -3  -2  -2   16  19   0  15   0   0  38   0   0   0   0  12   0   0   0   0   0   0   0   0  0.42 0.05
   30 L    -2  -3  -4  -4  -2  -2  -3  -4  -3   1   4  -3   3   0  -3  -3  -1  -2  -1   2    0   0   0   0   0   0   0   0   0   0  72   0  13   0   0   0   0   0   0  15  0.50 0.07
   31 V     4  -2  -3  -3  -1  -2  -2  -1  -3   1  -1  -2  -1  -2  -2   0   0  -3  -2   3   59   0   0   0   0   0   0   0   0   0   0   0   0   0   0   0   0   0   0  41  0.37 0.08
   32 A     5  -2  -2  -2  -1  -1  -1   0  -2  -2  -2  -1  -2  -3  -1   2   0  -3  -2  -1   89   0   0   0   0   0   0   0   0   0   0   0   0   0   0  11   0   0   0   0  0.60 0.10
   33 S     3  -1  -1  -2  -1  -1  -1  -1  -2  -2  -2   1  -1  -3  -1   2   2  -3  -2  -1   50   0   0   0   0   0   0   0   0   0   0  13   0   0   0  12  26   0   0   0  0.34 0.06
   34 V     1  -3  -3  -4  -1  -3  -3  -3  -4   2   0  -3   0  -2  -3  -2  -1  -3  -2   5   13   0   0   0   0   0   0   0   0   0   0   0   0   0   0   0   0   0   0  87  0.51 0.10
   35 S     0  -2   0  -1   5  -1  -1  -1  -2  -2  -3  -1  -2  -3  -2   4   2  -3  -2  -2    0   0   0   0  20   0   0   0   0   0   0   0   0   0   0  68  12   0   0   0  0.56 0.09
   36 N    -2   1   6   0  -3  -1  -1  -1   0   0  -3   0  -2  -3  -3   0  -1  -4  -3  -2    0  12  76   0   0   0   0   0   0  13   0   0   0   0   0   0   0   0   0   0  0.68 0.10
   37 S     3  -1  -1  -2  -1   1  -1  -1  -2  -1   0   0  -1  -2  -1   1   0  -3  -2  -1   59   0   0   0   0  11   0   0   0   0  12   7   0   0   0  12   0   0   0   0  0.28 0.06
   38 G     0  -3  -1  -2  -3  -2  -3   6  -3  -4  -4  -2  -3  -4  -3  -1  -2  -3  -4  -4    0   0   0   0   0   0   0 100   0   0   0   0   0   0   0   0   0   0   0   0  1.33 0.11
   39 G     2  -3  -1  -2  -2  -2  -2   6  -2  -4  -4  -2  -3  -3  -2   0  -2  -3  -3  -3   23   0   0   0   0   0   0  77   0   0   0   0   0   0   0   0   0   0   0   0  0.93 0.09
   40 L    -2  -3  -4  -4  -2  -3  -3  -4  -3   3   4  -3   1   3  -3  -3  -2  -2   0   1    0   0   0   0   0   0   0   0   0  24  60   0   0  15   0   0   0   0   0   0  0.46 0.06
   41 G     1  -3  -1  -2  -3  -2  -2   6  -3  -4  -4  -2  -3  -4  -2  -1  -2  -3  -3  -3   13   0   0   0   0   0   0  87   0   0   0   0   0   0   0   0   0   0   0   0  1.09 0.09
   42 T     0  -2   0  -1   2  -1  -1  -1  -2   1  -2  -1  -1  -2  -2   4   2  -3  -2  -1    0   0   0   0   7   0   0   0   0  15   0   0   0   0   0  59  19   0   0   0  0.35 0.08
   43 I    -2  -3  -4  -4  -2  -3  -4  -4  -4   4   3  -3   1   0  -3  -3  -1  -3  -2   2    0   0   0   0   0   0   0   0   0  54  46   0   0   0   0   0   0   0   0   0  0.52 0.07
   44 G     1  -3  -1  -2  -3  -2  -2   5  -2  -3  -3  -2  -3  -4   4   0  -2  -3  -3  -3   19   0   0   0   0   0   0  57   0   0   0   0   0   0  24   0   0   0   0   0  0.82 0.07
   45 A     3  -2  -2  -2  -1  -1  -2  -1  -2   2   1  -2   2  -1  -2   1   0  -3  -2   1   41   0   0   0   0   0   0   0   0  16  13   0  12   0   0  11   0   0   0   8  0.19 0.04
   46 G     0  -2  -1  -2  -2  -2  -2   5  -2  -2  -2  -2  -2  -3  -2   1   0  -3  -3   0    0   0   0   0   0   0   0  64   0   0   0   0   0   0   0  13   8   0   0  15  0.61 0.07
   47 Y     2  -2  -1  -2  -2  -1  -1   0   3  -2  -2  -1  -2   0  -2   1  -1   0   5  -2   31   0   0   0   0   0   0   8  13   0   0   0   0   0   0  12   0   0  36   0  0.37 0.07
   48 F    -1  -2  -2  -3  -2  -2  -2  -3   3   0   2  -2   2   3  -3   0  -1  -1   1  -1    0   0   0   0   0   0   0   0  15   0  35   0   8  26   0  16   0   0   0   0  0.25 0.05
   49 N     1  -1   3   2  -2  -1   0  -1  -1  -3  -3  -1  -2  -3  -2   3   2  -4  -2  -2    8   0  28  13   0   0   0   0   0   0   0   0   0   0   0  35  17   0   0   0  0.39 0.06
   50 T     1  -2  -1  -1  -2  -1   1  -2  -2  -1  -2  -1  -1   1   4   1   2  -2  -1   0   16   0   0   0   0   0  12   0   0   0   0   0   0  13  26   7  18   0   0   8  0.36 0.04
   51 Q    -2   2   0   4  -4   2   2  -2  -1  -3  -3   2  -2  -4  -2  -1  -1  -4  -3  -3    0  13   0  38   0  12  16   0   0   0   0  22   0   0   0   0   0   0   0   0  0.53 0.06
   52 Q     0   3  -1  -1  -3   3   0   0  -1  -2  -1   3  -1  -3  -2  -1  -1  -3  -2  -2   12  23   0   0   0  20   0   8   0   0  11  27   0   0   0   0   0   0   0   0  0.28 0.05
   53 L     1  -2  -3  -3  -1  -2  -3   0  -3   2   3  -2   1  -1  -3  -2  -1  -2  -2   1   16   0   0   0   0   0   0   8   0  12  52   0   0   0   0   0   0   0   0  13  0.25 0.04
   54 E    -2   3   2   1  -4   1   5  -2   0  -4  -3   1  -2  -4  -2  -1  -1  -3  -2  -3    0  24  13   0   0   0  63   0   0   0   0   0   0   0   0   0   0   0   0   0  0.66 0.09
   55 D     1   0   0   3  -2   3   1  -1  -1  -3  -3   1  -2  -3  -1   1   1  -3  -2  -2   16   0   0  24   0  25   0   0   0   0   0   8   0   0   0  15  12   0   0   0  0.32 0.05
   56 E    -1   0  -1   0  -2   3   4  -2  -1  -1   0   0   1  -2  -1  -1  -1  -2  -2   0    1   1   1   1   0  23  42   1   0   1   9   1   9   0   1   1   1   0   0   9  0.31 0.05
   57 I    -2  -3  -4  -4  -2  -3  -4  -4  -4   4   3  -3   1   0  -3  -3  -1  -3  -2   2    0   0   0   0   0   0   0   0   0  65  35   0   0   0   0   0   0   0   0   0  0.53 0.08
   58 D    -1   3   0   2  -3   2   3  -2  -1  -3  -3   2  -2  -3  -2   0   2  -3  -2  -2    0  24   0  12   0   7  24   0   0   0   0  11   0   0   0   0  23   0   0   0  0.38 0.05
   59 Y    -2   0   1   0  -3   0   3  -2   0  -3  -3   2  -2   0  -2  -1  -1   6   3  -3    0   0  12   0   0   0  35   0   0   0   0  19   0   0   0   0   0  15  19   0  0.50 0.07
   60 V    -1  -3  -3  -3  -1  -2  -3  -3  -3   3   2  -2   1   2  -3  -1   1  -2  -1   2    0   0   0   0   0   0   0   0   0  26  20   0   0  12   0   0  16   0   0  26  0.27 0.04
   61 R     0   3  -1   1  -3   2   2  -2  -1  -3  -2   2  -2   1  -2  -1  -1  -2  -1  -2    8  27   0  12   0  14  15   0   0   0   0  13   0  11   0   0   0   0   0   0  0.31 0.04
   62 Q     1  -1  -1   0  -3   2   4   1  -1  -2   0   0  -1  -3  -2   0  -1  -3  -2  -2   16   0   0   0   0  12  45  15   0   0  13   0   0   0   0   0   0   0   0   0  0.32 0.05
   63 L    -2  -2  -3  -4  -2  -2  -3  -4   3   1   4  -2   3   0  -3  -3  -2  -2  -1   0    0   0   0   0   0   0   0   0  15   0  72   0  13   0   0   0   0   0   0   0  0.47 0.08
   64 T    -1  -2  -1  -2  -1  -2  -2  -2  -3   0  -1  -2  -1  -2  -2   0   5  -3  -2   2    0   0   0   0   0   0   0   0   0   0   0   0   0   0   0   0  76   0   0  24  0.55 0.10
   65 S     1  -2   0   4  -3  -1   0   3  -2  -3  -3  -1  -3  -3  -2   1  -1  -4  -3  -3   13   0   0  42   0   0   0  27   0   0   0   0   0   0   0  18   0   0   0   0  0.51 0.06
   66 N     0   3   1  -1  -3   1   0   1  -1  -2  -1   3  -1  -3  -2   0  -1  -3  -2  -2   11  20  12   0   0   7   0  13   0   0   7  31   0   0   0   0   0   0   0   0  0.26 0.04
   67 S    -1  -2   1  -1  -3  -2  -2  -2  -2   0  -2  -1  -2  -3   7   1  -1  -4  -3  -2    0   0  13   0   0   0   0   0   0  12   0   0   0   0  64  12   0   0   0   0  1.18 0.09
   68 F    -2  -3  -3  -4  -2  -3  -3  -4  -1   0   1  -3   0   6  -4  -3  -2   0   4   1    0   0   0   0   0   0   0   0   0   0  13   0   0  53   0   0   0   0  23  12  0.64 0.08
   69 G     0  -1   5   0  -3   1  -1   3  -1  -4  -4  -1  -2  -4  -2   0  -1  -3  -3  -3    7   0  48   0   0  11   0  34   0   0   0   0   0   0   0   0   0   0   0   0  0.58 0.07
   70 V    -1  -3  -4  -4  -1  -3  -3  -4  -4   3   2  -3   1  -1  -3  -2  -1  -3  -2   4    0   0   0   0   0   0   0   0   0  18  24   0   0   0   0   0   0   0   0  57  0.44 0.06
   71 N    -2  -1   6   3  -3  -1   0  -1   0  -4  -4  -1  -3  -4  -3   0  -1  -5  -3  -4    0   0  85  15   0   0   0   0   0   0   0   0   0   0   0   0   0   0   0   0  0.99 0.12
   72 V    -1  -3  -4  -4  -2  -3  -3  -4  -3   2   2  -3   1   3  -3  -2  -1  -1   0   3    0   0   0   0   0   0   0   0   0   0  30   0   0  24   0   0   0   0   0  45  0.38 0.06
   73 F    -3  -3  -4  -4  -3  -4  -4  -4  -2   0   1  -4   0   7  -4  -3  -3   0   2  -1    0   0   0   0   0   0   0   0   0   0  15   0   0  85   0   0   0   0   0   0  0.96 0.11
   74 V     1  -3  -3  -4   7  -3  -3  -3  -3   1   1  -3   0  -2  -3  -1  -1  -3  -2   3   12   0   0   0  37   0   0   0   0   0  15   0   0   0   0   0   0   0   0  36  0.51 0.07
   75 P    -2  -2  -1  -2  -4  -1  -1  -3   7  -4  -4  -1  -3  -3   6  -1  -2  -4   0  -3    0   0   0   0   0   0   0   0  48   0   0   0   0   0  52   0   0   0   0   0  1.35 0.12
   76 S    -1   2  -1   1  -2   0   0  -2  -1  -1   0   1  -1  -2   3   2   0  -3  -2  -1    0  16   0  13   0   0   0   0   0   0  11  12   0   0  15  26   0   0   0   8  0.23 0.04
   77 Q    -1   0  -1   1  -3   2   1   1   1   0  -2   1  -2  -3   4  -1  -1  -3  -2  -1    0   0   0   7   0  12  12  11   7  13   0  15   0   0  24   0   0   0   0   0  0.34 0.04
   78 Q     1   0  -1  -1  -2   2   0   1   0  -1   0   1   0   0  -1   0  -1  -1   2  -1   18   1   1   1   0  19   2  10   1   1  13   9   1   1   1   2   1   0  16   2  0.10 0.02
   79 S     0   1  -1  -1  -2   2   1  -1  -1   1   0   0   0  -1  -1   1   0  -2  -1   0    2  10   1   1   0  17  12   2   1  17  10   1   1   1   1  20   1   0   1   2  0.10 0.02
   80 Y     2  -2  -2  -3  -2  -2  -2   1  -1  -1  -1  -2   1   0   2  -1  -1  -1   4   0   24   0   0   0   0   0   0  15   0   0   0   0  11   0  12   0   0   0  26  13  0.24 0.05
   81 T     1   1   0   4  -2  -1   0  -2  -2  -1  -2  -1  -2  -3   2   0   1  -4  -3  -1   15  12   0  37   0   0   0   0   0   7   0   0   0   0  11   0  18   0   0   0  0.32 0.05
   82 S     1  -1   1  -1  -2   0   2  -1  -1  -3  -3   1  -2  -3   4   2   0  -3  -2  -2   16   0   7   0   0   0  15   0   0   0   0  13   0   0  26  23   0   0   0   0  0.48 0.05
   83 S     2  -1  -1  -1  -2   0   1   3  -1  -2  -2  -1  -2  -3   2   1  -1  -3  -2  -2   25   1   0   1   0   0  15  28   0   1   1   1   0   0  13  12   1   0   0   1  0.34 0.03
   84 Q    -1   3  -1  -1  -2   2   0   1  -1  -2  -2   1  -1  -3  -2   0   1  -2  -2  -1    1  29   0   1   0  19   1  16   0   1   1   8   0   0   1   1  13   0   0   8  0.24 0.04
   85 I     0  -1  -1   2  -2   0   2  -2  -2   2  -1   1  -1  -2  -2  -1  -1  -3  -2   1   12   0   0  13   0   0  24   0   0  27   0  11   0   0   0   0   0   0   0  14  0.15 0.04
   86 E     0   1   0   4  -3   1   3  -2  -1  -2   0   0  -1  -3  -2  -1  -1  -3  -2  -2    8   8   0  38   0   8  26   0   0   0  13   0   0   0   0   0   0   0   0   0  0.39 0.05
   87 N     1   0   2  -1  -2   4   0  -2   3  -2  -2   0  -1  -3  -2   0  -1  -3  -1   0   23   0  12   0   0  39   0   0  14   0   0   0   0   0   0   0   0   0   0  12  0.31 0.07
   88 M    -2  -1   1  -2  -2   2  -1  -3  -2   1   0  -1   4  -1  -3  -1   1   7   0  -1    0   0  12   0   0  15   0   0   0  11   0   0  26   0   0   0  13  24   0   0  0.47 0.08
   89 N     0   0   3   0  -2   2   1  -2  -1  -1   1   1   0  -2  -2   0  -1  -3  -2  -1   13   0  26   0   0  15  12   0   0   0  24  11   0   0   0   0   0   0   0   0  0.18 0.04
   90 A     3  -1   2   1  -2   0   1  -1  -1  -2  -2   1  -2  -3  -1   1   0  -3  -2  -1   49   0  13   8   0   0  12   0   0   0   0  11   0   0   0   8   0   0   0   0  0.29 0.05
   91 W    -3  -3  -3  -3  -3  -2   1  -3  -2  -3  -2  -3  -2   2  -4  -3  -3  10   3  -3    0   0   0   0   0   0  15   0   0   0   0   0   0   8   0   0   0  68   8   0  1.84 0.14
   92 L     0  -2  -3  -3  -2  -2  -2  -3  -3   1   4   0   1   0  -3  -2  -1  -2  -2   0   13   0   0   0   0   0   0   0   0   0  77  11   0   0   0   0   0   0   0   0  0.37 0.07
   93 K     1   1  -1  -1  -3   0   1  -2  -1   1  -2   4  -1  -3  -2  -1  -1  -3  -2  -1   16   0   0   0   0   0  11   0   0  15   0  58   0   0   0   0   0   0   0   0  0.32 0.07
   94 P    -1  -1   1  -2  -3  -1  -1  -3  -2  -2   0   1  -2  -3   7  -1  -1  -4  -3  -2    0   0  11   0   0   0   0   0   0   0  13  12   0   0  65   0   0   0   0   0  1.19 0.09
   95 Y    -2  -2  -2  -2  -3  -1   1  -3   3   1   1  -2  -1   1  -3  -2  -2   0   6  -1    0   0   0   0   0   0  15   0   8  11  16   0   0   0   0   0   0   0  50   0  0.46 0.08
   96 R    -2   4  -1   1  -3  -1  -1   1  -1  -2  -2   0  -2   3   2  -1  -2  -2   0  -3    0  38   0  12   0   0   0  15   0   0   0   0   0  24  11   0   0   0   0   0  0.32 0.06
   97 R     1   3  -1   2  -3   0   1  -2  -1  -2  -1   3  -1  -3  -2   0  -1  -3  -2  -2   16  19   0  15   0   0   8   0   0   0  11  31   0   0   0   0   0   0   0   0  0.25 0.04
   98 A     2  -1  -1   2  -2   0   2  -1  -1   0  -2   0  -1  -3  -1   1   0  -3  -2  -1   36   0   0  15   0   0  16   0   0  12   0   8   0   0   0  13   0   0   0   0  0.21 0.04
   99 L    -2  -2   1  -3  -2  -2  -3  -3  -1   0   2  -2   2   4  -3  -2  -2   0   4   0    0   0  11   0   0   0   0   0   0   0  34   0  13  24   0   0   0   0  20   0  0.34 0.06
  100 H    -1  -1   3   0  -3   1   1   3   3  -2   0  -1  -1  -2  -2  -1  -1  -3  -2  -2    0   0  27   0   0  11   8  28  12   0  15   0   0   0   0   0   0   0   0   0  0.28 0.05
  101 L     1  -1  -2  -3  -1  -1  -2  -2  -3   2   1   0   0  -1  -2   0   0  -3  -2   3   16   0   0   0   0   0   0   0   0   7  18  12   0   0   0   8   0   0   0  39  0.15 0.04
  102 E     0   2   1   0  -2   1   3  -1  -1  -2  -2   0  -2  -3   2   0   0  -3  -2  -2   13  16  11   1   0   1  34   1   0   1   1   1   0   0   9   1   8   0   0   1  0.29 0.04
  103 E     0  -1  -1   0  -2   2   2   1   0  -2  -2   0  -2  -1   3   0  -1  -1   2  -2    9   1   1   1   0  11  26  13   0   1   1   1   0   0  16   1   1   0  16   1  0.30 0.04
  104 P    -1  -3  -1   3  -3  -2  -1   1  -2  -3  -3  -2  -3   1   6  -1  -2  -3  -2  -3    0   0   0  24   0   0   0  15   0   0   0   0   0  11  50   0   0   0   0   0  0.93 0.08
  105 V     1  -1  -2  -3  -1  -1  -2  -2  -2   2   0   0   2  -1  -2  -1   1  -3  -2   3   16   0   0   0   0   0   0   0   0  15   0  12  13   0   0   0  11   0   0  34  0.17 0.04
  106 V     0   1   1  -1  -2   0  -1  -2  -1   0  -1   2  -1  -2   3   1   0  -3  -2   1    8   8  13   0   0   0   0   0   0   7   0  20   0   0  15  11   0   0   0  18  0.19 0.03
  107 K     1  -1   1   0  -2   0   2  -2  -1   0   1   1   0  -2  -2   0  -1  -3  -2   0   15   0  14   0   0   0  24   0   0   0  24  12   0   0   0   0   0   0   0  11  0.12 0.04
  108 I    -1   1  -2  -2  -2   1  -1  -3  -2   2   1   0   2  -1  -2   0  -1  -3  -2   2    0   8   0   0   0  11   0   0   0  31  12   8   7   0   0   8   0   0   0  15  0.14 0.03
  109 I    -1  -1   1   1  -2   0   3  -2  -1   0  -2  -1  -1  -3  -2   1   2  -3  -2   0    0   0   8   8   0   0  31   0   0   6   0   0   0   0   0   7  29   0   0  12  0.26 0.05
  110 E    -2  -1   0   3  -3   0   3  -2  -1   1  -2   1  -1  -3  -2  -1  -1  -4  -2  -1    0   0   0  27   0   0  36   0   0  24   0  13   0   0   0   0   0   0   0   0  0.36 0.06
  111 E    -2   2  -1  -1  -3   0   3  -3   0  -3  -2   1  -2   0   2  -1  -2   5   4  -3    0  15   0   0   0   0  31   0   0   0   0   7   0   0  12   0   0  11  24   0  0.47 0.06
  112 Q    -1   0   2   2  -2   4   1  -2   0  -2  -1   0  -1  -2  -1   0   1  -2  -2  -2    1   1  13  11   0  41   1   1   0   1   9   1   0   0   1   1  17   0   0   1  0.30 0.05
  113 Q     1   2   0   1  -2   3   0  -1  -1  -2  -2   0  -1  -3  -1   2   0  -2  -2  -2   14  16   1  11   0  26   1   1   0   1   1   1   0   0   1  25   1   0   0   1  0.27 0.04
  114 F    -2  -2  -3  -3  -2  -3  -3  -3  -1   0   1  -3   0   6  -3  -2  -2   1   4  -1    1   1   1   1   0   1   1   1   0   1  14   1   0  61   1   1   1   0  16   1  0.62 0.07
  115 K    -1   0  -1   1  -3   2   0  -2   3  -3  -2   2  -2   1   3  -1  -1  -2   2  -3    0   0   0  13   0  15   0   0  12   0   0  26   0   8  16   0   0   0  11   0  0.34 0.05
  116 C     1  -2  -1   0   3   1  -1  -2  -2  -2  -2  -1  -2   1   4   0   0  -2  -1  -2   16   0   0   7  12  11   0   0   0   0   0   0   0  13  27   7   8   0   0   0  0.39 0.04
  117 H     0  -1  -2  -2  -2  -1  -2  -2   2   0   2   0   3   2  -2  -1   1  -2   0   0   14   0   0   0   0   0   0   0  12   0  23  11  16  13   0   0  12   0   0   0  0.12 0.04
  118 I    -1  -2  -3  -3  -2   1  -2  -4  -3   3   3  -2   1   0  -3  -2  -1  -3  -2   2    0   0   0   0   0  13   0   0   0  36  39   0   0   0   0   0   0   0   0  12  0.32 0.05
  119 D     0   1   0   4  -3   1   1  -2  -1  -3  -3   0  -2  -2   1  -1  -1  -2   2  -3    8  12   0  45   0   7   8   0   0   0   0   0   0   0   8   0   0   0  13   0  0.43 0.06
  120 T    -1  -2  -3  -3  -1  -2  -3  -3  -3   1   3  -2   3  -1  -3  -1   2  -2  -2   2    0   0   0   0   0   0   0   0   0   0  42   0  16   0   0   0  18   0   0  23  0.31 0.05
  121 I     1  -2  -2  -3  -1  -2  -2  -2  -3   2   2  -2   1   1  -2   0  -1  -2  -1   2   15   0   0   0   0   0   0   0   0  22  28   0   0   8   0  13   0   0   0  14  0.17 0.03
  122 I    -2  -2  -2   1  -2  -2  -2  -3  -2   2   2   0   1   2  -3  -2  -1  -2   0   1    0   0   0  13   0   0   0   0   0  26  35  12   0  15   0   0   0   0   0   0  0.18 0.04
  123 K     1   0   2   0  -3   1   3   1  -1  -3  -3   3  -2  -3  -2   0  -1  -3  -2  -2   15   0  12   0   0   0  31  13   0   0   0  29   0   0   0   0   0   0   0   0  0.34 0.05
  124 K    -2   0  -1  -1  -3   0   2  -3   4  -2   0   2  -1   2  -2  -1  -2  -1   3  -2    0   0   0   0   0   0  24   0  15   0  12  19   0  13   0   0   0   0  17   0  0.26 0.05
  125 Q    -1   3   0   2  -4   2   0   0  -1  -3  -3   3  -2  -4  -2  -1  -1  -3  -2  -3    0  27   0  15   0  12   0   7   0   0   0  38   0   0   0   0   0   0   0   0  0.46 0.06
  126 V    -1  -3  -3  -3  -2  -2  -2  -3  -3   2  -1  -2  -1  -2   6  -2  -1  -4  -2   3    0   0   0   0   0   0   0   0   0  15   0   0   0   0  48   0   0   0   0  36  0.87 0.08
  127 P     2   2  -1  -2  -3   0   0  -2  -2  -3  -3   3  -2  -3   4   0  -1  -3  -2  -2   24  15   0   0   0   0   0   0   0   0   0  35   0   0  26   0   0   0   0   0  0.53 0.06
  128 V     2  -3  -3  -3  -1  -2  -3  -2  -3   3   2  -2   1  -1  -2  -1  -1  -3  -2   3   26   0   0   0   0   0   0   0   0  32  15   0   0   0   0   0   0   0   0  26  0.27 0.05
  129 C    -1  -3  -3  -4   6  -3  -3  -4  -4   3   0  -3   0  -1  -3  -2  -1  -3  -2   3    0   0   0   0  29   0   0   0   0  28   0   0   0   0   0   0   0   0   0  43  0.55 0.08
  130 C     2  -2   0  -1   5  -1  -1  -1  -2  -2  -3  -1  -2  -3  -2   4   0  -3  -2  -2   15   0   0   0  18   0   0   0   0   0   0   0   0   0   0  66   0   0   0   0  0.53 0.09
  131 F    -2  -3  -3  -3  -3  -3  -3  -3  -2  -1   0  -3  -1   7  -4   0  -2   0   2  -2    0   0   0   0   0   0   0   0   0   0   0   0   0  85   0  15   0   0   0   0  0.87 0.11
  132 T     1  -1   0  -2  -2  -1  -1  -2   7  -2  -2  -1  -2  -2  -2   0   3  -3   0  -2   15   0   0   0   0   0   0   0  48   0   0   0   0   0   0   0  36   0   0   0  0.59 0.10
  133 F    -3  -3  -4  -4  -3  -4  -4  -4  -2   0   1  -4   0   7  -4  -3  -3   0   2  -1    0   0   0   0   0   0   0   0   0   0  15   0   0  85   0   0   0   0   0   0  0.96 0.11
  134 G     0  -3  -1   1  -3  -2  -2   6  -3  -4  -4  -2  -3  -4  -3  -1  -2  -3  -4  -4    0   0   0  11   0   0   0  89   0   0   0   0   0   0   0   0   0   0   0   0  1.12 0.10
  135 I     0  -2  -2  -3  -2  -2  -2  -3   3   2   2  -2   1  -1   3  -2  -1  -3  -1   1    8   0   0   0   0   0   0   0  13  26  38   0   0   0  15   0   0   0   0   0  0.29 0.05
  136 P    -2  -3  -3  -2  -4  -2  -2  -3  -3  -4  -4  -2  -3  -4   8  -2  -2  -5  -4  -3    0   0   0   0   0   0   0   0   0   0   0   0   0   0 100   0   0   0   0   0  2.33 0.14
  137 N    -1  -2   1  -1  -3  -1   0  -2   3  -3  -3  -1  -2  -3   5   2   0  -4  -2  -3    0   0   6   0   0   0   7   0  12   0   0   0   0   0  42  33   0   0   0   0  0.80 0.07
  138 E     0   1  -1   0  -3   3   3  -2  -1  -3  -3   2  -2  -4   3   0  -1  -3  -2  -2    8   8   0   0   0  16  34   0   0   0   0  19   0   0  15   0   0   0   0   0  0.49 0.05
  139 S     1  -1   0   4  -2   1   1  -1  -1  -3  -3  -1  -2  -3  -1   2   1  -4  -3  -2   12   0   0  42   0   6   7   0   0   0   0   0   0   0   0  27   7   0   0   0  0.45 0.06
  140 I     1  -2  -2  -2  -1   0  -2  -2  -2   2   1  -1   0  -1  -2   0   1  -3  -2   2   11   0   0   0   0   8   0   0   0  18  15   0   0   0   0   8  13   0   0  27  0.15 0.03
  141 I    -1  -3  -4  -4  -2  -3  -3  -4  -4   5   1  -3   1  -1  -3  -3  -1  -3  -2   3    0   0   0   0   0   0   0   0   0  66   0   0   0   0   0   0   0   0   0  34  0.56 0.08
  142 E     0   1   0   2  -3   1   4  -2  -1  -3  -3   2  -2  -4  -2   0  -1  -3  -2  -3    8   8   0   8   0   0  60   0   0   0   0  11   0   0   0   6   0   0   0   0  0.55 0.07
  143 R     1   3  -1  -1  -3   1   2  -2   0  -3  -2   1  -2  -1  -2   1  -1  -2   2  -2   16  27   0   0   0   7  18   0   0   0   0   7   0   0   0  12   0   0  13   0  0.28 0.04
  144 L     1  -3  -4  -4  -2  -2  -3  -3  -3   1   4  -3   1   0  -3  -2  -1  -2  -2   0   15   0   0   0   0   0   0   0   0   0  85   0   0   0   0   0   0   0   0   0  0.49 0.08
  145 K    -1   1   0  -1  -4   4   1  -2   4  -3  -3   4  -2  -3  -2  -1  -1  -3  -1  -3    0   0   0   0   0  32   0   0  15   0   0  52   0   0   0   0   0   0   0   0  0.60 0.09
  146 E     2   0   2   1  -2   0   1   0  -1  -3  -3   2  -2  -3  -1   0   1  -3  -2  -2   26   0  15   8   0   0  13   7   0   0   0  20   0   0   0   0  11   0   0   0  0.24 0.04
  147 A     3   0  -1  -2  -1  -1  -1  -1   3   1  -1  -1  -1  -2  -2   1   0  -3  -1   0   45   7   0   0   0   0   0   0  15  13   0   0   0   0   0  12   0   0   0   8  0.20 0.05
  148 N    -1  -2   2   3  -3  -1   0   4   2  -4  -4   0  -3  -3  -2  -1  -2  -3  -3  -4    0   0  12  27   0   0   0  47   7   0   0   7   0   0   0   0   0   0   0   0  0.58 0.06
  149 I    -1  -3  -4  -4   3  -3  -4  -4  -4   5   1  -3   0  -1  -3  -3  -1  -3  -2   3    0   0   0   0  11   0   0   0   0  68   0   0   0   0   0   0   0   0   0  21  0.52 0.08
  150 K    -1   2  -2  -2   3   0  -1  -3  -2   0   1   3   0  -2  -2  -1   0  -3  -2   0    0  16   0   0  11   0   0   0   0   0  28  31   0   0   0   0   7   0   0   8  0.19 0.04
  151 L    -1  -3  -4  -4  -1  -3  -3  -4  -3   3   3  -3   1   0  -3  -3  -1  -2  -2   2    0   0   0   0   0   0   0   0   0  24  52   0   0   0   0   0   0   0   0  23  0.44 0.06
  152 I     0  -3  -3  -3  -2  -3  -3  -3  -3   3   2  -3   1   3  -3  -2  -1  -1   0   1   15   0   0   0   0   0   0   0   0  36  24   0   0  24   0   0   0   0   0   0  0.29 0.05
  153 G     2  -2  -2  -2  -2  -2  -2   3  -3   0  -1  -2  -1  -2  -2   0  -1  -3  -2   2   31   0   0   0   0   0   0  36   0   0   0   0   0   0   0   0   0   0   0  32  0.35 0.06
  154 T    -1  -2  -1  -2   4  -2  -2  -2  -2  -1   1  -2  -1  -2  -2   1   4  -3  -2  -1    0   0   0   0  16   0   0   0   0   0  15   0   0   0   0   8  61   0   0   0  0.45 0.08
  155 A     4  -2  -2  -3  -1  -2  -2  -1  -2   0  -1  -1  -1  -2  -2   0   0  -3  -2   2   80   0   0   0   0   0   0   0   0   0   0   0   0   0   0   0   0   0   0  20  0.47 0.09
  156 T     0  -2   0  -2  -2  -1  -1   2  -2  -2  -2  -1  -1  -3  -2   2   5  -3  -2  -1    0   0   0   0   0   0   0  15   0   0   0   0   0   0   0  11  74   0   0   0  0.56 0.09
  157 S     0  -1   4   0  -2  -1  -1  -1  -1  -2  -3  -1  -2  -3  -2   3   4  -3  -2  -2    0   0  28   0   0   0   0   0   0   0   0   0   0   0   0  31  41   0   0   0  0.48 0.08
  158 V     1  -3  -3  -3  -1  -2  -2  -3  -3   1   2  -2   1  -1   1  -1  -1  -3  -2   3   15   0   0   0   0   0   0   0   0   0  28   0   0   0   8   0   0   0   0  49  0.28 0.05
  159 D     0   2   0   3  -3   4   3  -2   0  -3  -3   1  -2  -4  -2   0  -1  -3  -2  -3    8  13   0  18   0  35  26   0   0   0   0   0   0   0   0   0   0   0   0   0  0.50 0.06
  160 E    -2  -1  -1   1  -4   1   6  -3   4  -4  -4   0  -3  -3  -2  -1  -2  -3  -2  -3    0   0   0   0   0   0  85   0  15   0   0   0   0   0   0   0   0   0   0   0  0.89 0.11
  161 A     4  -2  -2  -3  -1  -2  -2  -1  -2  -1  -1  -2  -1   1  -2   0  -1  -2  -1   1   76   0   0   0   0   0   0   0   0   0   0   0   0  12   0   0   0   0   0  13  0.39 0.08
  162 I     1   3  -2  -2  -2   2  -1  -2  -1   2   0   0   0  -2  -2  -1  -1  -3  -2   0   16  28   0   0   0  20   0   0   0  26  11   0   0   0   0   0   0   0   0   0  0.19 0.05
  163 A     2   2  -2  -2  -2   3   0  -2  -1  -1   2   0   0  -2  -2  -1  -1  -2  -2  -1   26  15   0   0   0  28   0   0   0   0  31   0   0   0   0   0   0   0   0   0  0.21 0.06
  164 N     1  -1   3  -1  -2  -1  -1  -2   3   0   0  -1   2  -2  -2   0  -1  -3  -1   1   20   0  26   0   0   0   0   0  15   0  13   0  11   0   0   0   0   0   0  16  0.16 0.05
  165 E     2  -1  -1   0  -3   1   4  -2  -1  -3  -3   0  -2  -2  -2   0  -1  -2   2  -2   28   0   0   0   0   0  60   0   0   0   0   0   0   0   0   0   0   0  12   0  0.49 0.08
  166 K     2   2  -1  -1  -2   0   2  -1   3  -3  -3   1  -2  -3  -2   1  -1  -3  -1  -2   31  13   0   0   0   0  22   0  15   0   0  12   0   0   0   7   0   0   0   0  0.29 0.05
  167 A     4   1  -2  -2  -1  -1  -1  -1  -2  -1   0  -1  -1  -2  -2   1   0  -3  -2  -1   65  11   0   0   0   0   0   0   0   0  13   0   0   0   0  12   0   0   0   0  0.32 0.07
  168 G     0  -2  -1  -2  -3  -2  -2   6  -2  -4  -4   1  -3  -4  -3  -1  -2  -3  -3  -4    0   0   0   0   0   0   0  88   0   0   0  12   0   0   0   0   0   0   0   0  1.07 0.10
  169 M     0  -2  -3  -4  -1  -2  -3  -3  -3   2   2  -2   5  -1  -3  -2  -1  -2  -2   3    8   0   0   0   0   0   0   0   0  13  12   0  36   0   0   0   0   0   0  31  0.35 0.07
  170 D    -2  -2   3   6  -4  -1   1  -2   2  -4  -4  -1  -3  -4  -2  -1  -1  -5  -3  -4    0   0  13  79   0   0   0   0   8   0   0   0   0   0   0   0   0   0   0   0  0.98 0.10
  171 A     2  -2  -2  -2  -1  -2  -2   2  -2   1   1  -2   1  -1  -2   0  -1  -3  -2   0   36   0   0   0   0   0   0  24   0  17  15   0   7   0   0   0   0   0   0   0  0.22 0.04
  172 I    -1  -3  -4  -4  -1  -3  -3  -4  -4   4   1  -3   1  -1  -3  -2  -1  -3  -2   4    0   0   0   0   0   0   0   0   0  47   8   0   0   0   0   0   0   0   0  45  0.49 0.07
  173 V    -1  -3  -4  -4  -1  -3  -3  -4  -4   3   0  -3   0  -1  -3  -2  -1  -3  -2   5    0   0   0   0   0   0   0   0   0   7   0   0   0   0   0   0   0   0   0  93  0.62 0.10
  174 A     4  -2  -2  -3   4  -2  -2  -1  -2  -1   1  -2   0  -2  -2   0  -1  -3  -2   0   65   0   0   0  13   0   0   0   0   0  22   0   0   0   0   0   0   0   0   0  0.37 0.07
  175 Q    -2   0  -1  -1  -4   7   1  -3   0  -4  -3   1  -1  -4  -2  -1  -1  -3  -2  -3    0   0   0   0   0 100   0   0   0   0   0   0   0   0   0   0   0   0   0   0  1.12 0.15
  176 G     0  -3  -1  -2  -3  -2  -3   6  -3  -4  -4  -2  -3  -4  -3  -1  -2  -3  -4  -4    0   0   0   0   0   0   0 100   0   0   0   0   0   0   0   0   0   0   0   0  1.33 0.11
  177 S     0  -2  -1  -2  -2  -1  -2  -2  -1   1  -1  -2  -1   0  -2   2   2   5   3  -1    0   0   0   0   0   0   0   0   0  16   0   0   0   0   0  36  15  12  21   0  0.34 0.06
  178 E    -2  -1  -1   1  -4   1   6  -3  -1  -4  -4   0  -3  -4  -2  -1  -2  -4  -3  -3    0   0   0   0   0   0 100   0   0   0   0   0   0   0   0   0   0   0   0   0  1.07 0.13
  179 A     5  -2  -2  -2  -1  -1  -1   0  -2  -2  -2  -1  -2  -3  -1   1  -1  -3  -2  -1  100   0   0   0   0   0   0   0   0   0   0   0   0   0   0   0   0   0   0   0  0.69 0.11
  180 G     0  -3  -1  -2  -3  -2  -3   6  -3  -4  -4  -2  -3  -4  -3  -1  -2  -3  -4  -4    0   0   0   0   0   0   0 100   0   0   0   0   0   0   0   0   0   0   0   0  1.33 0.11
  181 G     0  -3  -1  -2  -3  -2  -3   6  -3  -4  -4  -2  -3  -4  -3  -1  -2  -3  -4  -4    0   0   0   0   0   0   0 100   0   0   0   0   0   0   0   0   0   0   0   0  1.33 0.11
  182 H    -2  -1   0  -2  -4   0  -1  -3   9  -4  -4  -2  -2  -2  -3  -2  -3  -3   1  -4    0   0   0   0   0   0   0   0 100   0   0   0   0   0   0   0   0   0   0   0  1.58 0.16
  183 R    -2   6  -1  -2  -4   0  -1  -3  -1  -3  -3   1  -2  -3  -3  -1   1  -3  -2  -3    0  85   0   0   0   0   0   0   0   0   0   0   0   0   0   0  15   0   0   0  0.87 0.11
  184 G     0  -3  -1  -2  -3  -2  -3   6  -3  -4  -4  -2  -3  -4  -3  -1  -2  -3  -4  -4    0   0   0   0   0   0   0 100   0   0   0   0   0   0   0   0   0   0   0   0  1.33 0.11
  185 S     1  -1   3   0  -2   0   1  -1  -1  -1  -2  -1  -1  -2  -2   1   0  -3  -2   1   18   0  24   0   0   0  15   0   0   0   0   0   0   0   0  18   0   0   0  24  0.20 0.05
  186 F    -3  -3  -4  -4  -3  -4  -4  -4  -2  -1   0  -4  -1   7  -4  -3  -3   0   3  -1    0   0   0   0   0   0   0   0   0   0   0   0   0 100   0   0   0   0   0   0  1.16 0.11
  187 L    -1  -1  -1   2  -2  -1   1  -2  -2   0   2   1   0  -1  -2   0  -1  -3  -2  -1    0   0   0  19   0   0  10   0   0   0  48  14   0   0   0   9   0   0   0   0  0.17 0.04
  188 K     1   0  -1  -1  -1   0   1  -1  -1   0  -1   1  -1  -2   2   0   1  -2  -1   1   16   1   1   2   1   1  11   2   1   1   3  15   1   1  13   2  10   0   1  16  0.14 0.01
  189 P    -1  -2   2  -1  -3  -1  -1  -2  -2  -3  -3  -1  -2  -4   6   1   2  -4  -3  -2    0   0  14   0   0   0   0   0   0   0   0   0   0   0  57  12  17   0   0   0  1.07 0.07
  190 K     0   1   1   3  -3   2   2  -2  -1  -3  -3   3  -2  -3  -2   0  -1  -3  -2  -3    9   0   8  24   0   9  10   0   0   0   0  39   0   0   0   0   0   0   0   0  0.40 0.04
  191 N     0   1   3   2  -2  -1   0   1  -1  -1  -2   0  -1  -2  -2   1   0  -3  -2   0   11  10  22  15   0   0   1  13   0   0   1   1   0   0   0  10   1   0   0  15  0.16 0.02
  192 Q    -1   0   0   0  -2   4   2   1   0  -2  -2   0  -1   1  -1   0  -1  -1  -1  -2    2   1   1   1   1  41  16  12   1   1   2   1   1  11   1   2   2   0   1   2  0.26 0.03
  193 L    -2  -2   0   5  -3   0   3  -2  -1  -2   0  -1  -2  -3  -2  -1   0  -4  -3  -2    0   0   0  57   0   0  20   0   0   0  13   0   0   0   0   0   9   0   0   0  0.56 0.06
  194 P     1  -2  -1   1  -2   0   1   1  -2  -3  -3  -1  -2  -3   5   2  -1  -3  -3  -2   10   0   0  10   0   0  14  14   0   0   0   0   0   0  31  21   0   0   0   0  0.55 0.04
  195 M     1   1   2  -1  -2   2   1  -2  -1  -1   1   0   2  -2  -2   0  -1  -3  -2  -1   21  10  14   0   0  14   9   0   0   0  17   0  13   0   0   0   0   0   0   0  0.13 0.03
  196 V    -1  -3  -3  -4  -1  -2  -3  -4  -3   3   3  -3   2   0  -3  -2  -1  -3  -2   3    0   0   0   0   0   0   0   0   0  23  35   0   8   0   0   0   0   0   0  33  0.40 0.05
  197 G     1  -1  -1  -2  -2  -1  -2   5  -2  -3  -3   1  -3  -3  -2   1  -1  -3  -3  -3   12   0   0   0   0   0   0  62   0   0   0  13   0   0   0  12   0   0   0   0  0.66 0.07
  198 T    -1  -2  -1  -2  -2  -1  -2  -2  -2  -1   0  -1  -1  -2  -2   1   6  -3  -2  -1    0   0   0   0   0   0   0   0   0   0  10   0   0   0   0   0  90   0   0   0  0.70 0.12
  199 I    -2  -2  -3  -4  -2  -2  -3  -4  -2   2   2  -3   5   3  -3  -2  -1  -1   0   2    0   0   0   0   0   0   0   0   0  11  21   0  37  18   0   0   0   0   0  12  0.39 0.07
  200 S     3  -1  -1   1  -1   1   0  -1  -1  -1  -2  -1  -1  -3  -1   2   0  -3  -2   0   36   0   0  13   0  12   0   0   0   0   0   0   0   0   0  27   0   0   0  12  0.24 0.05
  201 L    -2  -3  -4  -4  -2  -3  -4  -4  -3   1   5  -3   2   0  -4  -3  -2  -2  -2   0    0   0   0   0   0   0   0   0   0   0 100   0   0   0   0   0   0   0   0   0  0.72 0.10
  202 V    -1  -3  -3  -3  -1  -3  -3  -4  -4   3   0  -3   0  -1  -3  -2   1  -3  -2   4    0   0   0   0   0   0   0   0   0  17   0   0   0   0   0   0  10   0   0  73  0.48 0.08
  203 P    -1   3  -1  -2  -3   0  -1  -2  -2  -3  -3   2  -2  -4   6   1  -1  -4  -3  -3    0  26   0   0   0   0   0   0   0   0   0  12   0   0  49  13   0   0   0   0  0.96 0.08
  204 Q    -1   2  -1  -1  -3   4   2  -3  -1  -1   1   0   0  -2  -2  -1   1  -3  -2   0    0  12   0   0   0  36  12   0   0   0  18   0   0   0   0   0  13   0   0   8  0.26 0.06
  205 I     0  -2  -3  -3  -1  -2  -3  -3  -3   3   2  -2   2  -1  -3  -1   1  -3  -2   2   10   0   0   0   0   0   0   0   0  32  26   0   7   0   0   0  12   0   0  12  0.25 0.04
  206 V     2  -3  -3  -3  -1  -2  -2  -2  -3   1   0  -2   0  -2  -2  -1   1  -3  -2   4   27   0   0   0   0   0   0   0   0   0   0   0   0   0   0   0   8   0   0  64  0.35 0.08
  207 D     0  -2   1   6  -4  -1   1  -2  -2  -4  -4   1  -3  -4  -2  -1  -1  -5  -3  -3    8   0   0  82   0   0   0   0   0   0   0  10   0   0   0   0   0   0   0   0  0.94 0.11
  208 V     2   1  -1  -1  -2   1   2  -2   2  -1  -2   0  -1  -1  -2   0  -1  -2   2   0   30   8   0   0   0   7  22   0   8   0   0   0   0   0   0   0   0   0  13  11  0.19 0.05
  209 V    -1  -3  -3  -4   5  -3  -3   0  -3   2   2  -3   0  -1  -3  -2  -1  -3  -2   3    0   0   0   0  18   0   0   8   0  20  22   0   0   0   0   0   0   0   0  32  0.31 0.05
  210 S     1   1   1   2  -2   1   0  -1  -1  -3  -3   0  -2  -3  -1   3   0  -3  -2  -2   12  10   7  13   0   8   0   0   0   0   0   0   0   0   0  49   0   0   0   0  0.35 0.06
  211 I    -1  -3  -3  -3  -2  -2  -2  -3  -3   2   2  -2   0  -1   4  -1   1  -3  -2   1    0   0   0   0   0   0   0   0   0  27  26   0   0   0  25   0  12   0   0  10  0.41 0.05
  212 P    -2  -3  -3  -3  -3  -2  -2  -3  -3  -3  -2  -2  -2   3   7  -2  -2  -2  -1  -3    0   0   0   0   0   0   0   0   0   0   0   0   0  25  75   0   0   0   0   0  1.58 0.12
  213 V    -1  -3  -4  -4  -1  -3  -3  -4  -4   3   0  -3   0  -1  -3  -2  -1  -3  -2   5    0   0   0   0   0   0   0   0   0  13   0   0   0   0   0   0   0   0   0  87  0.60 0.10
  214 I    -1  -3  -4  -4  -2  -3  -4  -4  -4   5   2  -3   1  -1  -3  -3  -1  -3  -2   3    0   0   0   0   0   0   0   0   0  64  12   0   0   0   0   0   0   0   0  23  0.52 0.08
  215 A     5  -2  -2  -2  -1  -1  -1   0  -2  -2  -2  -1  -2  -3  -1   1  -1  -3  -2  -1  100   0   0   0   0   0   0   0   0   0   0   0   0   0   0   0   0   0   0   0  0.70 0.12
  216 A     5  -2  -2  -2  -1  -1  -1   0  -2  -2  -2  -1  -2  -3  -1   1  -1  -3  -2  -1  100   0   0   0   0   0   0   0   0   0   0   0   0   0   0   0   0   0   0   0  0.70 0.12
  217 G     0  -3  -1  -2  -3  -2  -3   6  -3  -4  -4  -2  -3  -4  -3  -1  -2  -3  -4  -4    0   0   0   0   0   0   0 100   0   0   0   0   0   0   0   0   0   0   0   0  1.35 0.12
  218 G     0  -3  -1  -2  -3  -2  -3   6  -3  -4  -4  -2  -3  -4  -3  -1  -2  -3  -4  -4    0   0   0   0   0   0   0 100   0   0   0   0   0   0   0   0   0   0   0   0  1.35 0.12
  219 I    -2  -3  -4  -4  -2  -3  -4  -4  -4   5   1  -3   3  -1  -3  -3  -1  -3  -2   2    0   0   0   0   0   0   0   0   0  83   0   0  10   0   0   0   0   0   0   8  0.61 0.10
  220 M     0  -2  -2  -3  -2  -1  -2  -3   3   1   1  -2   7  -1  -3  -2  -1  -2  -1   0   12   0   0   0   0   0   0   0  13  10   0   0  65   0   0   0   0   0   0   0  0.50 0.12
  221 D    -2   1   1   6  -4  -1   1  -2  -2  -4  -4  -1  -4  -4  -2  -1  -2  -5  -4  -4    0  12   0  88   0   0   0   0   0   0   0   0   0   0   0   0   0   0   0   0  1.07 0.12
  222 G     0  -2   0   2  -3  -1  -1   5   2  -4  -4  -2  -3  -3  -2   1  -1  -3  -2  -3    0   0   0  13   0   0   0  65  10   0   0   0   0   0   0  12   0   0   0   0  0.72 0.08
  223 R     1   5  -1  -1  -3   1   1  -2  -1  -3  -3   2  -2  -3  -2  -1  -1  -3  -2  -2   18  57   0   0   0   0  13   0   0   0   0  12   0   0   0   0   0   0   0   0  0.55 0.08
  224 G     0  -2   0   1  -3   1  -1   5  -2  -4  -4  -1  -3  -4  -2   1  -1  -3  -3  -3    0   0   0  12   0  12   0  62   0   0   0   0   0   0   0  13   0   0   0   0  0.68 0.07
  225 V    -2  -3  -4  -4  -2  -3  -4  -4  -4   5   2  -3   1  -1  -3  -3  -1  -3  -2   3    0   0   0   0   0   0   0   0   0  72   7   0   0   0   0   0   0   0   0  21  0.56 0.09
  226 L     1   1  -1  -2  -2   0  -1  -2  -2  -1   1   2   0  -2  -2   1   0  -3  -2   0   22   8   0   0   0   0   0   0   0   0  19  31   0   0   0  12   0   0   0   7  0.15 0.04
  227 A     4  -2  -2  -2  -1  -1   1  -1  -1  -2  -2  -1  -2  -1  -2   0  -1  -2   2  -1   75   0   0   0   0   0  13   0   0   0   0   0   0   0   0   0   0   0  12   0  0.43 0.09
  228 S     3  -2  -1  -2  -1  -1  -1  -1  -2   0   1  -1   2  -2  -2   2   0  -3  -2   0   40   0   0   0   0   0   0   0   0   0  13   0  12   0   0  27   0   0   0   8  0.22 0.06
  229 I    -2  -2  -3  -4  -2   0  -2  -4  -3   2   4  -2   3   0  -3  -2  -1  -2  -2   1    0   0   0   0   0   8   0   0   0  11  65   0  16   0   0   0   0   0   0   0  0.44 0.07
  230 V     2  -1  -1  -1  -2   2   1  -2  -1   0  -1   0  -1  -2  -2   1   1  -3  -2   1   22   0   0   0   0  21   8   0   0   8   0   0   0   0   0  12  10   0   0  19  0.17 0.04
  231 L    -2  -2  -3  -3  -2   1  -2  -4  -2   1   4  -2   1   2  -3  -3  -2  -2  -1   0    0   0   0   0   0  12   0   0   0   0  75   0   0  13   0   0   0   0   0   0  0.44 0.08
  232 G    -1  -2   2  -1  -3   1  -1   5  -2  -4  -4  -1  -3  -4  -3  -1  -2  -3  -3  -4    0   0  13   0   0  12   0  75   0   0   0   0   0   0   0   0   0   0   0   0  0.88 0.09
  233 A     5  -2  -2  -2  -1  -2  -2  -1  -2   1  -1  -1  -1  -2  -2   0  -1  -3  -2   0   87   0   0   0   0   0   0   0   0  13   0   0   0   0   0   0   0   0   0   0  0.52 0.10
  234 E     1   0   0   2  -3   3   3  -2  -1  -3  -3   0  -2  -3  -1   1  -1  -3  -2  -2   13   0   0  12   0  27  31   0   0   0   0   0   0   0   0  16   0   0   0   0  0.44 0.06
  235 G     3  -2  -1  -2  -2  -2  -2   4  -2  -3  -3  -2  -2  -3  -2   0  -1  -3  -3  -2   51   0   0   0   0   0   0  49   0   0   0   0   0   0   0   0   0   0   0   0  0.66 0.08
  236 V     1  -3  -3  -3  -1  -2  -3  -3  -3   2   0  -2   0  -2  -3  -1  -1  -3  -2   5   18   0   0   0   0   0   0   0   0   0   0   0   0   0   0   0   0   0   0  82  0.48 0.10
  237 Q    -2   0  -1  -1  -4   7   1  -3   0  -4  -3   0  -1  -3  -2  -1  -2   5  -1  -3    0   0   0   0   0  88   0   0   0   0   0   0   0   0   0   0   0  12   0   0  1.04 0.15
  238 M    -1  -3  -3  -4   4  -2  -3  -4  -3   2   3  -3   5  -1  -3  -2  -1  -2  -2   2    0   0   0   0  12   0   0   0   0  10  31   0  35   0   0   0   0   0   0  12  0.41 0.07
  239 G     0  -3  -1  -2  -3  -2  -3   6  -3  -4  -4  -2  -3  -4  -3  -1  -2  -3  -4  -4    0   0   0   0   0   0   0 100   0   0   0   0   0   0   0   0   0   0   0   0  1.35 0.12
  240 T     0  -2   0  -1  -1  -1  -1  -2  -2  -2  -2  -1  -1  -3  -2   2   5  -3  -2  -1    0   0   0   0   0   0   0   0   0   0   0   0   0   0   0  22  78   0   0   0  0.66 0.11
  241 A     4  -2  -2  -3  -1  -2  -2  -1  -2   0  -1  -2  -1  -2  -2   0   0  -3  -2   2   75   0   0   0   0   0   0   0   0   0   0   0   0   0   0   0   0   0   0  25  0.44 0.09
  242 F    -3  -4  -4  -4  -3  -4  -4  -4  -2  -1  -1  -4  -1   7  -4  -3  -3   8   2  -2    0   0   0   0   0   0   0   0   0   0   0   0   0  75   0   0   0  25   0   0  1.29 0.13
  243 L    -2  -3  -4  -4  -2  -3  -3  -4  -3   2   4  -3   1   0  -3  -3  -1  -2  -2   2    0   0   0   0   0   0   0   0   0   8  74   0   0   0   0   0   0   0   0  18  0.52 0.07
  244 T     0  -2  -1  -2  -2  -2  -2   1  -2   0   1  -2   0  -2   2   0   3  -3  -2   0   10   0   0   0   0   0   0  12   0  10  16   0   0   0  13   0  39   0   0   0  0.24 0.05
  245 S     0  -2  -1  -2   8  -2  -2  -2  -3  -2  -2  -2  -2  -3  -2   3   2  -3  -3  -1    0   0   0   0  48   0   0   0   0   0   0   0   0   0   0  32  20   0   0   0  0.77 0.10
  246 Q     0  -1   0   1  -3   2   2  -2   2  -3  -3   0  -2  -3   3   2   1  -3  -2  -2    0   0   0   7   0  11  20   0  10   0   0   0   0   0  16  25  10   0   0   0  0.40 0.05
  247 D    -1  -1  -1   2  -4   3   5  -3  -1  -4  -3   0  -2  -4  -2  -1  -1  -3  -3  -3    0   0   0  11   0  13  76   0   0   0   0   0   0   0   0   0   0   0   0   0  0.84 0.10
  248 S     2  -1   0  -1  -1  -1  -1  -1  -2  -2  -3  -1  -2  -3  -1   4   2  -3  -2  -2   25   0   0   0   0   0   0   0   0   0   0   0   0   0   0  65  10   0   0   0  0.50 0.09
  249 N     0  -1   4   0  -2   0   1   2  -1  -3  -3  -1  -2  -3  -2   2   1  -3  -2  -2    0   0  33   0   0   0  12  15   0   0   0   0   0   0   0  26  13   0   0   0  0.39 0.06
  250 A     4  -2  -2  -2  -1  -2  -2  -1  -2   2  -1  -2  -1  -2  -2   0   1  -3  -2   0   65   0   0   0   0   0   0   0   0  22   0   0   0   0   0   0  12   0   0   0  0.34 0.08
  251 S     0  -1   3   2  -2  -1   0  -1   3  -3  -3  -1  -2  -3   2   3   0  -4  -2  -3    0   0  24  10   0   0   0   0  10   0   0   0   0   0  12  44   0   0   0   0  0.46 0.07
  252 E     0  -1  -1  -1  -3   2   2  -2  -1  -3  -3   1  -2  -4   6  -1  -1  -4  -3  -3    8   0   0   0   0  15  21   0   0   0   0  12   0   0  43   0   0   0   0   0  0.84 0.07
  253 L     1  -2   1  -1  -2  -1   1   0  -2   0   1  -1   0  -1  -2  -1  -1  -3  -2   1   16   0  12   0   0   0  13  10   0   0  27   0   0   0   0   0   0   0   0  22  0.09 0.03
  254 L    -2  -2  -2  -3  -2  -2  -2  -3   5   0   0  -2   0   3  -3  -2  -2   0   5   1    0   0   0   0   0   0   0   0  22   0  11   0   0  12   0   0   0   0  34  20  0.45 0.07
  255 R    -1   4  -1  -2  -3   0   0  -2  -1  -2   0   3  -1  -3  -2   1  -1  -3  -2  -2    0  37   0   0   0   0   0   0   0   0  13  37   0   0   0  12   0   0   0   0  0.42 0.07
  256 D    -1   1   0   4  -3   2   2  -2   2  -3  -3   2  -2  -3  -2   1  -1  -3  -2  -3    0  10   0  32   0  17   8   0   7   0   0  13   0   0   0  12   0   0   0   0  0.42 0.05
  257 A     3  -1  -2  -2  -2  -1  -1  -1  -2  -2  -1   2   2  -3   2   0  -1  -3  -2  -1   53   0   0   0   0   0   0   0   0   0   0  22  13   0  12   0   0   0   0   0  0.34 0.07
  258 I    -2  -3  -4  -4  -2  -3  -4  -4  -3   3   2  -3   1   4  -4  -3  -2  -1   1   1    0   0   0   0   0   0   0   0   0  28  26   0   0  38   0   0   0   0   0   8  0.45 0.06
  259 I    -1  -1  -1  -2  -1   1  -1  -2  -1   1   2   0   1   0  -1   0  -1  -2  -1   0    2   1   1   1   0   9   2   2   1  13  42  10   1   1   1   9   1   0   1   2  0.10 0.02
  260 N     1  -1   2   0  -2   2   1   3   2  -3  -2   0  -2  -3  -1   0  -1  -2  -2  -2   13   1  12   1   0  21  10  27   8   1   1   1   0   0   1   1   1   0   0   1  0.28 0.04
  261 S     2  -1  -1  -1  -2  -1   1  -1  -2  -2  -3  -1  -2  -3   3   3   2  -3  -2  -2   22   0   0   0   0   0  10   0   0   0   0   0   0   0  16  39  12   0   0   0  0.42 0.06
  262 K     0   3   1  -1  -3   0   0  -2  -1  -3  -3   3  -2  -3   2   0   1  -3  -2  -2   10  29  10   0   0   0   0   0   0   0   0  27   0   0  13   0  12   0   0   0  0.39 0.05
  263 E     2   0  -1   0  -2   1   4  -1  -1  -3  -3   2  -2  -3  -1   1  -1  -3  -2  -2   26   0   0   0   0   0  49   0   0   0   0  13   0   0   0  12   0   0   0   0  0.43 0.07
  264 T     1   1   0  -1  -1  -1  -1  -1   2  -2  -2   0  -1  -3  -1   2   3  -3  -2  -1   18  10   0   0   0   0   0   0   8   0   0   0   0   0   0  25  39   0   0   0  0.33 0.06
  265 D    -2   2   0   5  -4   1   1  -2  -1  -3  -3   0  -3  -4  -2   0   1  -4  -3  -3    0  18   0  62   0   8   0   0   0   0   0   0   0   0   0   0  12   0   0   0  0.66 0.08
  266 T    -1  -2  -1  -2  -2  -1  -2  -2  -2  -1  -2  -1  -1  -3  -2   1   6  -3  -2  -1    0   0   0   0   0   0   0   0   0   0   0   0   0   0   0   0 100   0   0   0  0.87 0.14
  267 V     0   1  -2  -2  -2  -1  -1  -2  -2   1   0   2   2  -2  -2  -1   1  -3  -2   2    8   8   0   0   0   0   0   0   0   8   0  22  13   0   0   0  10   0   0  31  0.14 0.04
  268 V    -1   1  -3  -3  -2  -1  -2  -3  -2   2   2  -1   4   2  -3  -2  -1  -2  -1   2    0  12   0   0   0   0   0   0   0   6  18   0  25  10   0   0   0   0   0  29  0.25 0.05
  269 T     0  -2  -1  -2  -1  -1  -1  -2  -2  -1  -2  -1  -1  -3  -2   2   5  -3  -2   1    0   0   0   0   0   0   0   0   0   0   0   0   0   0   0  12  75   0   0  12  0.56 0.10
  270 K     1   1   2   1  -2   0   0  -1  -1  -2  -2   1  -1  -3  -2   1   1  -3  -2   0   22  12  20   8   0   0   0   0   0   0   0  11   0   0   0   8  10   0   0   8  0.19 0.03
  271 A     3  -2  -2  -2  -1  -1  -2  -1  -2   1   0  -1   0  -2  -2   1   1  -3  -2   1   42   0   0   0   0   0   0   0   0  12  10   0   0   0   0  12   8   0   0  15  0.20 0.04
  272 F    -2  -3  -4  -4  -2  -3  -4  -4  -3   4   2  -3   2   4  -3  -3  -2  -1   0   1    0   0   0   0   0   0   0   0   0  51  12   0   8  29   0   0   0   0   0   0  0.45 0.07
  273 S     0  -1   0  -1  -1  -1  -1  -1  -2  -3  -3  -1  -2  -3  -1   5   3  -3  -2  -2    0   0   0   0   0   0   0   0   0   0   0   0   0   0   0  80  20   0   0   0  0.62 0.11
  274 G     0  -3  -1  -2  -3  -2  -3   6  -3  -4  -4  -2  -3  -4  -3  -1  -2  -3  -4  -4    0   0   0   0   0   0   0 100   0   0   0   0   0   0   0   0   0   0   0   0  1.35 0.12
  275 K    -2   5  -1  -2  -4   1   0  -2  -1  -3  -3   5  -2  -4  -2  -1  -1  -3  -2  -3    0  39   0   0   0   0   0   0   0   0   0  61   0   0   0   0   0   0   0   0  0.75 0.10
  276 L    -1  -2   1  -1  -3  -1   1  -2  -2  -2   1  -1  -1  -2   5   1  -1  -3  -2  -2    0   0  13   0   0   0  10   0   0   0  21   0   0   0  41  16   0   0   0   0  0.62 0.06
  277 A     5  -2  -2  -3  -1  -1  -2  -1  -2  -1   0  -1  -1  -2  -2   0  -1  -3  -2  -1   87   0   0   0   0   0   0   0   0   0  13   0   0   0   0   0   0   0   0   0  0.51 0.10
  278 R    -2   7  -1  -2  -4   0  -1  -3  -1  -4  -3   2  -2  -4  -3  -1  -2  -3  -2  -3    0 100   0   0   0   0   0   0   0   0   0   0   0   0   0   0   0   0   0   0  1.17 0.14
  279 G     0  -2  -1  -2  -2  -2  -2   4  -2  -2  -2  -2   2  -3  -2   1   2  -3  -3  -2    0   0   0   0   0   0   0  53   0   0   0   0  12   0   0  10  25   0   0   0  0.52 0.07
  280 I    -2  -3  -4  -4  -2  -3  -3  -4  -3   4   2  -3   3   0  -3  -3  -1  -3  -2   2    0   0   0   0   0   0   0   0   0  61  21   0  18   0   0   0   0   0   0   0  0.50 0.08
  281 N     1   1   2  -1  -2   0   0  -1  -1  -1  -2   0  -1  -3   1   2   0  -3  -2   1   10  12  19   0   0   0   7   0   0   0   0   0   0   0   8  25   0   0   0  18  0.19 0.04
  282 N    -1  -1   6   0  -2  -1  -1  -1  -1  -3  -3  -1  -2  -3  -2   0   3  -4  -3  -2    0   0  62   0   0   0   0   0   0   0   0   0   0   0   0   0  38   0   0   0  0.71 0.11
  283 R     1   3  -1  -1  -3   0   2  -2  -1  -3  -3   1  -2  -3   4   1  -1  -3  -2  -2   12  28   0   0   0   0  15   0   0   0   0  10   0   0  25  10   0   0   0   0  0.51 0.05
  284 F    -3  -3   0  -3  -3  -3  -3  -3  -2  -1   0  -3   2   6  -4  -3  -2   7   2  -2    0   0   8   0   0   0   0   0   0   0   0   0   8  61   0   0   0  22   0   0  0.93 0.11
  285 I    -1  -2  -2  -3  -2  -2  -3  -3  -2   3   1  -2   2   2  -3  -1   2  -1   2   1    0   0   0   0   0   0   0   0   0  31  13   0  10   8   0   0  22   0   8   8  0.23 0.04
  286 E     0   1  -1   2  -3   1   3  -2   2  -1  -2   0  -2   0  -2  -1  -1  -3  -1  -2   10  13   0  12   0   0  41   0   7   8   0   0   0   8   0   0   0   0   0   0  0.28 0.05
  287 E    -1   0   0   4  -3   1   3  -2  -1  -2  -1   2  -2  -3  -2   0   0  -3  -3  -2    0   0   0  29   0   0  33   0   0   0  10  20   0   0   0   0   8   0   0   0  0.41 0.06
  288 M     0  -2   0  -3  -2  -2  -2   0  -2   0   2  -2   4  -1  -3  -1  -1   5  -1   1    8   0  10   0   0   0   0  10   0   0  21   0  27   0   0   0   0  12   0  12  0.25 0.06
  289 S     2  -1   1   2  -2   0   2  -1   3  -3  -3   1  -2  -3  -1   1  -1  -3  -1  -2   30   0   7  12   0   0  18   0  13   0   0   8   0   0   0  11   0   0   0   0  0.27 0.04
  290 Q    -1   2   2   1  -3   4   2  -2   0  -3  -3   1  -2  -4   1   0   0  -3  -2  -3    0  12  12  10   0  42   7   0   0   0   0   0   0   0   8   0   8   0   0   0  0.45 0.07
  291 Y    -1  -2   1  -2  -3  -2  -2   0   0  -2  -2  -2  -2   3   4   0  -1   0   4  -2    0   0   8   0   0   0   0   8   0   0   0   0   0  22  22  13   0   0  27   0  0.45 0.06
  292 E     0  -1   0   3  -2   2   3  -2  -1  -2  -3   0  -2  -3  -2   2   0  -3  -2  -1    8   0   0  20   0  12  29   0   0   0   0   0   0   0   0  22   0   0   0   8  0.34 0.05
  293 G     1  -2  -1   1  -2  -1   1   2  -2  -3  -3  -1  -2  -3   4   1   1  -3  -3  -2   13   0   0   7   0   0  12  19   0   0   0   0   0   0  26  12  10   0   0   0  0.47 0.04
  294 D     0  -1   1   2  -3   2   3  -2  -1  -3  -3   0  -2  -3   4   1  -1  -3  -3  -2    8   0   8  11   0  10  29   0   0   0   0   0   0   0  21  13   0   0   0   0  0.49 0.05
  295 I    -2  -3  -2   1  -2  -2  -2  -3  -3   3   2  -2   1  -1   2  -2   0  -3  -2   1    0   0   0  12   0   0   0   0   0  39  29   0   0   0  10   0  10   0   0   0  0.24 0.05
  296 P     0  -3  -3  -2  -3  -2  -2  -3  -3  -2   1  -2  -1  -3   7  -1  -2  -4  -3  -2   10   0   0   0   0   0   0   0   0   0  22   0   0   0  68   0   0   0   0   0  1.30 0.10
  297 D    -1  -2   0   5  -3  -1   0   1  -2  -3  -4  -1  -3  -4   5  -1   0  -4  -3  -3    0   0   0  48   0   0   0  12   0   0   0   0   0   0  30   0  10   0   0   0  0.78 0.08
  298 Y    -2  -2  -3  -4  -3  -2  -3  -4   1  -2  -1  -3   2   2  -4  -2  -2   1   8  -2    0   0   0   0   0   0   0   0   0   0   0   0  12   0   0   0   0   0  88   0  1.19 0.15
  299 P    -1  -3  -2  -2  -4  -2  -2   1  -3  -4  -4  -2  -3  -4   8  -1  -2  -4  -4  -3    0   0   0   0   0   0   0  12   0   0   0   0   0   0  88   0   0   0   0   0  1.94 0.13
  300 I    -2  -3  -3  -4  -2  -3  -3  -4  -1   3   2  -3   1   2  -3  -3  -1  -1   4   2    0   0   0   0   0   0   0   0   0  37  25   0   0   8   0   0   0   0  22   8  0.37 0.06
  301 Q     1  -1  -1  -2  -2   5   0  -2  -1  -1  -1   0   2  -3   2  -1  -1  -3  -2   0   18   0   0   0   0  49   0   0   0   0   0   0  12   0  13   0   0   0   0   8  0.40 0.08
  302 N    -2  -2   4  -1  -3  -1  -2  -2   1  -3  -2  -1  -2   1  -3   1  -1   0   6  -2    0   0  36   0   0   0   0   0   0   0   0   0   0   0   0  12   0   0  51   0  0.65 0.10
  303 E     1  -1   0   4  -3   2   2  -1  -1  -3  -3   0  -2  -3  -2   1   1  -3  -3  -2   12   0   0  39   0  15  11   0   0   0   0   0   0   0   0  12  10   0   0   0  0.43 0.06
  304 L     3  -2  -2  -3  -1  -2  -2  -2  -2   0   3  -2   1  -1  -2   1  -1  -3  -2   0   38   0   0   0   0   0   0   0   0   0  49   0   0   0   0  13   0   0   0   0  0.26 0.06
  305 T    -1  -2   1  -2  -2  -2  -2   0  -2  -1  -1  -2  -1   3  -2   0   3  -2   0   1    0   0   8   0   0   0   0  10   0   0   0   0   0  25   0   0  44   0   0  12  0.26 0.07
  306 S    -1   1   2  -1  -3   0   0  -1  -1  -3  -3   4  -2  -3  -2   2   0  -4  -2  -3    0   0  15   0   0   0   0   0   0   0   0  61   0   0   0  24   0   0   0   0  0.50 0.09
  307 S     3   1  -1  -1  -1   2   0  -1  -1  -2  -2   0  -1  -3  -1   3   0  -3  -2  -1   43  12   0   0   0  12   0   0   0   0   0   0   0   0   0  32   0   0   0   0  0.35 0.07
  308 I    -2  -3  -4  -4  -2  -3  -3  -4  -3   3   3  -3   3   0  -3  -3  -1  -2  -2   2    0   0   0   0   0   0   0   0   0  32  46   0  10   0   0   0   0   0   0  12  0.43 0.06
  309 R     0   5   4  -1  -3   2   0  -2   0  -3  -3   1  -2  -3  -2   0  -1  -3  -2  -3   13  49  30   0   0   8   0   0   0   0   0   0   0   0   0   0   0   0   0   0  0.53 0.08
  310 K     1   1   2  -1  -3   3   0  -1  -1  -3  -3   3  -1  -3  -2   0   1  -3  -2  -2   18   0  13   0   0  22   0   0   0   0   0  39   0   0   0   0   8   0   0   0  0.35 0.06
  311 A     3   0  -1   2  -2   0   1  -1  -2  -2  -2   2  -2  -3  -1   0   1  -3  -2  -1   50   0   0  13   0   0   7   0   0   0   0  22   0   0   0   0   8   0   0   0  0.29 0.06
  312 A     5  -2  -2  -2  -1  -1  -2  -1  -1  -2  -2  -1  -2  -1  -2   0  -1  -2   2  -1   88   0   0   0   0   0   0   0   0   0   0   0   0   0   0   0   0   0  12   0  0.56 0.10
  313 A     2  -1  -1  -2  -2  -1  -1   1  -2  -2  -1   2  -1  -3   2   1  -1  -3  -2  -1   35   0   0   0   0   0   0  12   0   0   8  22   0   0  12  10   0   0   0   0  0.26 0.04
  314 N     1  -1   3   0  -2   3   2  -1   0  -2  -1   0  -1  -3  -2   1  -1  -3  -2  -2   18   0  27   0   0  25  12   0   0   0  10   0   0   0   0   8   0   0   0   0  0.28 0.05
  315 I    -1   1  -1  -1  -2   1   0  -2  -1   0   0   2  -1  -2   2   1   1  -3  -2  -1    0   8   0   0   0  10   0   0   0  11  12  25   0   0  12  13   8   0   0   0  0.19 0.03
  316 G     2  -2   1  -1  -2  -2  -2   5  -2  -4  -4  -2  -3  -3  -2   0  -1  -3  -3  -3   21   0  10   0   0   0   0  70   0   0   0   0   0   0   0   0   0   0   0   0  0.81 0.08
  317 D     0   0   5   2  -3   0   1  -1   2  -3  -3   1  -2  -3  -2   0  -1  -4  -2  -3   12   0  46  11   0   0  10   0   8   0   0  13   0   0   0   0   0   0   0   0  0.45 0.06
  318 K     0   2  -1  -1  -2   0  -1  -2   4  -2  -2   1  -1   1   2   0   0  -2   0  -2    8  21   1   1   0   1   1   1  18   1   1  12   0  10  14   1   9   0   0   1  0.25 0.04
  319 E    -1  -1   0   3  -3   3   3   1  -1  -3  -3   0  -2  -3  -1   0  -1  -3  -2  -3    1   1   1  27   0  21  32  11   0   1   1   1   0   0   1   1   1   0   0   1  0.45 0.05
  320 L    -2  -2  -2  -3  -2   1  -2  -3  -1  -1   1  -2   0   3  -3  -2  -2   6   4  -1    1   1   1   1   0  10   1   1   0   1  25   1   0  17   1   1   1  15  23   1  0.43 0.05
  321 T     2  -1  -1  -1  -1  -1  -1   1  -2   0  -1  -1   1  -2  -1   1   2  -2  -2   0   30   1   1   1   0   1   1  11   0   6   1   1  10   0   1  14  22   0   0   1  0.17 0.03
  322 H     2  -1  -1  -1  -1  -1  -1  -1   5  -1  -2  -1  -1  -2  -1   1   1  -2   0   0   32   1   1   1   0   1   1   1  27   1   1   1   0   0   1  10  13   0   0   9  0.24 0.05
  323 M    -2  -1  -2  -3  -2   2  -1  -3   2   1   1  -1   3   2  -3  -2  -1  -1   3   0    0   0   0   0   0  16   0   0  10  12  17   0  19  13   0   0   0   0  12   0  0.22 0.05
  324 W    -3  -3  -4  -5  -3  -3  -4  -4  -3  -1   2  -4  -1   3  -4  -3  -3  10   1  -2    0   0   0   0   0   0   0   0   0   0  25   0   0  12   0   0   0  62   0   0  1.67 0.14
  325 S     4  -2  -1  -2  -1  -1  -1  -1  -2  -1  -2  -1  -1  -3  -1   2   0  -3  -2   1   61   0   0   0   0   0   0   0   0   0   0   0   0   0   0  27   0   0   0  12  0.39 0.08
  326 G     0  -3  -1  -2  -3  -2  -3   6  -3  -4  -4  -2  -3  -4  -3  -1  -2  -3  -4  -4    0   0   0   0   0   0   0 100   0   0   0   0   0   0   0   0   0   0   0   0  1.35 0.12
  327 Q    -1   0  -1  -1  -3   6   1  -2   0  -4  -3   1  -1  -4  -2   1  -1  -3  -2  -3    0   0   0   0   0  87   0   0   0   0   0   0   0   0   0  13   0   0   0   0  0.92 0.14
  328 S     1  -2   2  -1  -2  -1  -1   4  -2  -2  -2  -1  -2  -3  -2   2   0  -3  -3   0   10   0  13   0   0   0   0  38   0   0   0   0   0   0   0  27   0   0   0  12  0.37 0.05
  329 P     2  -2  -3  -3  -2  -2  -2  -2  -2   1  -1  -2  -1   2   4  -1  -1  -1   2   1   26   0   0   0   0   0   0   0   0  10   0   0   0  12  27   0   0   0  13  12  0.39 0.05
  330 R     1   4  -1  -2  -3   2   0  -2   3  -3  -3   1  -2  -3   1   1  -1  -3  -1  -2   18  36   0   0   0  12   0   0  13   0   0   0   0   0   8  12   0   0   0   0  0.37 0.06
  331 L    -1  -2  -2  -3  -2  -2  -2  -3  -2   1   4  -2   1   0  -2   0  -1   5  -1   0    1   1   1   1   0   1   1   1   0   1  66   1   0   0   1  10   1  13   0   1  0.40 0.06
  332 A     3  -1  -1   1  -2   1   0  -1  -2  -1   0   1  -1  -2  -2   0  -1  -3  -2   0   45   0   0  12   0  12   0   0   0   0  10  13   0   0   0   0   0   0   0   7  0.18 0.05
  333 T    -1   4   0   2  -3   1   0  -2  -1  -3  -2   1  -2  -3  -2   1   3  -3  -2  -2    0  39   0  13   0   7   0   0   0   0   0   0   0   0   0  12  29   0   0   0  0.39 0.07
  334 T     0  -1   0  -1  -2   0   2   1   2  -1  -2  -1  -1  -3  -2   2   2  -3  -2   0    0   0   0   0   0   0  18  12   7   0   0   0   0   0   0  26  24   0   0  12  0.22 0.05
  335 H    -2   3  -2  -3  -2   1  -1  -3   3   2   1   0   3  -1  -3  -2  -1  -3  -1   0    0  25   0   0   0   8   0   0  11  22  18   0  16   0   0   0   0   0   0   0  0.21 0.05
  336 P     0  -2  -1  -1  -2  -1  -1  -2   2  -3  -3  -1  -2  -3   5   3   2  -4  -2  -2    0   0   0   0   0   0   0   0   8   0   0   0   0   0  37  42  12   0   0   0  0.75 0.08
  337 A     4  -2  -2  -2  -1  -1  -2  -1  -2   0  -1  -1  -1  -2  -2   1   2  -3  -2   1   57   0   0   0   0   0   0   0   0   0   0   0   0   0   0   0  25   0   0  17  0.35 0.07
  338 N     1   2   2   2  -2   0   1  -1  -1  -3  -3   1  -2  -3  -2   0  -1   4  -2  -2   26  12  19  12   0   0  13   0   0   0   0  10   0   0   0   0   0   7   0   0  0.28 0.04
  339 T     1   0   0   0  -2   3   3  -2  -1  -3  -3   2  -2  -3  -1   1   1  -3  -2  -2   16   0   0   0   0  17  31   0   0   0   0  12   0   0   0  12  11   0   0   0  0.35 0.05
  340 I    -1  -2  -3  -3  -2  -2  -2  -4  -3   3   3   0   1   0  -3  -2  -1  -3  -2   2    0   0   0   0   0   0   0   0   0  24  51  12   0   0   0   0   0   0   0  12  0.32 0.05
  341 M    -1  -3  -3  -4  -2  -2  -3  -4  -3   3   2  -3   3   2  -3  -2  -1  -2   0   3    0   0   0   0   0   0   0   0   0  20  18   0  19  13   0   0   0   0   0  30  0.34 0.05
  342 S     0   1   2   1  -2   0   2  -1  -1  -2   0   0  -1  -2  -2   2   0  -3  -2  -2   10   8  18   8   0   0  20   0   0   0  12   0   0   0   0  24   0   0   0   0  0.21 0.04
  343 N    -1   1   2   2  -2   2   0  -2  -1   0   0   0  -1  -2  -2   0   2  -3  -2  -1    0   8  19  12   0  19   0   0   0  13   8   0   0   0   0   0  21   0   0   0  0.19 0.05
  344 I    -2  -2  -3  -4  -2  -2  -3  -4  -3   2   4  -3   4   0  -3  -3  -1  -2  -1   1    0   0   0   0   0   0   0   0   0  11  56   0  25   0   0   0   0   0   0   7  0.48 0.07
  345 I     0  -3  -2  -2   3  -2   0   1  -3   2   0  -2   0  -2  -2  -1  -1  -3  -2   3    8   0   0   0  10   0  10  12   0  11   0   0   0   0   0   0   0   0   0  49  0.20 0.05
  346 N     1   1   2   0  -3   3   3  -2   0  -3  -3   1  -2  -3  -2   0  -1  -3  -2  -2   21  10  11   0   0  22  28   0   0   0   0   7   0   0   0   0   0   0   0   0  0.37 0.05
  347 Q    -1   2   0   2  -4   4   4  -2   0  -4  -3   1  -2  -4  -2  -1  -1  -3  -2  -3    0  12   0  13   0  27  48   0   0   0   0   0   0   0   0   0   0   0   0   0  0.64 0.08
  348 I     0  -2  -2   0  -1  -2  -2  -2  -2   1   2  -2   2   2  -2  -1  -1  -1   0   1    8   1   1  10   0   1   1   1   0  12  31   1   8  13   1   1   1   0   0   9  0.12 0.02
  349 N    -1   2   2   0  -3   2   0  -2  -1   0  -2   3  -1  -2  -1   0  -1  -3  -2  -1    1   9  19   1   0  13   1   1   0  10   1  39   0   0   1   1   1   0   0   1  0.27 0.05
  350 Q     0   0   0   0  -2   3   1   1   0  -2  -1   1  -1  -2  -1   0   1  -1  -1  -1    3   2   2   2   1  23  10  16   1   2   4  12   1   2   2   3  10   1   1   3  0.15 0.02
  351 I    -1  -1  -1  -1  -1  -1  -1  -1  -1   2   2  -1   1   0  -1   0   0  -1  -1   1    3   2   2   2   1   2   2   3   1  33  24   2   1   2   2  12   2   1   1   3  0.08 0.02
  352 M    -1   1  -1   1  -1   0   0  -1  -1   0   1   0   3  -1  -1  -1   0  -1  -1   1    3  12   2  15   1   2   2   3   1   2  11   2  20   2   2   3   2   1   1  15  0.05 0.02
  353 Q     0   0   1   0  -2   3   0   1   0  -2  -1   0  -1  -2  -1   0   1  -1  -1  -1    3   2   9   2   1  35   2  15   1   2   4   2   1   2   2   3  10   1   1   3  0.20 0.03
  354 Y     0   0  -1  -1  -1   0   0  -1   0   0   0   0   0   2   0   0   0   0   2   0    6   4   3   4   1   3   4   5   2   4   6   4   2  12   4   5   4   1  14  12  0.03 0.00
  355 K     0   3   1  -1  -3   0  -1   0  -1   0   0   2  -1  -2  -2  -1  -1  -3  -2  -1    8  28  10   0   0   0   0   8   0  10  13  24   0   0   0   0   0   0   0   0  0.18 0.04

                      K         Lambda
PSI Ungapped         0.1291     0.3175
PSI Gapped           0.0395     0.2670
