
Last position-specific scoring matrix computed, weighted observed percentages rounded down, information per position, and relative weight of gapless real matches to pseudocounts
            A   R   N   D   C   Q   E   G   H   I   L   K   M   F   P   S   T   W   Y   V   A   R   N   D   C   Q   E   G   H   I   L   K   M   F   P   S   T   W   Y   V
    1 Q    -1   2   0  -1  -3   3   2   0  -1  -3  -3   3  -2  -3   1   0  -1  -3  -2  -3    0   8   0   0   0  18  16   7   0   0   0  35   0   0   8   8   0   0   0   0  0.39 0.05
    2 M    -1  -1  -2  -3   4  -1  -2  -3  -2   0   3   0   2  -1  -3   0   1  -2  -2   0    0   0   0   0  13   0   0   0   0   0  47  11  12   0   0   7  12   0   0   0  0.23 0.05
    3 L    -2  -3  -4  -4  -2  -3  -3  -4  -3   1   4  -3   1   3  -4  -3  -2  -1   0   0    0   0   0   0   0   0   0   0   0   0  78   0   0  22   0   0   0   0   0   0  0.57 0.08
    4 S     0  -1   4   0  -3   0   1   3  -1  -4  -4  -1  -3  -3  -2   2   0  -3  -3  -3    0   0  35   0   0   0  12  31   0   0   0   0   0   0   0  22   0   0   0   0  0.49 0.06
    5 I     1  -3  -3  -3  -1  -2  -3  -3  -3   3   2  -3   1  -1  -3  -2  -1  -3  -2   2   16   0   0   0   0   0   0   0   0  42  23   0   0   0   0   0   0   0   0  19  0.31 0.05
    6 E    -1   3   0   1  -3   3   3  -2  -1  -3  -3   2  -2  -3  -2   0   1  -3  -2  -2    0  24   0   8   0  15  35   0   0   0   0   7   0   0   0   0  11   0   0   0  0.46 0.05
    7 Y    -2  -1  -2  -3  -3   1  -1  -3   0  -1   0   1  -1   3  -3  -2  -2   1   6  -2    0   0   0   0   0   8   0   0   0   0   8  18   0  16   0   0   0   0  50   0  0.53 0.08
    8 P    -2  -3  -3  -2  -4  -2  -2  -3  -3  -4  -4  -2  -3  -4   8  -2  -2  -5  -4  -3    0   0   0   0   0   0   0   0   0   0   0   0   0   0 100   0   0   0   0   0  2.33 0.14
    9 I    -2  -4  -4  -4  -2  -3  -4  -4  -4   6   1  -3   1  -1  -3  -3  -1  -3  -2   2    0   0   0   0   0   0   0   0   0 100   0   0   0   0   0   0   0   0   0   0  0.74 0.11
   10 I    -2  -4  -4  -4   4  -3  -4  -4  -4   5   1  -3   0  -1  -3  -3  -1  -3  -2   2    0   0   0   0  16   0   0   0   0  84   0   0   0   0   0   0   0   0   0   0  0.64 0.10
   11 Q     1   0  -1  -1  -3   6   1  -2   0  -3  -3   0  -1  -4  -2   0  -1  -3  -2  -2   16   0   0   0   0  84   0   0   0   0   0   0   0   0   0   0   0   0   0   0  0.83 0.12
   12 A     4  -1  -1  -2  -1  -1  -1   0  -2  -2  -2  -1  -1  -2  -1   1   0  -2  -2  -1   77   1   1   1   0   1   1   1   0   1   1   1   0   1   1   9   1   0   1   1  0.42 0.06
   13 G    -1  -2  -2  -2  -3  -1  -1   3  -2  -3  -3  -1  -2  -3   6  -1  -1  -3  -3  -2    1   1   1   1   0   1   1  27   0   1   1   1   0   1  60   1   1   0   1   1  1.15 0.07
   14 M    -1  -2  -2  -3  -2  -1  -2  -3  -2   0   1  -2   7  -1  -2  -2  -1  -2  -1   0    1   1   1   1   0   1   1   1   0   1   1   1  85   1   1   1   1   0   1   1  0.69 0.11
   15 A     4  -2  -2  -2  -1  -1  -1   0  -2  -1   0  -1  -1  -2  -1   0   0  -2  -2   1   69   1   1   1   0   1   1   1   0   1   9   1   0   1   1   1   1   0   1   9  0.30 0.05
   16 G    -1  -3  -1  -2  -3  -3  -3   6  -2  -3  -3  -2  -3   2  -3  -1  -2  -2  -1  -3    0   0   0   0   0   0   0  84   0   0   0   0   0  16   0   0   0   0   0   0  0.99 0.09
   17 S     1  -2  -1  -2  -1  -1  -1   1  -2   0  -1  -1  -1  -2  -2   3   0  -3  -2   2   12   0   0   0   0   0   0  11   0   0   0   0   0   0   0  41   0   0   0  37  0.23 0.06
   18 T     0  -1   0  -1  -2  -1  -1  -2   4  -2  -2  -1  -2  -3  -2   3   4  -3  -1  -1    0   0   0   0   0   0   0   0  16   0   0   0   0   0   0  36  49   0   0   0  0.47 0.08
   19 T    -1  -1  -1  -2   4  -1  -1  -2  -2  -1  -2   1  -1  -3  -2   1   5  -3  -2  -1    0   0   0   0  16   0   0   0   0   0   0  11   0   0   0   0  74   0   0   0  0.58 0.10
   20 P     0   1  -2  -2  -3  -1  -2  -3  -2   0   0  -1  -1  -2   6  -1  -1  -3  -3  -1    7  16   0   0   0   0   0   0   0  13  12   0   0   0  53   0   0   0   0   0  0.88 0.07
   21 K     1   2   0   2  -3   1   3  -2  -1  -3  -3   2  -2  -3  -2   0  -1  -3  -2  -2   16  19   0  16   0   0  38   0   0   0   0  12   0   0   0   0   0   0   0   0  0.42 0.05
   22 L    -2  -3  -4  -4  -2  -2  -3  -4  -3   1   4  -3   3   0  -3  -3  -1  -2  -1   2    0   0   0   0   0   0   0   0   0   0  72   0  13   0   0   0   0   0   0  16  0.50 0.07
   23 V     4  -2  -3  -3  -1  -2  -2  -1  -3   1  -1  -2  -1  -2  -2   0   0  -3  -2   3   59   0   0   0   0   0   0   0   0   0   0   0   0   0   0   0   0   0   0  41  0.37 0.08
   24 A     5  -2  -2  -2  -1  -1  -1   0  -2  -2  -2  -1  -2  -3  -1   2   0  -3  -2  -1   89   0   0   0   0   0   0   0   0   0   0   0   0   0   0  11   0   0   0   0  0.60 0.10
   25 S     3  -1  -1  -2  -1  -1  -1  -1  -2  -2  -2   1  -1  -3  -1   2   2  -3  -2  -1   50   0   0   0   0   0   0   0   0   0   0  13   0   0   0  12  26   0   0   0  0.34 0.06
   26 V     1  -3  -3  -4  -1  -3  -3  -3  -3   2   0  -3   0  -2  -3  -2  -1  -3  -2   5   13   0   0   0   0   0   0   0   0   0   0   0   0   0   0   0   0   0   0  87  0.51 0.09
   27 S     0  -2   0  -1   5  -1  -1  -1  -2  -2  -3  -1  -2  -3  -2   4   2  -3  -2  -2    0   0   0   0  20   0   0   0   0   0   0   0   0   0   0  68  12   0   0   0  0.56 0.09
   28 N    -2   1   6   0  -3  -1  -1  -1   0   0  -3   0  -2  -3  -3   0  -1  -4  -3  -2    0  12  76   0   0   0   0   0   0  13   0   0   0   0   0   0   0   0   0   0  0.68 0.10
   29 S     3  -1  -1  -2  -1   1  -1  -1  -2  -1   0   0  -1  -2  -1   1   0  -3  -2  -1   59   0   0   0   0  11   0   0   0   0  12   7   0   0   0  12   0   0   0   0  0.29 0.06
   30 G     0  -3  -1  -2  -3  -2  -3   6  -3  -4  -4  -2  -3  -4  -3  -1  -2  -3  -4  -4    0   0   0   0   0   0   0 100   0   0   0   0   0   0   0   0   0   0   0   0  1.33 0.11
   31 G     2  -3  -1  -2  -2  -2  -2   6  -2  -4  -4  -2  -3  -3  -2   0  -2  -3  -3  -3   23   0   0   0   0   0   0  77   0   0   0   0   0   0   0   0   0   0   0   0  0.93 0.08
   32 L    -2  -3  -4  -4  -2  -3  -3  -4  -3   3   4  -3   1   3  -3  -3  -2  -2   0   1    0   0   0   0   0   0   0   0   0  24  60   0   0  16   0   0   0   0   0   0  0.46 0.06
   33 G     1  -3  -1  -2  -3  -2  -2   6  -3  -4  -4  -2  -3  -4  -2  -1  -2  -3  -3  -3   13   0   0   0   0   0   0  87   0   0   0   0   0   0   0   0   0   0   0   0  1.09 0.09
   34 T     0  -2   0  -1   2  -1  -1  -1  -2   1  -2  -1  -1  -2  -2   4   2  -3  -2  -1    0   0   0   0   7   0   0   0   0  16   0   0   0   0   0  59  19   0   0   0  0.35 0.07
   35 I    -2  -3  -4  -4  -2  -3  -4  -4  -4   4   3  -3   1   0  -3  -3  -1  -3  -2   2    0   0   0   0   0   0   0   0   0  53  47   0   0   0   0   0   0   0   0   0  0.52 0.07
   36 G     1  -3  -1  -2  -2  -2  -2   5  -2  -3  -3  -2  -3  -4   4   0  -2  -3  -3  -3   19   0   0   0   0   0   0  57   0   0   0   0   0   0  24   0   0   0   0   0  0.82 0.07
   37 A     3  -2  -2  -2  -1  -1  -2  -1  -2   2   1  -2   2  -1  -2   1   0  -3  -2   1   41   0   0   0   0   0   0   0   0  16  13   0  12   0   0  11   0   0   0   8  0.19 0.04
   38 G     0  -2  -1  -2  -2  -2  -2   5  -2  -2  -2  -2  -2  -3  -2   1   0  -3  -3   0    0   0   0   0   0   0   0  64   0   0   0   0   0   0   0  13   8   0   0  16  0.60 0.07
   39 Y     2  -2  -1  -2  -2  -1  -1   0   3  -2  -2  -1  -2   0  -2   1  -1   0   5  -2   31   0   0   0   0   0   0   8  13   0   0   0   0   0   0  12   0   0  36   0  0.37 0.07
   40 F    -1  -2  -2  -3  -2  -2  -2  -3   3   0   2  -2   2   3  -3   0  -1  -1   1  -1    0   0   0   0   0   0   0   0  16   0  35   0   8  25   0  16   0   0   0   0  0.25 0.05
   41 N     1  -1   3   2  -2  -1   0  -1  -1  -3  -3  -1  -2  -3  -2   3   2  -4  -2  -2    8   0  27  13   0   0   0   0   0   0   0   0   0   0   0  35  17   0   0   0  0.39 0.06
   42 T     1  -2  -1  -1  -2  -1   1  -2  -2  -1  -2  -1  -1   1   4   1   2  -2  -1   0   16   0   0   0   0   0  12   0   0   0   0   0   0  13  26   7  18   0   0   8  0.36 0.04
   43 Q    -2   2   0   4  -4   2   2  -2  -1  -3  -3   2  -2  -4  -2  -1  -1  -4  -3  -3    0  13   0  37   0  12  16   0   0   0   0  22   0   0   0   0   0   0   0   0  0.53 0.06
   44 Q     0   3  -1  -1  -3   3   0   0  -1  -2  -1   3  -1  -3  -2  -1  -1  -3  -2  -2   12  23   0   0   0  20   0   8   0   0  11  27   0   0   0   0   0   0   0   0  0.29 0.05
   45 L     1  -2  -3  -3  -1  -2  -3   0  -3   2   3  -2   1  -1  -3  -2  -1  -2  -2   1   16   0   0   0   0   0   0   8   0  12  52   0   0   0   0   0   0   0   0  13  0.25 0.04
   46 E    -2   3   2   1  -4   1   5  -2   0  -4  -3   1  -2  -4  -2  -1  -1  -3  -2  -3    0  24  13   0   0   0  63   0   0   0   0   0   0   0   0   0   0   0   0   0  0.66 0.08
   47 D     1   0   0   3  -2   3   1  -1  -1  -3  -3   1  -2  -3  -1   1   1  -3  -2  -2   16   0   0  24   0  24   0   0   0   0   0   8   0   0   0  16  12   0   0   0  0.32 0.05
   48 E    -1   0  -1   0  -2   3   4  -2  -1  -1   0   0   1  -2  -1  -1  -1  -2  -2   0    1   1   1   1   0  23  42   1   0   1   9   1   9   0   1   1   1   0   0   8  0.31 0.05
   49 I    -2  -3  -4  -4  -2  -3  -4  -4  -4   4   3  -3   1   0  -3  -3  -1  -3  -2   2    0   0   0   0   0   0   0   0   0  64  36   0   0   0   0   0   0   0   0   0  0.53 0.08
   50 D    -1   3   0   2  -3   2   3  -2  -1  -3  -3   2  -2  -3  -2   0   2  -3  -2  -2    0  24   0  12   0   7  24   0   0   0   0  11   0   0   0   0  23   0   0   0  0.38 0.05
   51 Y    -2   0   1   0  -3   0   3  -2   0  -3  -3   2  -2   0  -2  -1  -1   6   3  -3    0   0  12   0   0   0  35   0   0   0   0  19   0   0   0   0   0  16  19   0  0.50 0.07
   52 V    -1  -3  -3  -3  -1  -2  -3  -3  -3   3   2  -2   1   2  -3  -1   1  -2  -1   2    0   0   0   0   0   0   0   0   0  26  20   0   0  12   0   0  16   0   0  26  0.27 0.04
   53 R     0   3  -1   1  -3   2   2  -2  -1  -3  -2   2  -2   1  -2  -1  -1  -2  -1  -2    8  27   0  12   0  14  16   0   0   0   0  13   0  11   0   0   0   0   0   0  0.31 0.04
   54 Q     1  -1  -1   0  -3   2   4   1  -1  -2   0   0  -1  -3  -2   0  -1  -3  -2  -2   16   0   0   0   0  12  45  15   0   0  13   0   0   0   0   0   0   0   0   0  0.32 0.05
   55 L    -2  -2  -3  -4  -2  -2  -3  -4   3   1   4  -2   3   0  -3  -2  -2  -2  -1   0    0   0   0   0   0   0   0   0  16   0  72   0  13   0   0   0   0   0   0   0  0.47 0.08
   56 T    -1  -2  -1  -2  -1  -2  -2  -2  -3   0  -1  -2  -1  -2  -2   0   5  -3  -2   2    0   0   0   0   0   0   0   0   0   0   0   0   0   0   0   0  76   0   0  24  0.55 0.10
   57 S     1  -2   0   4  -2  -1   0   3  -2  -3  -3  -1  -3  -3  -2   1  -1  -4  -3  -3   13   0   0  42   0   0   0  27   0   0   0   0   0   0   0  18   0   0   0   0  0.51 0.06
   58 N     0   3   1  -1  -3   1   0   1  -1  -2  -1   3  -1  -3  -2   0  -1  -3  -2  -2   11  20  12   0   0   7   0  13   0   0   7  31   0   0   0   0   0   0   0   0  0.26 0.04
   59 S    -1  -2   1  -1  -3  -2  -2  -2  -2   0  -2  -1  -2  -3   7   1  -1  -4  -3  -2    0   0  13   0   0   0   0   0   0  12   0   0   0   0  64  12   0   0   0   0  1.19 0.09
   60 F    -2  -3  -3  -4  -2  -3  -3  -4  -1   0   1  -3   0   6  -4  -3  -2   0   4   1    0   0   0   0   0   0   0   0   0   0  13   0   0  53   0   0   0   0  23  12  0.64 0.08
   61 G     0  -1   5   0  -3   1  -1   3  -1  -4  -4  -1  -2  -4  -2   0  -1  -3  -3  -3    7   0  48   0   0  11   0  34   0   0   0   0   0   0   0   0   0   0   0   0  0.58 0.07
   62 V    -1  -3  -4  -4  -1  -3  -3  -4  -4   3   2  -3   1  -1  -3  -2  -1  -3  -2   4    0   0   0   0   0   0   0   0   0  18  24   0   0   0   0   0   0   0   0  57  0.44 0.06
   63 N    -2  -1   6   3  -3  -1   0  -1   0  -4  -4  -1  -3  -4  -3   0  -1  -5  -3  -4    0   0  84  16   0   0   0   0   0   0   0   0   0   0   0   0   0   0   0   0  0.98 0.11
   64 V    -1  -3  -4  -4  -2  -3  -3  -4  -3   2   2  -3   1   3  -3  -2  -1  -1   0   3    0   0   0   0   0   0   0   0   0   0  30   0   0  24   0   0   0   0   0  45  0.38 0.06
   65 F    -3  -3  -4  -4  -3  -4  -4  -4  -2   0   1  -4   0   7  -4  -3  -3   0   2  -1    0   0   0   0   0   0   0   0   0   0  16   0   0  84   0   0   0   0   0   0  0.95 0.11
   66 V     1  -3  -3  -4   7  -3  -3  -3  -3   1   1  -3   0  -2  -3  -1  -1  -3  -2   3   12   0   0   0  37   0   0   0   0   0  16   0   0   0   0   0   0   0   0  36  0.51 0.07
   67 P    -2  -2  -1  -2  -4  -1  -1  -3   7  -4  -4  -1  -3  -3   6  -1  -2  -4   0  -3    0   0   0   0   0   0   0   0  48   0   0   0   0   0  52   0   0   0   0   0  1.35 0.12
   68 S    -1   2  -1   1  -2   0   0  -2  -1  -1   0   1  -1  -2   3   2   0  -3  -2  -1    0  16   0  13   0   0   0   0   0   0  11  12   0   0  16  25   0   0   0   8  0.23 0.04
   69 Q    -1   0  -1   1  -3   2   1   1   1   0  -2   1  -2  -3   4  -1  -1  -3  -2  -1    0   0   0   7   0  12  12  11   7  13   0  16   0   0  24   0   0   0   0   0  0.34 0.04
   70 Q     1   0  -1  -1  -2   2   0   1   0  -1   0   1   0   0  -1   0  -1  -1   2  -1   18   1   1   1   0  19   2  10   1   1  13   9   1   1   1   2   1   0  16   2  0.10 0.02
   71 S     0   1  -1  -1  -2   2   1  -1  -1   1   0   0   0  -1  -1   1   0  -2  -1   0    2   9   1   1   0  17  12   2   1  17   9   1   1   1   1  20   1   0   1   2  0.10 0.02
   72 Y     2  -2  -2  -3  -2  -2  -2   1  -1  -1  -1  -2   1   0   2  -1  -1  -1   4   0   24   0   0   0   0   0   0  16   0   0   0   0  11   0  12   0   0   0  25  13  0.24 0.05
   73 T     1   1   0   4  -2  -1   0  -2  -2  -1  -2  -1  -2  -3   2   0   1  -4  -3  -1   16  12   0  37   0   0   0   0   0   7   0   0   0   0  11   0  18   0   0   0  0.32 0.05
   74 S     1  -1   1   0  -2   0   2  -1  -1  -3  -3   1  -2  -3   4   2   0  -3  -2  -2   16   0   7   0   0   0  16   0   0   0   0  13   0   0  26  23   0   0   0   0  0.47 0.05
   75 S     2  -1  -1  -1  -2   0   1   3  -1  -2  -2  -1  -2  -3   2   1  -1  -3  -2  -2   25   1   0   1   0   0  14  28   0   1   1   1   0   0  13  12   1   0   0   1  0.35 0.03
   76 Q    -1   3  -1  -1  -2   2   0   1  -1  -2  -2   1  -1  -3  -2   0   1  -2  -2  -1    1  29   0   1   0  19   1  16   0   1   1   8   0   0   1   1  13   0   0   8  0.24 0.04
   77 I     0  -1  -1   2  -2   0   2  -2  -2   2  -1   1  -1  -2  -2  -1  -1  -3  -2   1   12   0   0  13   0   0  24   0   0  27   0  11   0   0   0   0   0   0   0  14  0.15 0.04
   78 E     0   1   0   4  -3   1   3  -2  -1  -2   0   0  -1  -3  -2  -1  -1  -3  -2  -2    8   8   0  38   0   8  25   0   0   0  13   0   0   0   0   0   0   0   0   0  0.39 0.05
   79 N     2   0   2  -1  -2   4   0  -2   3  -2  -2   0  -1  -3  -2   0  -1  -3  -1   0   24   0  12   0   0  39   0   0  14   0   0   0   0   0   0   0   0   0   0  12  0.31 0.07
   80 M    -2  -1   1  -2  -2   2  -1  -3  -2   1   0  -1   4  -1  -3  -1   1   7   0  -1    0   0  12   0   0  16   0   0   0  11   0   0  25   0   0   0  13  24   0   0  0.47 0.08
   81 N     0   0   3   0  -2   2   1  -2  -1  -1   1   1   0  -2  -2   0  -1  -3  -2  -1   13   0  25   0   0  16  12   0   0   0  24  11   0   0   0   0   0   0   0   0  0.18 0.04
   82 A     3  -1   2   1  -2   0   1  -1  -1  -2  -2   1  -2  -3  -1   1   0  -3  -2  -1   49   0  13   8   0   0  12   0   0   0   0  11   0   0   0   8   0   0   0   0  0.29 0.05
   83 W    -3  -3  -3  -3  -3  -2   1  -3  -2  -3  -2  -3  -2   2  -4  -3  -3  10   3  -3    0   0   0   0   0   0  16   0   0   0   0   0   0   8   0   0   0  68   8   0  1.83 0.14
   84 L     0  -2  -3  -3  -2  -2  -2  -3  -3   1   4   0   1   0  -3  -2  -1  -2  -2   0   13   0   0   0   0   0   0   0   0   0  77  11   0   0   0   0   0   0   0   0  0.37 0.07
   85 K     1   1  -1  -1  -3   0   1  -2  -1   1  -2   4  -1  -3  -2  -1  -1  -3  -2  -1   16   0   0   0   0   0  11   0   0  16   0  58   0   0   0   0   0   0   0   0  0.32 0.07
   86 P    -1  -1   1  -2  -3  -1  -1  -3  -2  -2   0   1  -2  -3   7  -1  -1  -4  -3  -2    0   0  11   0   0   0   0   0   0   0  13  12   0   0  65   0   0   0   0   0  1.19 0.09
   87 Y    -2  -2  -2  -2  -3  -1   1  -3   3   1   1  -2  -1   1  -3  -2  -2   0   6  -1    0   0   0   0   0   0  16   0   8  11  16   0   0   0   0   0   0   0  50   0  0.46 0.07
   88 R    -2   4  -1   1  -3  -1  -1   1  -1  -2  -2   0  -2   3   2  -1  -2  -2   0  -3    0  38   0  12   0   0   0  16   0   0   0   0   0  24  11   0   0   0   0   0  0.32 0.06
   89 R     1   3  -1   2  -3   0   1  -2  -1  -2  -1   3  -1  -3  -2   0  -1  -3  -2  -2   16  19   0  16   0   0   8   0   0   0  11  31   0   0   0   0   0   0   0   0  0.25 0.04
   90 A     2  -1  -1   2  -2   0   2  -1  -1   0  -2   0  -1  -3  -1   1   0  -3  -2  -1   36   0   0  16   0   0  16   0   0  12   0   8   0   0   0  13   0   0   0   0  0.21 0.04
   91 L    -2  -2   1  -3  -2  -2  -3  -3  -1   0   2  -2   2   4  -3  -2  -2   0   4   0    0   0  11   0   0   0   0   0   0   0  34   0  13  24   0   0   0   0  19   0  0.34 0.05
   92 H    -1  -1   3   0  -3   1   1   3   3  -2   0  -1  -1  -2  -2  -1  -1  -3  -2  -2    0   0  26   0   0  11   8  27  12   0  16   0   0   0   0   0   0   0   0   0  0.28 0.05
   93 L     1  -1  -2  -3  -1  -1  -2  -2  -3   2   1   0   0  -1  -2   0   0  -3  -2   3   16   0   0   0   0   0   0   0   0   7  18  12   0   0   0   8   0   0   0  39  0.16 0.04
   94 E     0   2   1   0  -2   1   3  -1  -1  -2  -2   0  -2  -3   2   0   0  -3  -2  -2   13  16  11   1   0   1  34   1   0   1   1   1   0   0   9   1   8   0   0   1  0.29 0.04
   95 E     0  -1  -1   0  -2   2   2   1   0  -2  -2   0  -2  -1   3   0  -1  -1   2  -2    9   1   1   1   0  11  26  13   0   1   1   1   0   0  16   1   1   0  16   1  0.30 0.04
   96 P    -1  -3  -1   3  -3  -2  -1   1  -2  -3  -3  -2  -3   1   6  -1  -2  -3  -2  -3    0   0   0  24   0   0   0  16   0   0   0   0   0  11  49   0   0   0   0   0  0.92 0.08
   97 V     1  -1  -2  -3  -1  -1  -2  -2  -2   2   0   0   2  -1  -2  -1   1  -3  -2   3   16   0   0   0   0   0   0   0   0  16   0  12  13   0   0   0  11   0   0  33  0.17 0.04
   98 V     0   1   1  -1  -2   0  -1  -2  -1   0  -1   2  -1  -2   3   1   0  -3  -2   1    8   8  13   0   0   0   0   0   0   7   0  19   0   0  16  11   0   0   0  18  0.20 0.03
   99 K     1  -1   1   0  -2   0   2  -2  -1   0   1   1   0  -2  -2   0  -1  -3  -2   0   16   0  14   0   0   0  24   0   0   0  24  12   0   0   0   0   0   0   0  11  0.12 0.04
  100 I    -1   1  -2  -2  -2   1  -1  -3  -2   2   1   0   2  -1  -2   0  -1  -3  -2   2    0   8   0   0   0  11   0   0   0  31  12   8   7   0   0   8   0   0   0  16  0.14 0.03
  101 I    -1  -1   1   1  -2   0   3  -2  -1   0  -2  -1  -1  -3  -2   1   2  -3  -2   0    0   0   8   8   0   0  32   0   0   6   0   0   0   0   0   7  29   0   0  12  0.26 0.05
  102 E    -2  -1   0   3  -3   0   3  -2  -1   1  -2   1  -1  -3  -2  -1  -1  -4  -2  -1    0   0   0  27   0   0  36   0   0  24   0  13   0   0   0   0   0   0   0   0  0.36 0.06
  103 E    -2   2  -1  -1  -3   0   3  -3   0  -3  -2   1  -2   0   2  -1  -2   5   4  -3    0  16   0   0   0   0  31   0   0   0   0   7   0   0  12   0   0  11  24   0  0.47 0.06
  104 Q    -1   0   2   2  -2   4   1  -2   0  -2  -1   0  -1  -2  -1   0   1  -2  -2  -2    1   1  13  11   0  42   1   1   0   1   9   1   0   0   1   1  17   0   0   1  0.30 0.05
  105 Q     1   2   0   1  -2   3   0  -1  -1  -2  -2   0  -1  -3  -1   2   0  -2  -2  -2   14  16   1  11   0  26   1   1   0   1   1   1   0   0   1  25   1   0   0   1  0.27 0.04
  106 F    -2  -2  -3  -3  -2  -3  -3  -3  -1   0   1  -3   0   6  -3  -2  -2   1   4  -1    1   1   1   1   0   0   1   1   0   1  14   1   0  60   1   1   1   0  16   1  0.62 0.07
  107 K    -1   0  -1   1  -3   2   0  -2   3  -3  -2   2  -2   1   3  -1  -1  -2   2  -3    0   0   0  13   0  16   0   0  12   0   0  25   0   8  16   0   0   0  11   0  0.34 0.05
  108 C     1  -2  -1   0   3   1  -1  -2  -2  -2  -2  -1  -2   1   4   0   0  -2  -1  -2   16   0   0   7  12  11   0   0   0   0   0   0   0  13  27   7   8   0   0   0  0.39 0.04
  109 H     0  -1  -2  -2  -2  -1  -2  -2   2   0   2   0   3   2  -2  -1   1  -2   0   0   14   0   0   0   0   0   0   0  12   0  24  11  16  13   0   0  12   0   0   0  0.12 0.04
  110 I    -1  -2  -3  -3  -2   1  -2  -4  -3   3   3  -2   1   0  -3  -2  -1  -2  -2   2    0   0   0   0   0  13   0   0   0  36  40   0   0   0   0   0   0   0   0  12  0.32 0.05
  111 D     0   1   0   4  -3   1   1  -2  -1  -3  -3   0  -2  -2   1  -1  -1  -2   2  -3    8  12   0  45   0   7   8   0   0   0   0   0   0   0   8   0   0   0  13   0  0.43 0.06
  112 T    -1  -2  -3  -3  -1  -2  -3  -3  -3   1   3  -2   3  -1  -3  -1   2  -2  -2   2    0   0   0   0   0   0   0   0   0   0  42   0  16   0   0   0  18   0   0  23  0.31 0.05
  113 I     1  -2  -2  -3  -1  -2  -2  -2  -3   2   2  -2   1   1  -2   0  -1  -2  -1   2   16   0   0   0   0   0   0   0   0  22  28   0   0   8   0  13   0   0   0  14  0.17 0.03
  114 I    -2  -2  -2   1  -2  -2  -2  -3  -2   2   2   0   1   2  -3  -2  -1  -2   0   1    0   0   0  13   0   0   0   0   0  25  35  12   0  16   0   0   0   0   0   0  0.18 0.04
  115 K     1   0   2   0  -3   1   3   1  -1  -3  -3   3  -2  -3  -2   0  -1  -3  -2  -2   16   0  12   0   0   0  31  13   0   0   0  29   0   0   0   0   0   0   0   0  0.34 0.05
  116 K    -2   0  -1  -1  -3   0   2  -3   4  -2   0   2  -1   2  -2  -1  -2  -1   3  -2    0   0   0   0   0   0  24   0  16   0  12  19   0  13   0   0   0   0  17   0  0.26 0.05
  117 Q    -1   3   0   2  -4   2   0   0  -1  -3  -3   3  -2  -4  -2  -1  -1  -3  -2  -3    0  27   0  16   0  12   0   7   0   0   0  38   0   0   0   0   0   0   0   0  0.46 0.06
  118 V    -1  -3  -3  -3  -2  -2  -2  -3  -3   2  -1  -2  -1  -2   6  -2  -1  -4  -2   3    0   0   0   0   0   0   0   0   0  16   0   0   0   0  48   0   0   0   0  36  0.87 0.08
  119 P     2   2  -1  -2  -3   0   0  -2  -2  -3  -3   3  -2  -3   4   0  -1  -3  -2  -2   24  16   0   0   0   0   0   0   0   0   0  35   0   0  25   0   0   0   0   0  0.53 0.06
  120 V     2  -3  -3  -3  -1  -2  -3  -2  -3   3   2  -2   1  -1  -2  -1  -1  -3  -2   3   26   0   0   0   0   0   0   0   0  32  16   0   0   0   0   0   0   0   0  26  0.27 0.05
  121 C    -1  -3  -3  -4   6  -3  -3  -4  -4   3   0  -3   0  -1  -3  -2  -1  -3  -2   3    0   0   0   0  29   0   0   0   0  28   0   0   0   0   0   0   0   0   0  43  0.55 0.07
  122 C     2  -2   0  -1   5  -1  -1  -1  -2  -2  -3  -1  -2  -3  -2   4   0  -3  -2  -2   16   0   0   0  18   0   0   0   0   0   0   0   0   0   0  66   0   0   0   0  0.53 0.09
  123 F    -2  -3  -3  -3  -3  -3  -3  -3  -2  -1   0  -3  -1   7  -4   0  -2   0   2  -2    0   0   0   0   0   0   0   0   0   0   0   0   0  84   0  16   0   0   0   0  0.87 0.11
  124 T     1  -1   0  -2  -2  -1  -1  -2   7  -2  -2  -1  -2  -2  -2   0   3  -3   0  -2   16   0   0   0   0   0   0   0  48   0   0   0   0   0   0   0  36   0   0   0  0.59 0.09
  125 F    -3  -3  -4  -4  -3  -4  -4  -4  -2   0   1  -4   0   7  -4  -3  -3   0   2  -1    0   0   0   0   0   0   0   0   0   0  16   0   0  84   0   0   0   0   0   0  0.95 0.11
  126 G     0  -3  -1   1  -3  -2  -2   6  -3  -4  -4  -2  -3  -4  -3  -1  -2  -3  -4  -4    0   0   0  11   0   0   0  89   0   0   0   0   0   0   0   0   0   0   0   0  1.12 0.10
  127 I     0  -2  -2  -3  -2  -2  -2  -3   3   2   2  -2   1  -1   3  -2  -1  -3  -1   1    8   0   0   0   0   0   0   0  13  25  38   0   0   0  16   0   0   0   0   0  0.29 0.05
  128 P    -2  -3  -3  -2  -4  -2  -2  -3  -3  -4  -4  -2  -3  -4   8  -2  -2  -5  -4  -3    0   0   0   0   0   0   0   0   0   0   0   0   0   0 100   0   0   0   0   0  2.33 0.14
  129 N    -1  -2   1  -1  -3  -1   0  -2   3  -3  -3  -1  -2  -3   6   2   0  -4  -2  -3    0   0   6   0   0   0   7   0  12   0   0   0   0   0  43  33   0   0   0   0  0.80 0.07
  130 E     0   1  -1   0  -3   3   3  -2  -1  -3  -3   2  -2  -4   3   0  -1  -3  -2  -2    8   8   0   0   0  15  34   0   0   0   0  19   0   0  16   0   0   0   0   0  0.49 0.05
  131 S     1  -1   0   4  -2   1   1  -1  -1  -3  -3  -1  -2  -3  -1   2   1  -4  -3  -2   12   0   0  42   0   6   7   0   0   0   0   0   0   0   0  27   7   0   0   0  0.45 0.06
  132 I     1  -2  -2  -2  -1   0  -2  -2  -2   2   1  -1   0  -1  -2   0   1  -3  -2   2   11   0   0   0   0   8   0   0   0  18  16   0   0   0   0   8  13   0   0  27  0.15 0.03
  133 I    -1  -3  -4  -4  -2  -3  -3  -4  -4   5   1  -3   1  -1  -3  -3  -1  -3  -2   3    0   0   0   0   0   0   0   0   0  66   0   0   0   0   0   0   0   0   0  34  0.56 0.08
  134 E     0   1   0   2  -3   1   4  -2  -1  -3  -3   2  -2  -4  -2   0  -1  -3  -2  -3    8   8   0   8   0   0  60   0   0   0   0  11   0   0   0   6   0   0   0   0  0.55 0.07
  135 R     1   3  -1  -1  -3   1   2  -2   0  -3  -2   1  -2  -1  -2   1  -1  -2   2  -2   16  27   0   0   0   7  18   0   0   0   0   7   0   0   0  12   0   0  13   0  0.28 0.04
  136 L     1  -3  -4  -4  -2  -2  -3  -3  -3   1   4  -3   1   0  -3  -2  -1  -2  -2   0   16   0   0   0   0   0   0   0   0   0  84   0   0   0   0   0   0   0   0   0  0.49 0.08
  137 K    -1   1   0  -1  -4   4   1  -2   4  -3  -3   4  -2  -3  -2  -1  -1  -3  -1  -3    0   0   0   0   0  32   0   0  16   0   0  52   0   0   0   0   0   0   0   0  0.60 0.09
  138 E     2   0   2   1  -2   0   1   0  -1  -3  -3   2  -2  -3  -1   0   1  -3  -2  -2   26   0  16   8   0   0  13   7   0   0   0  20   0   0   0   0  11   0   0   0  0.24 0.04
  139 A     3   0  -1  -2  -1  -1  -1  -1   3   1  -1  -1  -1  -2  -2   1   0  -3  -1   1   45   7   0   0   0   0   0   0  16  13   0   0   0   0   0  12   0   0   0   8  0.20 0.05
  140 N    -1  -2   2   3  -3  -1   0   4   2  -4  -4   0  -3  -3  -2  -1  -2  -3  -3  -3    0   0  12  27   0   0   0  47   7   0   0   7   0   0   0   0   0   0   0   0  0.58 0.06
  141 I    -1  -3  -4  -4   3  -3  -4  -4  -4   5   1  -3   0  -1  -3  -2  -1  -3  -2   3    0   0   0   0  11   0   0   0   0  68   0   0   0   0   0   0   0   0   0  21  0.52 0.08
  142 K    -1   2  -2  -2   3   0  -1  -3  -2   0   1   2   0  -2  -2  -1   0  -3  -2   0    0  16   0   0  11   0   0   0   0   0  28  31   0   0   0   0   7   0   0   8  0.19 0.04
  143 L    -1  -3  -4  -4  -1  -3  -3  -4  -3   3   3  -3   1   0  -3  -3  -1  -2  -2   3    0   0   0   0   0   0   0   0   0  24  52   0   0   0   0   0   0   0   0  24  0.44 0.06
  144 I     0  -3  -3  -3  -2  -3  -3  -3  -3   3   2  -3   1   3  -3  -2  -1  -1   0   1   16   0   0   0   0   0   0   0   0  36  24   0   0  24   0   0   0   0   0   0  0.29 0.05
  145 G     2  -2  -2  -2  -2  -2  -2   3  -3   0  -1  -2  -1  -2  -2   0  -1  -3  -2   2   31   0   0   0   0   0   0  36   0   0   0   0   0   0   0   0   0   0   0  32  0.35 0.06
  146 T    -1  -2  -1  -2   4  -2  -2  -2  -2  -1   1  -2  -1  -2  -2   1   4  -3  -2  -1    0   0   0   0  16   0   0   0   0   0  16   0   0   0   0   8  60   0   0   0  0.44 0.08
  147 A     4  -2  -2  -3  -1  -2  -2  -1  -2   0  -1  -1  -1  -2  -2   0   0  -3  -2   2   80   0   0   0   0   0   0   0   0   0   0   0   0   0   0   0   0   0   0  20  0.47 0.09
  148 T     0  -2   0  -2  -2  -1  -1   2  -2  -2  -2  -1  -1  -3  -2   2   5  -3  -2  -1    0   0   0   0   0   0   0  16   0   0   0   0   0   0   0  11  74   0   0   0  0.55 0.09
  149 S     0  -1   3   0  -2  -1  -1  -1  -1  -2  -3  -1  -2  -3  -2   3   4  -3  -2  -2    0   0  28   0   0   0   0   0   0   0   0   0   0   0   0  31  41   0   0   0  0.48 0.08
  150 V     1  -3  -3  -3  -1  -2  -2  -3  -3   1   2  -2   1  -1   1  -1  -1  -3  -2   3   16   0   0   0   0   0   0   0   0   0  28   0   0   0   8   0   0   0   0  49  0.28 0.05
  151 D     0   2   0   3  -3   4   3  -2   0  -3  -3   1  -2  -4  -2   0  -1  -3  -2  -3    8  13   0  18   0  35  26   0   0   0   0   0   0   0   0   0   0   0   0   0  0.50 0.06
  152 E    -2  -1  -1   1  -4   1   6  -3   4  -4  -4   0  -3  -3  -2  -1  -2  -3  -2  -3    0   0   0   0   0   0  84   0  16   0   0   0   0   0   0   0   0   0   0   0  0.89 0.11
  153 A     4  -2  -2  -3  -1  -2  -2  -1  -2  -1  -1  -2  -1   1  -2   0  -1  -2  -1   1   76   0   0   0   0   0   0   0   0   0   0   0   0  12   0   0   0   0   0  13  0.39 0.08
  154 I     1   3  -2  -2  -2   2  -1  -2  -1   2   0   0   0  -2  -2  -1  -1  -3  -2   0   16  28   0   0   0  20   0   0   0  25  11   0   0   0   0   0   0   0   0   0  0.19 0.05
  155 A     2   2  -2  -2  -2   3   0  -2  -1  -1   2   0   0  -2  -2  -1  -1  -2  -2  -1   25  16   0   0   0  28   0   0   0   0  31   0   0   0   0   0   0   0   0   0  0.21 0.05
  156 N     1  -1   3  -1  -2  -1  -1  -2   3   0   0  -1   2  -2  -2   0  -1  -3  -1   1   20   0  25   0   0   0   0   0  16   0  13   0  11   0   0   0   0   0   0  16  0.16 0.05
  157 E     2  -1  -1   0  -3   1   4  -2  -1  -3  -3   0  -2  -2  -2   0  -1  -2   2  -2   28   0   0   0   0   0  60   0   0   0   0   0   0   0   0   0   0   0  12   0  0.49 0.08
  158 K     2   2  -1  -1  -2   0   2  -1   3  -3  -3   1  -2  -3  -2   1  -1  -3  -1  -2   31  13   0   0   0   0  22   0  15   0   0  12   0   0   0   7   0   0   0   0  0.29 0.05
  159 A     4   1  -2  -2  -1  -1  -1  -1  -2  -1   0  -1  -1  -2  -2   1   0  -3  -2  -1   65  11   0   0   0   0   0   0   0   0  13   0   0   0   0  12   0   0   0   0  0.32 0.07
  160 G     0  -2  -1  -2  -3  -2  -2   6  -2  -4  -4   1  -3  -4  -3  -1  -2  -3  -3  -4    0   0   0   0   0   0   0  88   0   0   0  12   0   0   0   0   0   0   0   0  1.08 0.09
  161 M     0  -2  -3  -4  -1  -2  -3  -3  -3   2   2  -2   5  -1  -3  -2  -1  -2  -2   3    8   0   0   0   0   0   0   0   0  13  12   0  36   0   0   0   0   0   0  31  0.35 0.06
  162 D    -2  -2   3   6  -4  -1   1  -2   2  -4  -4  -1  -3  -4  -2  -1  -1  -5  -3  -4    0   0  13  79   0   0   0   0   8   0   0   0   0   0   0   0   0   0   0   0  0.98 0.10
  163 A     2  -2  -2  -2  -1  -2  -2   2  -2   1   1  -2   1  -1  -2   0  -1  -3  -2   0   36   0   0   0   0   0   0  24   0  17  16   0   7   0   0   0   0   0   0   0  0.22 0.04
  164 I    -1  -3  -4  -4  -1  -3  -3  -4  -4   4   1  -3   1  -1  -3  -2  -1  -3  -2   4    0   0   0   0   0   0   0   0   0  48   8   0   0   0   0   0   0   0   0  44  0.49 0.07
  165 V    -1  -3  -4  -4  -1  -3  -3  -4  -4   3   0  -3   0  -1  -3  -2  -1  -3  -2   5    0   0   0   0   0   0   0   0   0   7   0   0   0   0   0   0   0   0   0  93  0.62 0.10
  166 A     4  -2  -2  -3   4  -2  -2  -1  -2  -1   1  -2   0  -2  -2   0  -1  -3  -2   0   65   0   0   0  13   0   0   0   0   0  22   0   0   0   0   0   0   0   0   0  0.37 0.07
  167 Q    -2   0  -1  -1  -4   7   1  -3   0  -4  -3   1  -1  -4  -2  -1  -1  -3  -2  -3    0   0   0   0   0 100   0   0   0   0   0   0   0   0   0   0   0   0   0   0  1.12 0.15
  168 G     0  -3  -1  -2  -3  -2  -3   6  -3  -4  -4  -2  -3  -4  -3  -1  -2  -3  -4  -4    0   0   0   0   0   0   0 100   0   0   0   0   0   0   0   0   0   0   0   0  1.33 0.11
  169 S     0  -2  -1  -2  -2  -1  -2  -2  -1   1  -1  -2  -1   0  -2   2   2   5   3  -1    0   0   0   0   0   0   0   0   0  16   0   0   0   0   0  36  16  12  21   0  0.34 0.06
  170 E    -2  -1  -1   1  -4   1   6  -3  -1  -4  -4   0  -3  -4  -2  -1  -2  -4  -3  -3    0   0   0   0   0   0 100   0   0   0   0   0   0   0   0   0   0   0   0   0  1.07 0.12
  171 A     5  -2  -2  -2  -1  -1  -1   0  -2  -2  -2  -1  -2  -3  -1   1  -1  -3  -2  -1  100   0   0   0   0   0   0   0   0   0   0   0   0   0   0   0   0   0   0   0  0.69 0.11
  172 G     0  -3  -1  -2  -3  -2  -3   6  -3  -4  -4  -2  -3  -4  -3  -1  -2  -3  -4  -4    0   0   0   0   0   0   0 100   0   0   0   0   0   0   0   0   0   0   0   0  1.33 0.11
  173 G     0  -3  -1  -2  -3  -2  -3   6  -3  -4  -4  -2  -3  -4  -3  -1  -2  -3  -4  -4    0   0   0   0   0   0   0 100   0   0   0   0   0   0   0   0   0   0   0   0  1.33 0.11
  174 H    -2  -1   0  -2  -4   0  -1  -3   9  -4  -4  -2  -2  -2  -3  -2  -3  -3   1  -4    0   0   0   0   0   0   0   0 100   0   0   0   0   0   0   0   0   0   0   0  1.58 0.16
  175 R    -2   6  -1  -2  -3   0  -1  -3  -1  -3  -3   1  -2  -3  -3  -1   1  -3  -2  -3    0  84   0   0   0   0   0   0   0   0   0   0   0   0   0   0  16   0   0   0  0.86 0.11
  176 G     0  -3  -1  -2  -3  -2  -3   6  -3  -4  -4  -2  -3  -4  -3  -1  -2  -3  -4  -4    0   0   0   0   0   0   0 100   0   0   0   0   0   0   0   0   0   0   0   0  1.33 0.11
  177 S     1  -1   3   0  -2   0   1  -1  -1  -1  -2  -1  -1  -2  -2   1   0  -3  -2   1   18   0  24   0   0   0  16   0   0   0   0   0   0   0   0  18   0   0   0  24  0.20 0.05
  178 F    -3  -3  -4  -4  -3  -4  -4  -4  -2  -1   0  -4  -1   7  -4  -3  -3   0   3  -1    0   0   0   0   0   0   0   0   0   0   0   0   0 100   0   0   0   0   0   0  1.16 0.11
  179 L    -1  -1  -1   2  -2  -1   1  -2  -2   0   2   1   0  -1  -2   0  -1  -3  -2  -1    0   0   0  19   0   0  10   0   0   0  48  14   0   0   0   9   0   0   0   0  0.17 0.04
  180 K     1   0  -1  -1  -1   0   1  -1  -1   0  -1   1  -1  -2   2   0   1  -2  -1   1   17   1   1   2   1   1  11   2   1   1   3  15   1   1  13   2  10   0   1  16  0.14 0.01
  181 P    -1  -2   2  -1  -3  -1  -1  -2  -2  -3  -3  -1  -2  -4   6   1   2  -4  -3  -2    0   0  14   0   0   0   0   0   0   0   0   0   0   0  57  12  17   0   0   0  1.07 0.07
  182 K     0   1   1   3  -3   2   2  -2  -1  -3  -3   3  -2  -3  -1   0  -1  -3  -2  -3    9   0   8  24   0   9  10   0   0   0   0  40   0   0   0   0   0   0   0   0  0.40 0.04
  183 N     0   1   3   2  -2  -1   0   1  -1  -1  -2   0  -1  -2  -2   1   0  -3  -2   0   11  10  22  15   0   0   1  13   0   0   1   1   0   0   0   9   1   0   0  15  0.16 0.02
  184 Q    -1   0   0   0  -2   4   2   1   0  -2  -2   0  -1   1  -1   0  -1  -1  -1  -2    2   1   1   1   1  41  16  12   1   1   2   2   1  11   1   2   2   0   1   2  0.26 0.03
  185 L    -2  -2   0   5  -3   0   3  -2  -1  -2   0  -1  -2  -3  -2  -1   0  -4  -3  -2    0   0   0  58   0   0  20   0   0   0  13   0   0   0   0   0   9   0   0   0  0.56 0.06
  186 P     1  -2  -1   1  -2   0   1   1  -2  -3  -3  -1  -2  -3   5   2   0  -3  -3  -2   10   0   0  10   0   0  14  14   0   0   0   0   0   0  30  21   0   0   0   0  0.55 0.04
  187 M     1   1   2  -1  -2   2   1  -2  -1  -1   1   0   2  -2  -2   0  -1  -3  -2  -1   22  10  14   0   0  14   9   0   0   0  17   0  13   0   0   0   0   0   0   0  0.13 0.03
  188 V    -1  -3  -3  -4  -1  -2  -3  -4  -3   3   3  -3   2   0  -3  -2  -1  -3  -1   3    0   0   0   0   0   0   0   0   0  23  35   0   8   0   0   0   0   0   0  33  0.40 0.05
  189 G     1  -1  -1  -2  -2  -1  -2   5  -2  -3  -3   1  -2  -3  -2   1  -1  -3  -3  -3   13   0   0   0   0   0   0  62   0   0   0  13   0   0   0  13   0   0   0   0  0.65 0.07
  190 T    -1  -2  -1  -2  -2  -1  -2  -2  -2  -1   0  -1  -1  -2  -2   1   6  -3  -2  -1    0   0   0   0   0   0   0   0   0   0  10   0   0   0   0   0  90   0   0   0  0.69 0.12
  191 I    -2  -2  -3  -4  -2  -2  -3  -4  -2   2   2  -3   5   3  -3  -2  -1  -1   0   2    0   0   0   0   0   0   0   0   0  11  21   0  37  18   0   0   0   0   0  13  0.39 0.07
  192 S     2  -1  -1   1  -1   1   0  -1  -1  -1  -2  -1  -1  -3  -1   2   0  -3  -2   0   36   0   0  13   0  13   0   0   0   0   0   0   0   0   0  26   0   0   0  13  0.24 0.05
  193 L    -2  -3  -4  -4  -2  -3  -3  -4  -3   1   5  -3   2   0  -4  -3  -2  -2  -2   0    0   0   0   0   0   0   0   0   0   0 100   0   0   0   0   0   0   0   0   0  0.72 0.10
  194 V    -1  -3  -3  -3  -1  -3  -3  -4  -4   3   0  -3   0  -1  -3  -2   1  -3  -2   4    0   0   0   0   0   0   0   0   0  17   0   0   0   0   0   0   9   0   0  74  0.48 0.08
  195 P    -1   3  -1  -2  -3   0  -1  -2  -2  -3  -3   2  -2  -4   6   1  -1  -4  -3  -3    0  26   0   0   0   0   0   0   0   0   0  13   0   0  48  13   0   0   0   0  0.95 0.08
  196 Q    -1   2  -1  -1  -3   4   2  -3  -1  -1   1   0   0  -2  -2  -1   1  -3  -2   0    0  13   0   0   0  36  13   0   0   0  18   0   0   0   0   0  13   0   0   8  0.26 0.06
  197 I     0  -2  -3  -3  -1  -2  -3  -3  -3   3   2  -2   2  -1  -3  -1   1  -3  -2   2   10   0   0   0   0   0   0   0   0  32  26   0   7   0   0   0  13   0   0  13  0.25 0.04
  198 V     2  -3  -3  -3  -1  -2  -2  -2  -3   1   0  -2   0  -2  -2  -1   1  -3  -2   4   27   0   0   0   0   0   0   0   0   0   0   0   0   0   0   0   8   0   0  64  0.35 0.08
  199 D     0  -2   1   6  -4  -1   1  -2  -2  -4  -4   1  -3  -4  -2  -1  -1  -5  -3  -3    8   0   0  82   0   0   0   0   0   0   0   9   0   0   0   0   0   0   0   0  0.94 0.10
  200 V     2   1  -1  -1  -2   1   2  -2   2  -1  -2   0  -1  -1  -2   0  -1  -2   2   0   30   8   0   0   0   7  22   0   7   0   0   0   0   0   0   0   0   0  13  11  0.19 0.05
  201 V    -1  -3  -3  -3   5  -3  -3   0  -3   2   2  -3   1  -1  -3  -2  -1  -3  -2   3    0   0   0   0  18   0   0   8   0  20  22   0   0   0   0   0   0   0   0  31  0.31 0.05
  202 S     1   1   1   2  -2   1   0  -1  -1  -3  -3   0  -2  -3  -1   3   0  -3  -2  -2   13   9   7  13   0   8   0   0   0   0   0   0   0   0   0  49   0   0   0   0  0.35 0.06
  203 I    -1  -3  -3  -3  -2  -2  -2  -3  -3   2   2  -2   0  -1   4  -1   1  -3  -2   1    0   0   0   0   0   0   0   0   0  26  26   0   0   0  26   0  13   0   0  10  0.42 0.05
  204 P    -2  -3  -3  -3  -3  -2  -2  -3  -3  -3  -2  -2  -2   3   7  -2  -2  -2  -1  -3    0   0   0   0   0   0   0   0   0   0   0   0   0  26  74   0   0   0   0   0  1.57 0.12
  205 V    -1  -3  -4  -4  -1  -3  -3  -4  -4   3   0  -3   0  -1  -3  -2  -1  -3  -2   5    0   0   0   0   0   0   0   0   0  13   0   0   0   0   0   0   0   0   0  87  0.60 0.10
  206 I    -1  -3  -4  -4  -2  -3  -3  -4  -4   5   2  -3   1  -1  -3  -3  -1  -3  -2   3    0   0   0   0   0   0   0   0   0  64  13   0   0   0   0   0   0   0   0  23  0.52 0.08
  207 A     5  -2  -2  -2  -1  -1  -1   0  -2  -2  -2  -1  -2  -3  -1   1  -1  -3  -2  -1  100   0   0   0   0   0   0   0   0   0   0   0   0   0   0   0   0   0   0   0  0.70 0.12
  208 A     5  -2  -2  -2  -1  -1  -1   0  -2  -2  -2  -1  -2  -3  -1   1  -1  -3  -2  -1  100   0   0   0   0   0   0   0   0   0   0   0   0   0   0   0   0   0   0   0  0.70 0.12
  209 G     0  -3  -1  -2  -3  -2  -3   6  -3  -4  -4  -2  -3  -4  -3  -1  -2  -3  -4  -4    0   0   0   0   0   0   0 100   0   0   0   0   0   0   0   0   0   0   0   0  1.35 0.12
  210 G     0  -3  -1  -2  -3  -2  -3   6  -3  -4  -4  -2  -3  -4  -3  -1  -2  -3  -4  -4    0   0   0   0   0   0   0 100   0   0   0   0   0   0   0   0   0   0   0   0  1.35 0.12
  211 I    -2  -3  -4  -4  -2  -3  -4  -4  -4   5   1  -3   3  -1  -3  -3  -1  -3  -2   2    0   0   0   0   0   0   0   0   0  83   0   0  10   0   0   0   0   0   0   7  0.61 0.10
  212 M     1  -2  -2  -3  -2  -1  -2  -3   3   1   1  -2   7  -1  -3  -2  -1  -2  -1   0   13   0   0   0   0   0   0   0  13  10   0   0  65   0   0   0   0   0   0   0  0.49 0.11
  213 D    -2   1   1   6  -4  -1   1  -2  -2  -4  -4  -1  -3  -4  -2  -1  -2  -5  -4  -4    0  13   0  87   0   0   0   0   0   0   0   0   0   0   0   0   0   0   0   0  1.07 0.11
  214 G     0  -2   0   2  -3  -1  -1   5   2  -4  -4  -2  -3  -3  -2   1  -1  -3  -2  -3    0   0   0  13   0   0   0  65  10   0   0   0   0   0   0  13   0   0   0   0  0.72 0.07
  215 R     1   5  -1  -1  -3   1   1  -2  -1  -3  -3   2  -2  -3  -2  -1  -1  -3  -2  -2   18  56   0   0   0   0  13   0   0   0   0  13   0   0   0   0   0   0   0   0  0.55 0.07
  216 G     0  -2   0   2  -3   1  -1   5  -2  -4  -4  -1  -3  -4  -2   1  -1  -3  -3  -3    0   0   0  13   0  13   0  62   0   0   0   0   0   0   0  13   0   0   0   0  0.67 0.07
  217 V    -2  -3  -4  -4  -2  -3  -4  -4  -4   5   2  -3   1  -1  -3  -3  -1  -3  -2   3    0   0   0   0   0   0   0   0   0  72   7   0   0   0   0   0   0   0   0  21  0.56 0.08
  218 L     1   1  -1  -2  -2   0  -1  -2  -2  -1   1   2   0  -2  -2   1   0  -3  -2   0   22   8   0   0   0   0   0   0   0   0  19  31   0   0   0  13   0   0   0   7  0.15 0.04
  219 A     4  -2  -2  -2  -1  -1   1  -1  -1  -2  -2  -1  -2  -1  -2   0  -1  -2   2  -1   74   0   0   0   0   0  13   0   0   0   0   0   0   0   0   0   0   0  13   0  0.42 0.09
  220 S     3  -2  -1  -2  -1  -1  -1  -1  -2   0   1  -1   2  -2  -2   2   0  -3  -2   0   40   0   0   0   0   0   0   0   0   0  13   0  13   0   0  26   0   0   0   8  0.22 0.05
  221 I    -2  -2  -3  -4  -2   0  -2  -4  -3   2   4  -2   3   0  -3  -2  -1  -2  -2   1    0   0   0   0   0   7   0   0   0  11  66   0  16   0   0   0   0   0   0   0  0.44 0.07
  222 V     2  -1  -1  -1  -2   2   1  -2  -1   0  -1   0  -1  -2  -2   1   1  -3  -2   1   22   0   0   0   0  21   8   0   0   7   0   0   0   0   0  13  10   0   0  19  0.17 0.04
  223 L    -2  -2  -3  -3  -2   1  -2  -4  -2   1   4  -2   1   2  -3  -2  -2  -2  -1   0    0   0   0   0   0  13   0   0   0   0  74   0   0  13   0   0   0   0   0   0  0.43 0.08
  224 G    -1  -2   2  -1  -3   1  -1   5  -2  -4  -4  -1  -3  -4  -3  -1  -2  -3  -3  -4    0   0  13   0   0  13   0  74   0   0   0   0   0   0   0   0   0   0   0   0  0.87 0.09
  225 A     5  -2  -2  -2  -1  -2  -2  -1  -2   1  -1  -1  -1  -2  -2   0  -1  -3  -2   0   87   0   0   0   0   0   0   0   0  13   0   0   0   0   0   0   0   0   0   0  0.52 0.10
  226 E     1   0   0   2  -3   3   3  -2  -1  -3  -3   0  -2  -3  -1   1  -1  -3  -2  -2   13   0   0  13   0  26  31   0   0   0   0   0   0   0   0  17   0   0   0   0  0.44 0.06
  227 G     3  -2  -1  -2  -2  -2  -2   4  -2  -3  -3  -2  -2  -3  -2   0  -1  -3  -3  -2   52   0   0   0   0   0   0  48   0   0   0   0   0   0   0   0   0   0   0   0  0.65 0.08
  228 V     1  -3  -3  -3  -1  -2  -3  -3  -3   2   0  -2   0  -2  -3  -1  -1  -3  -2   5   18   0   0   0   0   0   0   0   0   0   0   0   0   0   0   0   0   0   0  82  0.47 0.09
  229 Q    -2   0  -1  -1  -4   7   1  -3   0  -4  -3   0  -1  -3  -2  -1  -2   5  -1  -3    0   0   0   0   0  87   0   0   0   0   0   0   0   0   0   0   0  13   0   0  1.03 0.14
  230 M    -1  -3  -3  -4   4  -2  -3  -4  -3   2   3  -3   5  -1  -3  -2  -1  -2  -2   2    0   0   0   0  13   0   0   0   0  10  31   0  34   0   0   0   0   0   0  13  0.41 0.07
  231 G     0  -3  -1  -2  -3  -2  -3   6  -3  -4  -4  -2  -3  -4  -3  -1  -2  -3  -4  -4    0   0   0   0   0   0   0 100   0   0   0   0   0   0   0   0   0   0   0   0  1.35 0.12
  232 T     0  -2   0  -1  -1  -1  -1  -2  -2  -2  -2  -1  -1  -3  -2   2   5  -3  -2  -1    0   0   0   0   0   0   0   0   0   0   0   0   0   0   0  22  78   0   0   0  0.66 0.11
  233 A     4  -2  -2  -3  -1  -2  -2  -1  -2   0  -1  -2  -1  -2  -2   0   0  -3  -2   2   74   0   0   0   0   0   0   0   0   0   0   0   0   0   0   0   0   0   0  26  0.44 0.09
  234 F    -3  -4  -4  -4  -3  -4  -4  -4  -2  -1  -1  -4  -1   7  -4  -3  -3   8   2  -2    0   0   0   0   0   0   0   0   0   0   0   0   0  74   0   0   0  26   0   0  1.29 0.13
  235 L    -2  -3  -4  -4  -2  -3  -3  -4  -3   2   4  -3   1   0  -3  -3  -1  -2  -2   2    0   0   0   0   0   0   0   0   0   8  74   0   0   0   0   0   0   0   0  18  0.51 0.07
  236 T     0  -2  -1  -2  -2  -2  -2   1  -2   0   1  -2   0  -2   2   0   3  -3  -2   0    9   0   0   0   0   0   0  13   0  10  17   0   0   0  13   0  39   0   0   0  0.24 0.05
  237 S     0  -2  -1  -2   8  -2  -2  -2  -2  -2  -2  -2  -2  -3  -2   3   2  -3  -3  -1    0   0   0   0  48   0   0   0   0   0   0   0   0   0   0  32  20   0   0   0  0.77 0.10
  238 Q     0  -1   0   1  -2   2   2  -2   2  -3  -3   0  -2  -3   3   2   1  -3  -2  -2    0   0   0   7   0  11  20   0  10   0   0   0   0   0  17  26   9   0   0   0  0.40 0.05
  239 D    -1  -1  -1   2  -4   3   5  -3  -1  -4  -3   0  -2  -4  -2  -1  -1  -3  -3  -3    0   0   0  11   0  13  76   0   0   0   0   0   0   0   0   0   0   0   0   0  0.84 0.10
  240 S     2  -1   0  -1  -1  -1  -1  -1  -2  -2  -3  -1  -2  -3  -1   4   2  -3  -2  -2   26   0   0   0   0   0   0   0   0   0   0   0   0   0   0  65   9   0   0   0  0.50 0.09
  241 N     0  -1   4   0  -2   0   1   2  -1  -3  -3  -1  -2  -3  -2   2   1  -3  -2  -2    0   0  34   0   0   0  13  15   0   0   0   0   0   0   0  26  13   0   0   0  0.39 0.06
  242 A     4  -2  -2  -2  -1  -2  -2  -1  -2   2  -1  -1  -1  -2  -2   0   1  -3  -2   0   65   0   0   0   0   0   0   0   0  23   0   0   0   0   0   0  13   0   0   0  0.34 0.08
  243 S     0  -1   3   1  -2  -1   0  -1   3  -3  -3  -1  -2  -3   2   3   0  -4  -2  -3    0   0  24   9   0   0   0   0  10   0   0   0   0   0  13  44   0   0   0   0  0.46 0.07
  244 E     0  -1  -1  -1  -3   2   2  -2  -1  -3  -3   1  -2  -4   6  -1  -1  -3  -3  -3    8   0   0   0   0  15  21   0   0   0   0  13   0   0  44   0   0   0   0   0  0.84 0.07
  245 L     1  -2   1  -1  -2  -1   1   0  -2   0   1  -1   0  -1  -2  -1  -1  -3  -2   1   17   0  13   0   0   0  13   9   0   0  26   0   0   0   0   0   0   0   0  22  0.09 0.03
  246 L    -2  -2  -2  -3  -2  -2  -2  -3   5   0   0  -2   0   3  -3  -2  -2   0   5   1    0   0   0   0   0   0   0   0  23   0  11   0   0  13   0   0   0   0  33  20  0.45 0.07
  247 R    -1   4  -1  -2  -3   0   0  -2  -1  -2   0   3  -1  -3  -2   1  -1  -3  -2  -2    0  37   0   0   0   0   0   0   0   0  13  37   0   0   0  13   0   0   0   0  0.42 0.07
  248 D    -1   1   0   4  -3   2   2  -2   2  -3  -3   2  -2  -3  -2   1  -1  -3  -2  -3    0   9   0  32   0  17   8   0   7   0   0  13   0   0   0  13   0   0   0   0  0.42 0.05
  249 A     3  -1  -2  -2  -2  -1  -1  -1  -2  -2  -1   2   2  -3   2   0  -1  -3  -2  -1   52   0   0   0   0   0   0   0   0   0   0  22  13   0  13   0   0   0   0   0  0.34 0.07
  250 I    -2  -3  -4  -4  -2  -3  -4  -4  -3   3   2  -3   1   4  -4  -3  -2  -1   1   1    0   0   0   0   0   0   0   0   0  28  26   0   0  38   0   0   0   0   0   7  0.45 0.06
  251 I    -1  -1  -1  -2  -1   1  -1  -2  -1   1   2   0   1   0  -1   0  -1  -2  -1   0    2   1   1   1   0   9   2   2   1  13  41  10   1   1   1   9   2   0   1   2  0.10 0.02
  252 N     1  -1   2   0  -2   2   1   3   2  -3  -2   0  -2  -3  -1   0  -1  -2  -2  -2   14   1  12   1   0  21  10  27   8   1   1   1   0   0   1   1   1   0   0   1  0.28 0.04
  253 S     2  -1  -1  -1  -2  -1   1  -1  -2  -2  -3  -1  -2  -3   3   3   2  -3  -2  -2   22   0   0   0   0   0   9   0   0   0   0   0   0   0  17  39  13   0   0   0  0.42 0.06
  254 K     0   3   1  -1  -3   0   0  -2  -1  -3  -3   3  -2  -3   2   0   1  -3  -2  -2    9  29  10   0   0   0   0   0   0   0   0  26   0   0  13   0  13   0   0   0  0.39 0.05
  255 E     2   0  -1   0  -2   1   4  -1  -1  -3  -3   2  -2  -3  -1   1  -1  -3  -2  -2   26   0   0   0   0   0  48   0   0   0   0  13   0   0   0  13   0   0   0   0  0.43 0.07
  256 T     1   1   0  -1  -1  -1  -1  -1   2  -2  -2   0  -1  -3  -1   2   3  -3  -2  -1   18   9   0   0   0   0   0   0   8   0   0   0   0   0   0  26  39   0   0   0  0.33 0.06
  257 D    -2   2   0   5  -3   1   1  -2  -1  -3  -3   0  -3  -4  -2   0   1  -4  -3  -3    0  18   0  61   0   8   0   0   0   0   0   0   0   0   0   0  13   0   0   0  0.66 0.08
  258 T    -1  -2  -1  -2  -2  -1  -2  -2  -2  -1  -2  -1  -1  -3  -2   1   6  -3  -2  -1    0   0   0   0   0   0   0   0   0   0   0   0   0   0   0   0 100   0   0   0  0.86 0.14
  259 V     0   1  -2  -2  -2  -1  -1  -2  -2   1   0   2   2  -2  -2  -1   1  -3  -2   2    8   8   0   0   0   0   0   0   0   7   0  22  13   0   0   0   9   0   0  31  0.14 0.04
  260 V    -1   1  -3  -3  -2  -1  -2  -3  -2   2   2  -1   4   1  -3  -2  -1  -2  -1   2    0  13   0   0   0   0   0   0   0   6  18   0  26   9   0   0   0   0   0  29  0.25 0.05
  261 T     0  -2  -1  -2  -1  -1  -1  -2  -2  -1  -2  -1  -1  -3  -2   2   5  -3  -2   1    0   0   0   0   0   0   0   0   0   0   0   0   0   0   0  13  75   0   0  13  0.55 0.10
  262 K     1   1   2   1  -2   0   0  -1  -1  -2  -2   1  -1  -3  -2   1   1  -3  -2   0   23  13  20   7   0   0   0   0   0   0   0  11   0   0   0   8  10   0   0   8  0.19 0.03
  263 A     3  -2  -2  -2  -1  -1  -2  -1  -2   1   0  -1   0  -2  -2   1   1  -3  -2   1   42   0   0   0   0   0   0   0   0  13  10   0   0   0   0  13   8   0   0  15  0.20 0.04
  264 F    -2  -3  -4  -4  -2  -3  -4  -4  -3   4   2  -3   2   4  -3  -3  -2  -1   0   1    0   0   0   0   0   0   0   0   0  51  13   0   8  28   0   0   0   0   0   0  0.44 0.07
  265 S     0  -1   0  -1  -1  -1  -1  -1  -2  -3  -3  -1  -2  -3  -1   5   3  -3  -2  -2    0   0   0   0   0   0   0   0   0   0   0   0   0   0   0  80  20   0   0   0  0.62 0.11
  266 G     0  -3  -1  -2  -3  -2  -3   6  -3  -4  -4  -2  -3  -4  -3  -1  -2  -3  -4  -4    0   0   0   0   0   0   0 100   0   0   0   0   0   0   0   0   0   0   0   0  1.35 0.12
  267 K    -2   5  -1  -2  -4   1   0  -2  -1  -3  -3   5  -2  -4  -2  -1  -1  -3  -2  -3    0  39   0   0   0   0   0   0   0   0   0  61   0   0   0   0   0   0   0   0  0.75 0.10
  268 L    -1  -2   1  -1  -3  -1   1  -2  -2  -2   1  -1  -1  -2   5   1  -1  -3  -2  -2    0   0  13   0   0   0  10   0   0   0  21   0   0   0  41  16   0   0   0   0  0.63 0.06
  269 A     5  -2  -2  -3  -1  -1  -2  -1  -2  -1   0  -1  -1  -2  -2   0  -1  -3  -2  -1   87   0   0   0   0   0   0   0   0   0  13   0   0   0   0   0   0   0   0   0  0.51 0.10
  270 R    -2   7  -1  -2  -4   0  -1  -3  -1  -4  -3   2  -2  -4  -3  -1  -2  -3  -2  -3    0 100   0   0   0   0   0   0   0   0   0   0   0   0   0   0   0   0   0   0  1.17 0.13
  271 G     0  -2  -1  -2  -2  -2  -2   4  -2  -2  -2  -2   2  -3  -2   1   2  -3  -3  -2    0   0   0   0   0   0   0  52   0   0   0   0  13   0   0   9  26   0   0   0  0.51 0.07
  272 I    -2  -3  -4  -4  -2  -3  -3  -4  -3   4   2  -3   3   0  -3  -3  -1  -3  -2   2    0   0   0   0   0   0   0   0   0  61  21   0  18   0   0   0   0   0   0   0  0.50 0.08
  273 N     1   1   2  -1  -2   0   0  -1  -1  -1  -2   0  -1  -3   1   2   0  -3  -2   1    9  13  19   0   0   0   7   0   0   0   0   0   0   0   8  26   0   0   0  18  0.19 0.04
  274 N    -1  -1   6   0  -2  -1  -1  -1  -1  -3  -3  -1  -2  -3  -2   0   3  -4  -3  -2    0   0  62   0   0   0   0   0   0   0   0   0   0   0   0   0  38   0   0   0  0.70 0.11
  275 R     1   3  -1  -1  -3   0   1  -2  -1  -3  -3   1  -2  -3   4   1  -1  -3  -2  -2   13  28   0   0   0   0  15   0   0   0   0  10   0   0  26   9   0   0   0   0  0.52 0.05
  276 F    -3  -3   0  -3  -3  -3  -3  -3  -2  -1   0  -3   2   6  -4  -3  -2   7   2  -2    0   0   8   0   0   0   0   0   0   0   0   0   8  61   0   0   0  22   0   0  0.92 0.10
  277 I    -1  -2  -2  -3  -2  -2  -3  -3  -2   3   1  -2   2   2  -3  -1   2  -1   2   1    0   0   0   0   0   0   0   0   0  31  13   0  10   8   0   0  22   0   8   7  0.23 0.04
  278 E     0   1  -1   2  -3   1   3  -2   2  -1  -2   0  -2   0  -2  -1  -1  -3  -1  -2    9  13   0  13   0   0  41   0   7   8   0   0   0   8   0   0   0   0   0   0  0.28 0.05
  279 E    -1   0   0   4  -3   1   3  -2  -1  -2  -1   2  -2  -3  -2   0   0  -3  -3  -2    0   0   0  30   0   0  33   0   0   0   9  20   0   0   0   0   7   0   0   0  0.42 0.06
  280 M     0  -2   0  -3  -2  -2  -2   0  -2   0   2  -2   4  -1  -3  -1  -1   5  -1   1    8   0  10   0   0   0   0   9   0   0  21   0  26   0   0   0   0  13   0  13  0.25 0.05
  281 S     2  -1   1   2  -2   0   2  -1   3  -3  -3   1  -2  -3  -1   1  -1  -3  -1  -2   30   0   7  13   0   0  18   0  13   0   0   7   0   0   0  11   0   0   0   0  0.28 0.04
  282 Q    -1   2   2   1  -3   4   2  -2   0  -3  -3   1  -2  -4   1   0   0  -3  -2  -3    0  13  13   9   0  41   7   0   0   0   0   0   0   0   8   0   8   0   0   0  0.45 0.06
  283 Y    -1  -2   1  -2  -3  -2  -2   0   0  -2  -2  -2  -2   3   4   0  -1   0   4  -2    0   0   8   0   0   0   0   8   0   0   0   0   0  22  22  13   0   0  26   0  0.45 0.06
  284 E     0  -1   0   3  -2   2   3  -2  -1  -2  -2   0  -2  -3  -2   2   0  -3  -2  -1    8   0   0  20   0  13  28   0   0   0   0   0   0   0   0  23   0   0   0   8  0.34 0.05
  285 G     1  -2  -1   1  -2  -1   1   2  -2  -3  -3  -1  -2  -3   4   1   1  -3  -3  -2   13   0   0   7   0   0  13  19   0   0   0   0   0   0  26  13  10   0   0   0  0.47 0.04
  286 D     0  -1   1   2  -3   2   3  -2  -1  -3  -3   0  -2  -3   4   1  -1  -3  -3  -2    8   0   7  11   0  10  29   0   0   0   0   0   0   0  21  13   0   0   0   0  0.49 0.05
  287 I    -2  -3  -2   1  -2  -2  -2  -3  -3   3   2  -2   1  -1   1  -2   0  -3  -2   1    0   0   0  13   0   0   0   0   0  39  29   0   0   0   9   0  10   0   0   0  0.24 0.05
  288 P     0  -3  -3  -2  -3  -2  -2  -3  -3  -2   1  -2  -1  -3   7  -1  -2  -4  -3  -2    9   0   0   0   0   0   0   0   0   0  22   0   0   0  68   0   0   0   0   0  1.30 0.10
  289 D    -1  -2   0   5  -3  -1   0   1  -2  -3  -4  -1  -3  -4   4  -1   0  -4  -3  -3    0   0   0  48   0   0   0  13   0   0   0   0   0   0  30   0   9   0   0   0  0.78 0.08
  290 Y    -2  -2  -3  -4  -3  -2  -3  -4   1  -2  -1  -3   2   2  -4  -2  -2   1   8  -2    0   0   0   0   0   0   0   0   0   0   0   0  13   0   0   0   0   0  87   0  1.18 0.14
  291 P    -1  -3  -2  -2  -4  -2  -2   1  -3  -4  -4  -2  -3  -4   8  -1  -2  -4  -4  -3    0   0   0   0   0   0   0  13   0   0   0   0   0   0  87   0   0   0   0   0  1.93 0.13
  292 I    -2  -3  -3  -4  -2  -3  -3  -4  -1   3   2  -3   1   2  -3  -3  -1  -1   4   2    0   0   0   0   0   0   0   0   0  36  26   0   0   8   0   0   0   0  22   7  0.37 0.06
  293 Q     1  -1  -1  -2  -2   4   0  -2  -1  -1  -1   0   2  -3   2  -1  -1  -3  -2   0   18   0   0   0   0  48   0   0   0   0   0   0  13   0  13   0   0   0   0   8  0.40 0.08
  294 N    -2  -2   4  -1  -3  -1  -2  -2   1  -3  -2  -1  -2   1  -3   1  -1   0   6  -2    0   0  36   0   0   0   0   0   0   0   0   0   0   0   0  13   0   0  52   0  0.65 0.10
  295 E     1  -1   0   4  -3   2   2  -1  -1  -3  -3   0  -2  -3  -2   1   1  -3  -3  -2   13   0   0  39   0  15  11   0   0   0   0   0   0   0   0  13  10   0   0   0  0.43 0.05
  296 L     3  -2  -2  -3  -1  -2  -2  -2  -2   0   3  -2   1  -1  -2   1  -1  -3  -2   0   39   0   0   0   0   0   0   0   0   0  48   0   0   0   0  13   0   0   0   0  0.26 0.06
  297 T    -1  -2   1  -2  -2  -2  -2   0  -2  -1  -1  -2  -1   3  -2   0   3  -2   0   1    0   0   8   0   0   0   0   9   0   0   0   0   0  26   0   0  44   0   0  13  0.26 0.07
  298 S    -1   1   2  -1  -3   0   0  -1  -1  -3  -3   4  -2  -3  -2   2   0  -4  -2  -3    0   0  15   0   0   0   0   0   0   0   0  61   0   0   0  24   0   0   0   0  0.50 0.08
  299 S     3   1  -1  -1  -1   2   0  -1  -1  -2  -2   0  -1  -3  -1   3   0  -3  -2  -1   43  13   0   0   0  13   0   0   0   0   0   0   0   0   0  32   0   0   0   0  0.35 0.06
  300 I    -2  -3  -4  -4  -2  -2  -3  -4  -3   3   3  -3   3   0  -3  -3  -1  -2  -2   2    0   0   0   0   0   0   0   0   0  31  46   0  10   0   0   0   0   0   0  13  0.43 0.06
  301 R     0   4   4  -1  -3   2   0  -2   0  -3  -3   1  -2  -3  -2   0  -1  -3  -2  -3   13  48  30   0   0   8   0   0   0   0   0   0   0   0   0   0   0   0   0   0  0.52 0.08
  302 K     1   1   2  -1  -3   3   0  -1  -1  -3  -3   3  -1  -3  -2   0   1  -3  -2  -2   18   0  13   0   0  22   0   0   0   0   0  39   0   0   0   0   8   0   0   0  0.35 0.06
  303 A     3   0  -1   2  -2   0   1  -1  -2  -2  -2   2  -2  -3  -1   0   1  -3  -2  -1   50   0   0  13   0   0   7   0   0   0   0  22   0   0   0   0   7   0   0   0  0.29 0.06
  304 A     5  -2  -2  -2  -1  -1  -2  -1  -1  -2  -2  -1  -1  -1  -2   0  -1  -2   2  -1   87   0   0   0   0   0   0   0   0   0   0   0   0   0   0   0   0   0  13   0  0.55 0.10
  305 A     2  -1  -1  -2  -2  -1  -1   1  -2  -2  -1   2  -1  -3   2   1  -1  -3  -2  -1   34   0   0   0   0   0   0  13   0   0   8  23   0   0  13  10   0   0   0   0  0.26 0.04
  306 N     1  -1   3   0  -2   3   2  -1   0  -2  -1   0  -1  -3  -2   1  -1  -3  -2  -2   18   0  27   0   0  26  13   0   0   0  10   0   0   0   0   7   0   0   0   0  0.29 0.05
  307 I    -1   1  -1  -1  -2   1   0  -2  -1   0   0   2   0  -2   2   1   0  -3  -2  -1    0   8   0   0   0  10   0   0   0  11  13  25   0   0  13  13   7   0   0   0  0.19 0.03
  308 G     2  -2   1  -1  -2  -2  -2   5  -2  -4  -4  -2  -3  -3  -2   0  -1  -3  -3  -3   21   0  10   0   0   0   0  69   0   0   0   0   0   0   0   0   0   0   0   0  0.81 0.08
  309 D     0   0   5   2  -3   0   1  -1   2  -3  -3   1  -2  -3  -2   0  -1  -4  -2  -3   13   0  46  11   0   0   9   0   7   0   0  13   0   0   0   0   0   0   0   0  0.45 0.06
  310 K     0   2  -1  -1  -2   0  -1  -2   4  -2  -2   1  -1   1   2   0   0  -2   0  -2    8  21   1   1   0   1   1   1  18   1   1  12   0  10  14   1   9   0   0   1  0.25 0.03
  311 E    -1  -1   0   3  -3   3   3   1  -1  -3  -3   0  -2  -3  -1   0  -1  -3  -2  -3    1   1   1  27   0  21  32  10   0   1   1   1   0   0   1   1   1   0   0   1  0.45 0.05
  312 L    -2  -2  -2  -3  -2   1  -2  -3  -1  -1   1  -2   0   3  -2  -2  -2   6   4  -1    1   1   1   1   0  10   1   1   0   1  25   1   0  17   1   1   1  15  23   1  0.42 0.05
  313 T     2  -1  -1  -1  -1  -1  -1   1  -2   0  -1  -1   1  -2  -1   1   2  -2  -2   0   30   1   1   1   0   1   1  10   0   6   1   1  10   0   1  14  21   0   0   1  0.17 0.03
  314 H     2  -1  -1  -1  -1  -1  -1  -1   5  -1  -2  -1  -1  -2  -1   1   1  -2   0   0   32   1   1   1   0   1   1   1  26   1   1   1   0   0   1  10  13   0   0   9  0.24 0.05
  315 M    -2  -1  -2  -3  -2   2  -1  -3   2   1   1  -1   3   2  -3  -2  -1  -1   3   0    0   0   0   0   0  17   0   0   9  13  17   0  19  13   0   0   0   0  13   0  0.22 0.05
  316 W    -3  -3  -4  -5  -3  -3  -4  -4  -3  -1   2  -4  -1   3  -4  -3  -3  10   1  -2    0   0   0   0   0   0   0   0   0   0  26   0   0  13   0   0   0  62   0   0  1.65 0.13
  317 S     4  -2  -1  -2  -1  -1  -1  -1  -2  -1  -2  -1  -1  -3  -1   2   0  -3  -2   1   61   0   0   0   0   0   0   0   0   0   0   0   0   0   0  26   0   0   0  13  0.39 0.07
  318 G     0  -3  -1  -2  -3  -2  -3   6  -3  -4  -4  -2  -3  -4  -3  -1  -2  -3  -4  -4    0   0   0   0   0   0   0 100   0   0   0   0   0   0   0   0   0   0   0   0  1.35 0.12
  319 Q    -1   0  -1  -1  -3   6   1  -2   0  -3  -3   1  -1  -4  -2   1  -1  -3  -2  -3    0   0   0   0   0  87   0   0   0   0   0   0   0   0   0  13   0   0   0   0  0.91 0.13
  320 S     1  -2   2  -1  -2  -1  -1   4  -2  -2  -2  -1  -2  -3  -2   2   0  -3  -3   0    9   0  13   0   0   0   0  39   0   0   0   0   0   0   0  26   0   0   0  13  0.37 0.05
  321 P     2  -2  -3  -3  -2  -2  -2  -2  -1   1  -1  -2  -1   2   4  -1  -1  -1   2   1   26   0   0   0   0   0   0   0   0  10   0   0   0  13  26   0   0   0  13  13  0.38 0.05
  322 R     1   4  -1  -2  -3   2   0  -2   3  -3  -3   1  -2  -3   1   1  -1  -3  -1  -2   18  36   0   0   0  13   0   0  13   0   0   0   0   0   8  13   0   0   0   0  0.37 0.06
  323 L    -1  -2  -2  -3  -2  -2  -2  -3  -2   1   4  -2   1   0  -2   0  -1   5  -1   0    1   1   1   1   0   1   1   1   0   1  66   1   0   0   1  10   1  13   0   1  0.40 0.06
  324 A     3  -1  -1   1  -2   2   0  -1  -2  -1   0   1  -1  -2  -2   0  -1  -3  -2   0   45   0   0  13   0  13   0   0   0   0  10  13   0   0   0   0   0   0   0   7  0.18 0.05
  325 T    -1   4   0   2  -2   1   0  -2  -1  -3  -2   1  -2  -3  -2   1   2  -3  -2  -2    0  39   0  13   0   7   0   0   0   0   0   0   0   0   0  13  28   0   0   0  0.39 0.06
  326 T     0  -1   0  -1  -2   0   2   1   2  -1  -2  -1  -1  -3  -2   2   2  -3  -2   0    0   0   0   0   0   0  18  13   7   0   0   0   0   0   0  25  24   0   0  13  0.22 0.05
  327 H    -2   3  -2  -3  -2   1  -1  -3   3   2   1   0   3  -1  -3  -2  -1  -3  -1   0    0  26   0   0   0   7   0   0  11  22  18   0  16   0   0   0   0   0   0   0  0.21 0.05
  328 P     0  -2  -1  -1  -2  -1  -1  -2   2  -3  -3  -1  -2  -3   5   3   2  -4  -2  -2    0   0   0   0   0   0   0   0   7   0   0   0   0   0  37  43  13   0   0   0  0.75 0.08
  329 A     4  -2  -2  -2  -1  -1  -1  -1  -2   0  -1  -1  -1  -2  -2   1   2  -3  -2   1   57   0   0   0   0   0   0   0   0   0   0   0   0   0   0   0  26   0   0  17  0.35 0.07
  330 N     1   2   2   2  -2   0   1  -1  -1  -3  -3   1  -2  -3  -2   0  -1   4  -2  -2   26  13  19  13   0   0  13   0   0   0   0  10   0   0   0   0   0   7   0   0  0.28 0.04
  331 T     1   0   0   0  -2   3   3  -2  -1  -3  -3   2  -2  -3  -1   1   1  -3  -2  -2   16   0   0   0   0  17  31   0   0   0   0  13   0   0   0  13  11   0   0   0  0.35 0.05
  332 I    -1  -2  -3  -3  -2  -2  -2  -4  -3   3   3   0   1   0  -3  -2  -1  -3  -2   2    0   0   0   0   0   0   0   0   0  24  50  13   0   0   0   0   0   0   0  13  0.32 0.05
  333 M    -1  -3  -3  -4  -2  -2  -3  -4  -3   3   2  -3   3   2  -3  -2  -1  -2   0   3    0   0   0   0   0   0   0   0   0  20  18   0  19  13   0   0   0   0   0  30  0.34 0.05
  334 S     0   1   2   1  -2   0   2  -1  -1  -2   0   0  -1  -2  -2   2   0  -3  -2  -2    9   8  18   7   0   0  20   0   0   0  13   0   0   0   0  24   0   0   0   0  0.21 0.04
  335 N    -1   1   2   2  -2   2   0  -2  -1   0   0   0  -1  -2  -2   0   2  -3  -2  -1    0   7  19  13   0  19   0   0   0  13   8   0   0   0   0   0  21   0   0   0  0.18 0.04
  336 I    -2  -2  -3  -4  -2  -2  -3  -4  -3   2   4  -3   4   0  -3  -3  -1  -2  -1   1    0   0   0   0   0   0   0   0   0  11  56   0  25   0   0   0   0   0   0   7  0.48 0.07
  337 I     0  -3  -2  -2   3  -2   0   1  -3   2   0  -2   0  -2  -2  -1  -1  -3  -2   3    8   0   0   0  10   0   9  13   0  11   0   0   0   0   0   0   0   0   0  49  0.20 0.05
  338 N     1   1   1   0  -3   3   3  -2   0  -3  -3   1  -2  -3  -2   0  -1  -3  -2  -2   21   9  11   0   0  23  28   0   0   0   0   7   0   0   0   0   0   0   0   0  0.37 0.05
  339 Q    -1   2   0   2  -4   4   4  -2   0  -4  -3   1  -2  -4  -2  -1  -1  -3  -2  -3    0  13   0  13   0  26  48   0   0   0   0   0   0   0   0   0   0   0   0   0  0.64 0.08
  340 I     0  -2  -2   0  -2  -2  -2  -3  -2   2   2  -2   2   2  -3  -2  -1  -2   0   1    8   0   0  11   0   0   0   0   0  13  36   0   9  14   0   0   0   0   0   8  0.19 0.03

                      K         Lambda
PSI Ungapped         0.1312     0.3176
PSI Gapped           0.0402     0.2670
