
Last position-specific scoring matrix computed, weighted observed percentages rounded down, information per position, and relative weight of gapless real matches to pseudocounts
            A   R   N   D   C   Q   E   G   H   I   L   K   M   F   P   S   T   W   Y   V   A   R   N   D   C   Q   E   G   H   I   L   K   M   F   P   S   T   W   Y   V
    1 M    -4  -5  -6  -6  -5  -4  -5  -6  -5  -2  -1  -5  11  -3  -6  -5  -4  -5  -4  -2    0   0   0   0   0   0   0   0   0   0   0   0 100   0   0   0   0   0   0   0  3.00 0.67
    2 S     1   0   2   0  -1   0  -1  -1   1  -1  -2   0  -2  -3   1   3   1  -4  -1  -2   11   5  11   3   1   3   2   1   4   4   2   6   0   0   7  30   8   0   1   0  0.25 0.13
    3 I    -2  -4  -5  -5  -4  -4  -5  -5  -2   1   4  -4   1   6  -5  -4  -3  -2   0  -1    2   0   0   0   0   0   0   0   1   7  43   0   2  43   0   0   0   0   0   0  1.00 0.29
    4 R     0  -2  -3  -4   3   0  -3  -4  -3   2   4  -3   2  -1  -3  -1   1  -3  -2   0    6   2   0   0   6   5   0   0   0  10  46   0   6   1   0   5   8   0   0   5  0.38 0.17
    5 Q    -1   1  -1   1  -4   3   2  -2   1  -4  -3   3  -2  -4  -3   1   0  -4  -1  -3    4   4   1   9   0  19  11   1   3   0   2  27   0   0   0  10   7   0   2   0  0.42 0.18
    6 R    -1   4   0  -1   2   0  -1  -2   0  -2   0   2  -2  -3  -3   0   1  -1  -3  -2    5  31   4   2   5   4   0   1   2   0  13  17   0   0   0   4  10   1   0   2  0.33 0.16
    7 L    -3  -4  -5  -6  -4  -4  -5  -6  -5   1   5  -5   0   4  -5  -5  -3  -3  -2  -1    1   0   0   0   0   0   0   0   0   5  74   0   0  20   0   0   0   0   0   0  1.17 0.33
    8 A    -1  -1   3   1  -4   0  -1   5  -3  -5  -5   0  -4  -5  -4   0  -2  -5  -4  -4    3   3  14   7   0   4   3  56   0   0   0   4   0   0   0   4   2   0   0   0  0.87 0.25
    9 I    -3  -4  -5  -5  -3  -4  -5  -5  -5   5   4  -4   1  -2  -5  -4  -2  -4  -3   3    0   0   0   0   0   0   0   0   0  40  39   0   2   0   0   0   0   0   0  19  0.92 0.27
   10 D    -1   4  -2   1  -4   2   2  -3  -2  -3  -4   4  -3  -4  -1   0  -1  -4  -3  -2    4  22   0   8   0  10  12   0   0   1   0  33   0   0   2   4   3   0   0   2  0.56 0.20
   11 H    -3  -3  -4  -5  -4  -3  -4  -5   5   0   0  -2  -2   2  -5  -3  -2   4   7   1    1   0   0   0   0   0   0   0  16   4  11   1   0   6   0   0   2   5  44  11  0.96 0.30
   12 P    -4  -5  -5  -5  -6  -4  -4  -5  -5  -6  -6  -4  -6  -7   9  -4  -4  -7  -6  -5    0   0   0   0   0   0   0   0   0   0   0   0   0   0 100   0   0   0   0   0  3.11 0.60
   13 I    -4  -5  -6  -6  -4  -5  -6  -6  -6   7   1  -5  -1  -2  -5  -5  -3  -5  -4   1    0   0   0   0   0   0   0   0   0  88   8   0   0   0   0   0   0   0   0   4  1.65 0.42
   14 I    -3  -5  -5  -5  -3  -5  -5  -6  -5   6   1  -5   2   3  -5  -4  -3  -4  -2   2    0   0   0   0   0   0   0   0   0  66   8   0   4  13   0   0   0   0   0  10  1.12 0.32
   15 Q    -4  -2  -3  -3  -6   8  -1  -5  -3  -5   0  -2  -3  -5  -4  -3  -4  -5  -4  -3    0   0   0   0   0  87   0   0   0   0  12   0   0   0   0   0   0   0   0   1  1.92 0.53
   16 A     6  -4  -3  -4  -3  -3  -3  -2  -4  -4  -4  -3  -3  -5  -3   2  -2  -5  -4  -3   85   0   0   0   0   0   0   0   0   0   0   0   0   0   0  15   0   0   0   0  1.37 0.42
   17 P    -4  -5  -5  -5  -6  -4  -4  -5  -5  -6  -6  -4  -6  -7   9  -4  -4  -7  -6  -5    0   0   0   0   0   0   0   0   0   0   0   0   0   0 100   0   0   0   0   0  3.11 0.60
   18 M    -4  -5  -6  -7  -5  -4  -5  -6  -5  -2  -1  -5  11  -3  -6  -5  -4  -5  -4  -3    0   0   0   0   0   0   0   0   0   0   0   0 100   0   0   0   0   0   0   0  3.08 0.72
   19 V     7  -4  -4  -4  -3  -3  -4  -2  -4  -4  -4  -3  -3  -5  -3  -1  -1  -5  -4  -1   95   0   0   0   0   0   0   0   0   0   0   0   0   0   0   0   2   0   0   3  1.60 0.48
   20 G    -2  -5  -1  -4  -5  -4  -5   7  -5  -6  -6  -4  -5  -6  -5  -1  -4  -5  -6  -6    0   0   3   0   0   0   0  92   0   0   0   0   0   0   0   5   0   0   0   0  1.98 0.47
   21 V     2  -4  -4  -5  -3  -4  -4  -4  -5   3  -1  -4  -1  -3  -4  -2   0  -5  -3   6   15   0   0   0   0   0   0   0   0  12   1   0   0   0   0   2   7   0   0  63  0.90 0.32
   22 S     1  -3  -2  -3   0  -3  -3  -2  -4  -4  -3  -3  -4  -5  -3   6   2  -5  -4  -4    8   0   0   0   2   0   0   1   0   0   2   0   0   0   0  77  11   0   0   0  1.22 0.42
   23 T    -2  -4  -1  -2  -4  -3  -3  -2  -4  -4  -4  -3  -3  -5  -2   2   7  -5  -4  -3    0   0   1   2   0   0   0   2   0   0   0   0   0   0   2  12  81   0   0   0  1.47 0.47
   24 P    -2  -5  -5  -4  -4  -4  -4  -5  -5   2  -1  -4  -3  -4   7  -2  -3  -6  -5   2    2   0   0   0   0   0   0   0   0  15   5   0   0   0  62   2   0   0   0  14  1.57 0.40
   25 A     2   0  -2   1  -4   2   5  -2  -2  -4  -3   1  -3  -5  -3   0  -2  -4  -4  -3   18   3   0   6   0   8  45   2   0   0   3  10   0   0   0   5   1   0   0   0  0.62 0.25
   26 L    -4  -4  -5  -6  -4  -4  -5  -6  -5   0   5  -4   7  -1  -5  -4  -3  -4  -3   0    0   0   0   0   0   0   0   0   0   2  59   0  35   2   0   0   0   0   0   3  1.32 0.39
   27 A     6  -4  -4  -4  -3  -3  -3  -2  -4  -2  -4  -3  -3  -5  -3   0  -2  -5  -4  -1   90   0   0   0   0   0   0   0   0   1   0   0   0   0   0   4   0   0   0   4  1.45 0.45
   28 A     6  -3  -3  -4  -3  -3  -3  -2  -4  -3  -1  -2  -3  -2  -3   2  -1  -5  -4  -2   71   0   0   0   0   0   0   0   0   1   5   1   0   1   0  19   2   0   0   0  0.99 0.36
   29 A     5  -2  -2  -1  -3   0   2  -2  -3  -2  -3   0  -3  -4  -3   0   1  -4  -4  -1   54   0   1   2   0   3  14   0   0   2   0   6   0   0   0   6   9   0   0   2  0.57 0.26
   30 V    -1  -5  -5  -6  -3  -5  -5  -5  -6   3  -1  -5  -2  -3  -5  -4  -2  -5  -4   7    5   0   0   0   0   0   0   0   0  12   0   0   0   0   0   0   0   0   0  83  1.42 0.42
   31 S     1  -3  -1  -3   4  -3  -3  -3  -1  -3  -4  -3  -3  -4  -3   5   4  -5  -2  -2    8   0   1   0  10   0   0   0   2   0   0   0   0   0   0  48  27   0   2   2  0.83 0.33
   32 N    -1   2   6  -1  -5  -2   1  -2  -2  -2  -3   1  -2  -5  -4  -1  -2  -5  -4  -4    5  11  56   1   0   0   9   1   0   2   2  10   1   0   0   2   0   0   0   0  0.92 0.32
   33 A     5  -2   2  -3  -3   0  -2  -1   0  -2  -1  -2  -2  -2  -3   1  -2  -4  -1  -2   54   1  11   0   0   5   0   2   3   2   6   1   0   2   0  11   0   0   1   0  0.52 0.25
   34 G    -2  -5  -2  -4  -2  -5  -5   7  -5  -7  -6  -4  -5  -6  -5  -3  -4  -5  -6  -6    0   0   1   0   1   0   0  98   0   0   0   0   0   0   0   0   0   0   0   0  2.19 0.50
   35 G     3  -4  -3  -4  -4  -4  -4   6  -4  -5  -5  -4  -5  -5  -4  -2  -3  -5  -5  -4   26   0   0   0   0   0   0  74   0   0   0   0   0   0   0   0   0   0   0   0  1.57 0.41
   36 L    -4  -5  -6  -6  -4  -4  -5  -6  -5   2   6  -5   2  -2  -5  -5  -3  -4  -3  -1    0   0   0   0   0   0   0   0   0  10  84   0   4   0   0   0   0   0   0   1  1.32 0.38
   37 G     0  -5  -3  -4  -5  -4  -5   7  -5  -6  -6  -4  -5  -6  -5  -3  -4  -5  -6  -6    6   0   0   0   0   0   0  94   0   0   0   0   0   0   0   0   0   0   0   0  2.06 0.48
   38 S     1  -4  -2  -3  -4  -3  -3  -3  -4  -5  -5  -3  -4  -5  -4   7  -1  -6  -5  -4    8   0   0   0   0   0   0   0   0   0   0   0   0   0   0  92   0   0   0   0  1.66 0.52
   39 V    -4  -5  -6  -6  -3  -5  -5  -6  -5   5   5  -5   0  -2  -5  -5  -3  -4  -3   0    0   0   0   0   0   0   0   0   0  37  60   0   1   0   0   0   0   0   0   2  1.16 0.34
   40 G     1  -4  -3  -4  -4  -4  -4   5  -4  -5  -5  -3  -4  -5   6   0  -3  -5  -5  -4   12   0   0   0   0   0   0  42   0   0   0   0   0   0  41   5   0   0   0   0  1.33 0.36
   41 L    -3  -4  -5  -5   0  -4  -5  -5  -5   3   5  -4   3   1  -5  -4  -3  -4  -2   2    0   0   0   0   2   0   0   0   0  13  58   0   6   5   0   0   0   0   0  15  0.84 0.27
   42 G     2  -4  -2  -3  -1  -3  -3   5  -4  -5  -5  -3  -4  -5  -4   3  -2  -5  -5  -4   16   0   0   0   1   0   0  56   0   0   0   0   0   0   0  27   0   0   0   0  1.12 0.34
   43 A     4  -3  -2  -3  -3  -2  -2   0   4  -4  -4  -2  -3  -3   1   2   0  -4   1  -3   45   0   0   0   0   0   0   7  14   0   0   0   0   0   7  19   4   0   5   0  0.64 0.27
   44 S     0  -3  -2  -3   1  -2  -3  -3   2   3   1  -3   2   0  -3   2  -1  -3  -1   1    8   0   1   0   3   0   0   0   6  20  13   0   7   4   0  24   1   0   1  11  0.25 0.16
   45 T    -2  -2   3   5  -4  -2  -1  -2  -3  -4  -3   1  -4  -5  -2   3   2  -5  -4  -4    2   1  13  39   0   0   0   1   0   0   2   8   0   0   1  22  12   0   0   0  0.73 0.27
   46 P     0  -3  -2  -3  -3  -1  -1  -3  -1   0   2  -3  -1   4   1  -1  -2  -2   0   2   10   0   1   0   0   3   4   0   1   2  19   0   0  21   9   5   0   0   2  22  0.27 0.16
   47 A     1   2   1   2  -3   1   2  -1  -1  -3  -2   0  -2  -4  -2   0   2  -4  -3  -2   11  15   6  11   0   6  17   3   1   1   2   2   0   0   1   6  19   0   0   1  0.29 0.15
   48 Q     1   1   1   1  -3   4   0  -1  -2  -2  -3   2  -2  -4  -2   1   0  -4  -3  -2   10   4   8   6   0  28   4   3   0   3   1  18   0   0   0   9   3   0   0   2  0.36 0.17
   49 A     4  -4  -4  -4   0  -3  -3  -3  -4   3   2  -3   0   0  -3  -2  -2  -4  -1   1   43   0   0   0   2   0   0   0   0  17  22   0   1   3   0   0   0   0   1  10  0.51 0.23
   50 R    -3   5   0   2  -4   0   2  -1   0  -4  -2   1  -3   1  -3  -1  -2  -4  -3  -2    0  37   3  11   0   3  17   3   2   0   5   6   0   7   0   3   0   0   0   2  0.48 0.21
   51 E     1   1   0   0  -3   1   2  -2  -1  -3  -2   3  -2  -4   0   1   1  -4  -3  -2   11   4   3   5   0   7  15   1   1   1   3  24   0   0   5  13   8   0   0   1  0.28 0.14
   52 T     0  -2  -3   0  -3   3   0  -4   0   0   2   0   5  -2  -3  -2  -1  -4  -3  -2   10   0   0   5   0  20   6   0   2   5  21   4  24   0   0   2   2   0   0   0  0.40 0.22
   53 I    -3  -4  -5  -5  -3  -4  -5  -5  -4   6   2  -4   2  -2  -5  -4  -2   0   1   2    0   0   0   0   0   0   0   0   0  54  21   0   5   0   0   0   1   2   5  11  0.89 0.28
   54 A     1   0   1   0  -3   1   2  -1   1  -2   0   0  -2  -3  -2   2   0  -3  -2  -2   11   4   9   2   0   8  17   3   3   1  11   6   0   0   0  16   6   0   0   0  0.18 0.11
   55 Q     1   0   1   1  -4   3   3  -2   0  -3  -3   2  -3  -4  -2   0  -1  -4  -3  -2   11   3   6   6   0  17  28   2   2   0   0  15   0   0   0   3   3   0   0   3  0.42 0.18
   56 L    -1  -3  -2  -4  -1  -3  -3  -4  -3  -1   0  -3   0   5  -4  -2   3  -2   3   1    4   0   1   0   1   0   0   0   0   0   9   0   2  30   0   0  26   0  11  14  0.56 0.23
   57 R    -1   5   0  -1  -4   4  -1  -2   0  -2  -1   2   0  -4  -3  -1  -2  -4  -3  -3    4  33   3   3   0  27   1   2   1   3   6  12   2   0   0   1   2   0   0   0  0.60 0.24
   58 G     2   0   0   0  -3   2   2   1   0  -3  -3   1  -2  -3  -1   1  -1  -3  -2  -2   20   5   3   5   0   9  15   9   3   0   1   8   0   0   2  15   2   0   0   2  0.23 0.11
   59 L    -1   0  -3  -3   0   0  -2  -1   1  -1   4   0   2  -1  -3  -2  -2  -3  -2   0    6   7   0   1   2   4   2   6   4   1  50   6   5   1   1   2   1   0   0   3  0.29 0.15
   60 T     0  -2   0   1  -3  -1  -2  -1  -1  -2   0   0  -2  -3   0   1   5  -4  -1  -2    4   1   3   8   0   1   0   5   1   0   9   7   0   0   3   8  45   0   2   1  0.41 0.22
   61 D     1   1   2   3  -1  -1   1  -1   0  -3  -3   0  -3  -4   0   1   1  -4  -1  -2   11   8  14  20   1   1   8   4   1   0   0   5   0   0   4  11   9   0   2   2  0.28 0.13
   62 R     0   4   3  -2  -4   2  -1   1   2  -4  -3   2  -3  -4  -3   0   0  -4  -3  -3    9  25  16   0   0   9   0  12   5   0   2  12   0   0   0   4   5   0   0   0  0.42 0.18
   63 P     0  -2   3  -2  -1  -3  -3  -3  -3  -1  -2  -2  -3  -4   6   1   0  -5  -4   0    8   1  21   0   1   0   0   0   0   3   3   1   0   0  40   9   4   0   0   8  0.82 0.27
   64 F    -2  -4  -5  -5  -3  -4  -5  -5  -4   2   1  -4   1   5  -5  -4  -2  -3  -1   4    1   0   0   0   0   0   0   0   0  11   9   0   3  35   0   0   2   0   0  39  0.88 0.29
   65 N    -4  -3   8  -2  -6   0  -3  -3  -2  -6  -6  -3  -5  -6  -5  -2  -3  -7  -5  -6    0   0  94   0   0   5   0   0   0   0   0   0   0   0   0   1   0   0   0   0  2.30 0.57
   66 V    -2  -4  -5  -5   1  -4  -5  -5  -5   2   4  -4   0  -1  -5  -4  -2  -4  -3   4    2   0   0   0   3   0   0   0   0   9  43   0   0   2   0   0   0   0   0  42  0.84 0.28
   67 N    -5  -3   9  -2  -6  -3  -3  -3  -2  -6  -7  -3  -5  -6  -5  -2  -3  -7  -5  -6    0   0 100   0   0   0   0   0   0   0   0   0   0   0   0   0   0   0   0   0  2.56 0.61
   68 L    -4  -5  -6  -6  -4  -5  -5  -6  -4  -1   1  -5  -2   8  -6  -5  -4  -2   0   3    0   0   0   0   0   0   0   0   0   0  15   0   0  65   0   0   0   0   0  21  1.47 0.40
   69 F    -5  -6  -6  -7  -5  -6  -6  -6  -4  -3  -2  -6   1   9  -7  -5  -5  -2   0  -4    0   0   0   0   0   0   0   0   0   0   0   0   3  97   0   0   0   0   0   0  2.61 0.58
   70 C     0  -6  -5  -6  10  -5  -5  -5  -5  -4  -4  -5  -4  -5  -5  -1   1  -5  -2   0    7   0   0   0  71   0   0   0   0   0   0   0   0   0   0   4  10   0   1   6  2.20 0.51
   71 H    -5  -3  -3  -4  -6  -1  -3  -5  11  -6  -6  -4  -5   0  -5  -4  -5  -5   0  -6    0   0   0   0   0   2   0   0  92   0   0   0   0   4   0   0   0   0   2   0  2.99 0.65
   72 R     0   2  -1   3  -4   2   3  -3  -2  -4  -3   2  -3  -4   1  -1  -1  -4  -4  -3   10  10   1  22   0  10  22   0   0   0   2  13   0   0   6   2   2   0   0   0  0.49 0.19
   73 P    -2  -2  -1  -2  -4  -2   0  -4   0   2  -2   0  -2  -1   5  -2   0  -4  -1   0    1   1   3   2   0   1   8   0   3  17   2   6   0   3  36   1   7   0   3   6  0.60 0.21
   74 A     2  -3  -2  -2  -3  -2   1  -3  -3  -2  -2   0  -3  -1   5  -2  -2  -4   0   1   26   0   2   2   0   0  11   0   0   0   3   7   0   2  30   0   1   0   4  13  0.55 0.22
   75 Q    -1   2   2   0  -4   2   2  -3   2  -1  -2   1  -2  -4   1   0  -1  -4  -3  -1    3  16  15   2   0  13  13   0   5   5   2   9   0   0   6   7   1   0   0   3  0.30 0.14
   76 A     1   3  -1   0  -3   2   1  -2  -1  -1  -1   1  -2  -2   0   0   0  -4  -2  -1   15  18   2   6   0  11   9   0   1   4   6   8   0   1   4   6   3   0   0   4  0.18 0.10
   77 D    -2  -2   3   5  -5   0  -1  -2   2  -4  -3  -2  -4  -5   4  -2  -2  -5  -4  -2    1   1  16  37   0   5   1   1   6   0   2   1   0   0  23   1   1   0   0   4  0.82 0.27
   78 A     1  -1  -1   1  -3   0   0  -2   0  -2  -2  -1  -2  -4   4   1   2  -4  -3  -2   15   2   1  10   0   3   6   1   2   2   2   3   0   0  20  14  16   0   0   2  0.36 0.15
   79 A     1   0   0   1  -1   1   2  -1   1   0  -1   0  -1  -2  -1   0   0  -2  -1  -1   16   3   4  10   1   8  14   4   4   6   4   5   1   1   2   5   8   1   1   2  0.10 0.04
   80 C    -1   2  -1  -2  -1   4   1  -3   0   0  -1   2  -2  -3  -3  -1  -1  -4  -3   1    3  10   1   1   2  28  10   0   3   8   4  15   0   0   0   3   2   0   0  12  0.34 0.18
   81 E     0  -1   1   0  -4   1   4  -3   1   1  -2   0  -1  -3  -3  -1   0  -4  -3   1    6   1   8   4   0   4  35   0   4  12   2   6   2   0   0   0   6   0   0  10  0.31 0.17
   82 A     2   2   0   1  -3   3   2  -2  -1  -4  -3   1  -3  -4  -2   0   0  -4  -3  -3   21   9   5   9   0  17  18   1   1   0   1   8   0   0   0   7   3   0   0   0  0.39 0.17
   83 R     3   0   5   0  -4   0   1  -2  -2  -3  -4   1  -2  -4  -3  -1  -1  -5  -4  -3   27   5  38   3   0   3   9   1   0   1   0   9   1   0   0   2   2   0   0   0  0.61 0.25
   84 W    -6  -6  -7  -8  -6  -6  -7  -6  -6  -6  -5  -7  -5  -2  -7  -6  -6  13   2  -6    0   0   0   0   0   0   0   0   0   0   0   0   0   0   0   0   0  95   5   0  4.44 0.80
   85 L    -1  -1  -1  -4   1  -1  -3  -4   0   3   3   1   1   0  -3  -2  -2   0   1   1    4   2   3   0   3   1   0   0   2  20  34  13   3   3   0   1   1   1   5   5  0.26 0.15
   86 E     1   2   1   1  -4   3   2  -1  -1  -4  -4   3  -3  -4  -3   0  -1  -4  -3  -3   12  10   8   8   0  17  12   2   1   0   0  22   0   0   0   6   3   0   0   0  0.41 0.17
   87 H    -1   2  -3  -3  -2   1  -1  -3   3   0   3   0  -1   0  -3  -2  -2  -2   2  -1    4  14   0   0   1   6   3   1   9   4  37   7   0   3   0   1   1   0   8   1  0.27 0.16
   88 L    -3  -4  -5  -5  -4  -4  -5  -5  -2   1   3  -4   2   4  -5  -4  -3  -1   6   0    1   0   0   0   0   0   0   0   0   7  34   0   4  14   0   0   0   0  35   5  0.92 0.30
   89 R     1   2   0   0  -3   2   1   0   0  -3  -3   2  -2  -4  -2   2   0  -2  -3  -2   14  14   4   3   0  11   7   8   2   0   1  14   0   0   0  17   2   1   0   1  0.28 0.14
   90 P    -1   1   0  -1  -5  -1  -1  -3  -3  -4  -4   4  -4  -5   6  -1  -1  -5  -4  -3    3   7   4   3   0   2   3   1   0   0   0  28   0   0  40   4   3   0   0   1  0.93 0.28
   91 L     1  -2  -2  -1  -2   0   0  -2  -1   1   1  -1  -1   1  -3   0   0  -2   3   1   16   0   1   2   0   4   8   2   1   6  19   3   0   4   0   6   4   0  14  10  0.11 0.10
   92 F    -3  -3  -4  -5  -4  -4  -4  -5  -3   1   0  -4   1   6  -3   0  -1  -1   4   0    0   1   0   0   0   0   0   0   0   6   9   0   4  45   1  10   4   0  15   5  0.79 0.27
   93 T     2  -1   2   0  -3   0   2   1   1  -2  -2   1  -2  -2   0   1   0  -4  -2  -2   19   1  12   3   0   2  17   9   4   2   3   8   0   2   5   8   3   0   0   0  0.20 0.11
   94 E     0   2   0   0   0   2   2  -1  -1  -2  -2   2  -1  -2   0   0  -1  -2  -2  -1    7  16   4   3   2  11  17   5   1   2   3  13   1   1   4   4   2   0   1   3  0.20 0.06
   95 L    -1  -2  -1  -2  -2  -1  -1  -1   0  -1   0  -2   0   5   0  -1  -1   0   3  -1    6   2   3   2   1   3   4   5   1   2   8   2   2  31   4   2   3   0  14   5  0.27 0.09
   96 G    -1  -1   2   1  -2   0  -1   4   0  -2  -2   0  -2  -2  -1   0  -1  -2  -2  -2    3   2  14   9   1   4   3  38   3   2   3   6   1   1   2   3   2   0   1   2  0.37 0.10
   97 G     3   0  -1  -1  -1   0  -1   1  -2   1  -1  -1  -1  -2  -1   0   0  -2  -2   0   33   5   2   2   1   3   3   9   1  13   4   2   1   1   2   5   6   0   1   6  0.13 0.07
   98 E     1   0   0   0  -2   1   3  -1   0  -1  -1   1  -1  -2   0   0   0  -2  -1  -1   13   2   2   5   1   7  23   3   2   5   6   7   1   1   4   7   4   0   2   4  0.13 0.05
   99 P     1  -2  -2  -1  -2  -1  -1  -2  -2  -1  -1  -1  -1  -1   5   0  -1   1  -1   0   11   2   2   2   1   1   4   3   1   4   7   4   1   3  35   8   2   2   3   7  0.47 0.10
  100 P     0  -2  -2  -2  -2  -2  -2  -2  -2   0  -2   0  -2  -2   7  -1  -1  -2  -2  -1    6   2   2   2   1   1   2   2   1   7   3   5   1   1  52   2   4   0   1   4  0.96 0.17
  101 A     1   0   0   1  -2   1   1  -1  -1  -2  -2   1  -1  -2   1   1   1  -2  -1  -1   15   5   4   9   1   9   7   2   1   2   4  10   1   1   7  11   8   0   1   3  0.13 0.04
  102 A     1   1   0   0  -2   1   1   0   1  -2  -2   0  -1  -1  -1   1   1  -2  -1  -1   12   8   2   5   1   9  13   5   4   2   3   2   1   3   2  13  11   0   2   3  0.12 0.05
  103 L    -4  -4  -5  -6  -4  -4  -5  -6  -2   1   5  -5   2   5  -5  -4  -3  -3  -1  -1    0   0   0   0   0   0   0   0   1   5  62   0   4  27   0   0   0   0   0   0  1.07 0.32
  104 R     0   2   2   1  -3   1   1  -2   0  -2  -2   2  -2  -2  -2   1   2  -4  -2  -2    7  12  13   6   0   6   8   0   3   2   2  13   0   1   0  11  15   0   1   0  0.25 0.11
  105 E     0   1   4   1   2   0   4  -2  -2  -2  -2   0  -3  -4  -3  -1   0  -4  -3  -2    6   6  22   5   6   1  32   2   0   2   5   5   0   0   0   1   5   0   0   3  0.40 0.18
  106 I     0  -2  -3  -4  -3  -4  -4   2  -4   5   0  -3  -1  -3   1  -2   0  -4  -3   0    7   3   0   0   0   0   0  22   0  48   4   0   0   0   8   2   5   0   0   2  0.54 0.23
  107 Y    -4  -2   4  -3  -1  -3  -4  -1  -1  -4  -4  -3  -4   0  -5  -1  -2  -1   8  -1    0   2  24   0   1   0   0   4   0   0   0   0   0   2   0   4   1   0  57   4  1.31 0.38
  108 R    -1   1  -2  -1  -1   1   0  -3  -1   1  -1   1  -1  -3   3  -1   1  -4  -3   2    2   7   0   3   1   7   4   0   2  12   3   8   0   0  16   4  11   0   0  21  0.23 0.12
  109 S    -1  -3  -2  -3  -3  -3  -3  -3  -4  -5  -5  -1  -4  -5  -1   6   2  -5  -4  -4    0   0   0   0   0   0   0   0   0   0   0   2   0   0   3  82  13   0   0   0  1.37 0.43
  110 F    -5  -6  -6  -6  -5  -6  -6  -6   0  -1  -1  -6  -3   9  -6  -5  -5  -2   1  -3    0   0   0   0   0   0   0   0   2   3   2   0   0  90   0   0   0   0   1   1  2.24 0.48
  111 V    -1   0   1   0   0   0   4  -3  -1  -1   0   1  -1  -3  -3  -2  -2  -4  -2   0    5   3  10   4   2   2  38   0   1   3  14   8   1   0   0   0   1   0   1   8  0.32 0.16
  112 D     0   1   0   3  -3   0   2  -1   1  -3  -2   0   0  -3  -2   1   0  -4  -3  -2    9   8   3  22   0   4  12   4   4   0   3   5   3   0   0  13   6   0   0   3  0.24 0.10
  113 D    -1  -2   3   3   1  -1  -1  -3   0  -2   1  -2  -1   2  -3   0  -1  -3   1  -1    3   0  18  23   4   2   3   0   2   0  17   0   0  12   0   6   1   0   5   3  0.25 0.13
  114 P     0   0   1   2  -3   1   2  -2   2  -4  -3   0  -3  -4   3   1  -1  -4  -1  -3    6   5   5  16   0   8  15   2   6   0   1   3   0   0  13  15   2   0   2   1  0.35 0.13
  115 Q     1   0   0   3  -4   1   2  -2  -1  -4  -2   1  -3  -4   3   0  -1  -1  -3  -3   12   4   4  19   0   7  16   1   1   0   3   7   0   0  17   6   1   1   0   0  0.41 0.14
  116 M    -2  -2  -4  -5  -3  -1  -4  -5  -1  -1   3  -3   6   4  -4  -3  -1  -3   1   0    1   2   0   0   0   3   0   0   1   1  27   0  33  18   0   1   4   0   3   6  0.72 0.26
  117 L    -2  -4  -4  -5   0  -1  -4  -5  -2   2   4  -4   2   2  -4  -4  -2   0  -1   1    1   0   0   0   2   3   0   0   1  11  52   0   5  11   0   0   1   1   1  11  0.61 0.20
  118 E     1   0   0   3  -3   2   3  -1   0  -4  -3   0  -3  -4  -2   1   0  -4  -3  -3   16   4   4  19   0  12  22   2   3   0   1   5   0   0   1   9   3   0   0   0  0.39 0.15
  119 L    -1   0  -3  -4   0  -1  -3  -4  -2   1   2   0   3   2  -3  -2   0  -2   2   1    2   5   0   0   2   3   0   0   0   7  28   5  13   8   1   0   5   0  10  10  0.27 0.13
  120 L    -2  -4  -3  -5  -3  -2  -4  -5  -4   2   5  -2   0   1  -4  -2  -2  -4  -3   1    1   0   1   0   0   1   0   0   0   8  71   3   0   4   0   3   1   0   0   6  0.80 0.26
  121 L    -1  -2   0   0  -1  -1   0  -1  -1   1   3   0   0  -2  -3  -2  -2  -3  -2   1    3   1   5   5   1   1   8   4   1  10  42   7   1   0   0   0   0   0   0  10  0.21 0.13
  122 E    -1   0   1   2  -4   2   4  -3   0  -4  -3   3  -2  -4  -3   0  -1  -4  -3  -4    4   2   5  11   0   6  38   1   2   0   1  21   1   0   0   4   4   0   0   0  0.59 0.21
  123 V     0  -3  -3  -2  -1  -1   0  -3  -1   0   2  -2   2   2  -3  -1   1   0   2   0    9   0   0   2   1   2   9   0   1   5  27   0   8  12   0   2  12   1   7   3  0.19 0.12
  124 R     0   4   1  -3   0   2  -1  -3  -2  -4  -3   5  -3  -5  -2  -1   0  -5  -3  -3    6  29   6   0   2   7   0   0   0   0   1  38   0   0   1   3   5   0   0   1  0.68 0.24
  125 P    -3  -5  -5  -5  -6  -4  -4  -5  -5  -5  -5  -4  -5  -6   8  -4  -4  -7  -6  -1    1   0   0   0   0   0   0   0   0   0   0   0   0   0  93   0   0   0   0   6  2.75 0.54
  126 P     2   1  -1  -2  -4   0   0   0   0  -4  -4   4  -3  -4   2   0  -1  -4  -3  -3   23   4   1   1   0   4   4   6   2   0   0  41   0   0   9   3   2   0   0   0  0.53 0.21
  127 V     1  -5  -5  -5  -3  -4  -4  -5  -5   4  -1  -4   1  -1  -4  -3  -2  -5  -3   5   11   0   0   0   0   0   0   0   0  24   0   0   4   2   0   0   0   0   0  60  0.98 0.30
  128 V    -2  -5  -5  -6  -3  -5  -5  -6  -6   3  -1  -5  -1  -3  -5  -4  -2  -5  -4   6    2   0   0   0   0   0   0   0   0  16   2   0   0   0   0   0   0   0   0  80  1.38 0.38
  129 S    -2  -4  -2  -3  -4  -3  -3  -3  -4  -5  -4  -3  -4  -5  -4   7  -1  -6  -5  -4    0   0   0   0   0   0   0   0   0   0   2   0   0   0   0  97   1   0   0   0  1.75 0.50
  130 F    -5  -6  -6  -7  -5  -6  -6  -6  -4  -3  -2  -6  -3   9  -7  -5  -5  -2   0  -4    0   0   0   0   0   0   0   0   0   0   0   0   0 100   0   0   0   0   0   0  2.70 0.55
  131 H    -5  -3  -3  -4  -6  -3  -3  -5  11  -7  -6  -4  -5  -5  -6  -4  -5  -6  -1  -7    0   0   0   0   0   0   0   0 100   0   0   0   0   0   0   0   0   0   0   0  3.38 0.65
  132 F    -5  -6  -6  -7  -5  -6  -6  -6  -4  -3  -2  -6  -3   9  -7  -5  -5  -2   0  -4    0   0   0   0   0   0   0   0   0   0   1   0   0  99   0   0   0   0   0   0  2.64 0.54
  133 G    -2  -5   0  -4  -5  -4  -5   7  -5  -6  -6  -4  -5  -6  -5  -3  -4  -5  -6  -6    0   0   5   0   0   0   0  95   0   0   0   0   0   0   0   0   0   0   0   0  2.09 0.45
  134 L    -1  -4  -4  -5   2  -4  -4  -5   2   4   4  -4   0   0  -4  -4  -3  -3   0   0    4   0   0   0   5   0   0   0   5  24  52   0   0   2   0   0   0   0   4   4  0.68 0.23
  135 P    -3  -5  -5  -5  -6  -4  -4  -5  -5  -6  -6  -4  -6  -7   9  -4  -4  -7  -6  -5    1   0   0   0   0   0   0   0   0   0   0   0   0   0  99   0   0   0   0   0  3.06 0.58
  136 E     0  -1   1   1  -1   0   1   0   3  -4  -4   0  -3  -3   2   3  -1  -4  -3  -3    5   2   6  10   1   3   8   7  10   0   0   6   0   1   8  33   1   0   0   0  0.37 0.16
  137 Q     1   0   0  -1  -3   3   1  -2  -1  -2  -2   2  -2  -2   2   1  -1  -4  -3  -1   18   2   4   1   0  17   8   0   1   2   4  19   0   2  11   8   2   0   0   3  0.28 0.14
  138 R     2   0   0   2  -3   1   3  -1   2  -3  -3   0  -2  -4  -1   1   0  -4  -2  -2   18   6   3  10   0   7  21   3   6   0   1   4   0   0   2  12   3   0   1   1  0.28 0.13
  139 W     0  -1  -2  -3  -2   1  -2  -3  -3   1  -1  -1  -1   1  -3   0   3   4   0   2   10   3   1   0   0   9   0   0   0   7   4   2   0   6   0   6  26   7   4  16  0.25 0.15
  140 I    -3  -5  -5  -5  -3  -3  -5  -6  -5   7   1  -5   0  -2  -5  -5  -2  -5  -4   2    0   0   0   0   0   1   0   0   0  79  10   0   1   0   0   0   1   0   0   7  1.39 0.36
  141 D     0   1  -1   3  -4   2   3   0  -1  -3  -3   2  -3  -4  -3  -1  -2  -4  -2  -3    9   8   1  16   0  11  23   6   1   1   2  18   0   0   0   1   1   0   2   0  0.41 0.16
  142 H     2   3  -2  -2  -3   1   1  -1  -1  -3  -2   2  -2  -2  -3   0  -1   0   0  -2   25  19   0   1   0   7   9   2   1   0   2  17   0   2   0   6   3   1   4   2  0.29 0.15
  143 L    -4  -4  -6  -6  -3  -4  -5  -6  -5   2   6  -5   1   2  -5  -5  -3  -3  -2  -1    0   0   0   0   0   0   0   0   0   8  81   0   2   9   0   0   0   0   0   0  1.21 0.33
  144 K    -3   2  -2  -3  -5   6  -1  -4   4  -5  -5   5  -3  -5  -4  -2  -3  -5  -3  -5    0  11   0   0   0  37   0   0  11   0   0  40   0   0   0   1   0   0   0   0  1.16 0.35
  145 A     1   1   1   3  -4   2   3   0  -2  -4  -4   2  -3  -4  -2   1  -2  -4  -3  -3   18   5   5  16   0   8  20   5   0   0   0  14   0   0   0   9   0   0   0   0  0.40 0.16
  146 A     2   0   0  -2  -2   1  -1   0   2   0   1   0   0  -1  -2   0   0  -3  -1  -1   29   5   4   0   0  10   3   6   6   6  15   3   2   2   0   5   3   0   1   1  0.13 0.10
  147 G    -2  -4   0  -2  -5  -2  -3   7  -4  -6  -6  -1  -5  -6  -4  -1  -4  -5  -5  -6    0   0   3   1   0   1   1  87   0   0   0   4   0   0   0   2   0   0   0   0  1.72 0.39
  148 I    -2  -5  -5  -5   1  -5  -5  -4  -5   7   0  -5   0  -2  -5  -3  -1  -5  -4   2    3   0   0   0   3   0   0   1   0  74   5   0   2   0   0   2   3   0   0   8  1.15 0.33
  149 T     0  -1  -2  -3   0  -2  -2  -3  -2   1   2   0   2   0  -2  -1   0  -2   2   2    6   3   1   0   2   0   0   0   0  10  21   9   6   3   1   5   6   0   9  17  0.14 0.09
  150 L    -2  -4  -4  -5  -3  -4  -4  -5  -4   2   3  -4   0  -2  -4  -3   2  -4  -3   4    0   0   0   0   0   0   0   0   0  11  31   0   1   0   0   0  18   0   0  39  0.69 0.24
  151 L    -4  -4  -5  -5  -4  -4  -5  -5   0   2   3  -4   4   6  -5  -4  -3  -2   0  -1    0   0   0   0   0   0   0   0   2  11  27   0  15  43   0   0   0   0   0   2  1.00 0.29
  152 A     4  -3  -3  -4  -1  -3  -3   0  -4   1  -1  -3  -2  -3  -3   0  -1  -4  -3   3   45   0   0   0   1   0   0   7   0   9   3   0   0   0   0   7   1   0   0  27  0.53 0.23
  153 C    -2  -4  -2  -3   5  -3  -3  -3  -4  -4  -4  -3  -3  -5  -3   4   6  -5  -4  -3    1   0   0   0  12   0   0   0   0   0   0   0   0   0   0  33  54   0   0   0  1.20 0.38
  154 A     6  -4  -4  -4  -3  -3  -3  -2  -4   0  -3  -3  -3  -4  -3   0  -1  -5  -4   2   74   0   0   0   0   0   0   0   0   3   0   0   0   0   0   4   2   0   0  17  1.04 0.34
  155 T    -3  -4  -3  -4  -4  -4  -4  -5  -5  -4  -4  -4  -4  -5  -4  -1   8  -5  -5  -3    0   0   0   0   0   0   0   0   0   0   0   0   0   0   0   0 100   0   0   0  2.11 0.54
  156 N    -2  -3   5  -1   0  -2  -2  -3  -3  -4  -4  -2  -4  -5  -3   5   2  -5  -4  -4    0   0  35   1   2   0   0   0   0   0   2   0   0   0   0  48  11   0   0   0  1.02 0.34
  157 L    -2  -2  -5  -3  -3  -3  -2  -5  -4   1   4  -4   0  -2   0  -3  -2  -4  -3   3    3   2   0   2   0   0   2   0   0   3  56   0   0   0   4   0   1   0   0  27  0.67 0.24
  158 D     2   0   0   2  -4   2   3  -3   0  -3  -3   2  -3  -2  -1  -1   0  -4  -3  -2   18   2   2  12   0  10  22   0   2   1   0  18   0   2   2   1   5   0   0   1  0.36 0.16
  159 E    -4  -3  -3  -1  -7  -1   8  -5  -3  -6  -6  -2  -5  -6  -4  -3  -4  -6  -5  -5    0   0   0   1   0   0  99   0   0   0   0   0   0   0   0   0   0   0   0   0  2.14 0.52
  160 A     5  -4  -4  -4  -3  -3  -3   0  -4  -2  -2  -3  -3   1  -3  -1   0  -4  -3   1   70   0   0   0   0   0   0   5   0   2   2   0   0   7   0   1   4   0   0   9  0.83 0.30
  161 R    -2   4  -2  -1  -1   2   1  -4   1  -1   0   3  -2  -3  -3  -2  -1  -1   0  -1    0  30   0   2   2  11   8   0   4   3   9  20   0   0   0   1   2   1   3   5  0.42 0.18
  162 A     2   0  -1  -2  -3   3   1  -3   2  -1   1  -1   0  -1  -3  -1  -1   1   1   0   20   5   2   0   0  22   7   0   7   4  13   2   3   1   0   1   1   2   6   6  0.21 0.14
  163 I     2  -4  -4  -5   1  -4  -4  -4  -4   4   3  -4   0  -2  -4  -2  -2  -4  -3   2   23   0   0   0   3   0   0   0   0  30  33   0   0   0   0   1   0   0   0  10  0.58 0.22
  164 E     1  -2  -1  -1  -2   1   3  -3   0   1   1  -1   0  -2  -3  -1   0  -3  -1   1   15   1   1   1   1   8  26   0   2  12  13   1   1   0   0   3   4   0   3   9  0.18 0.12
  165 A     2   0   1   3  -3   1   3  -2   0  -4  -3   1  -3  -4  -2   1   0  -4  -3  -3   25   4   6  16   0   6  21   0   2   0   2   8   0   0   0   7   4   0   0   0  0.38 0.16
  166 A     4  -1  -1  -3  -1  -1  -2  -2   0  -1   1  -1  -2  -1  -3   1  -1  -4  -1  -1   50   3   2   0   1   2   0   0   2   1  17   4   0   2   0  11   1   0   1   2  0.40 0.20
  167 G    -2  -4   1   0  -5  -2  -2   7  -4  -6  -6   0  -5  -6  -4  -2  -4  -5  -5  -5    0   0   5   4   0   1   2  80   0   0   0   7   0   0   0   0   0   0   0   0  1.50 0.36
  168 I     0  -4  -5  -5   0  -4  -4  -5  -5   5   1  -4   2   0  -4  -3  -2  -4  -3   4    8   0   0   0   2   0   0   0   0  37   9   0   4   3   0   0   0   0   0  36  0.74 0.24
  169 D    -3  -4   1   8  -6  -2  -1  -4   2  -6  -6  -3  -6  -6  -4  -3  -4  -7  -5  -6    1   0   5  87   0   1   1   0   5   0   0   0   0   0   0   0   0   0   0   0  1.95 0.45
  170 A     3  -4  -3  -4  -3  -3  -4   5  -4   0  -3  -3  -3   0  -4  -2  -3  -4  -1   1   30   0   0   0   0   0   0  48   0   5   0   0   0   5   0   0   0   0   2   9  0.78 0.26
  171 V    -3  -5  -5  -5  -3  -5  -5  -6  -5   6   2  -5  -1  -2  -5  -4  -3  -5  -3   4    0   0   0   0   0   0   0   0   0  56  14   0   0   0   0   0   0   0   0  30  1.13 0.31
  172 I    -3  -5  -5  -6  -3  -5  -5  -6  -6   5   0  -5  -1  -3  -5  -4  -2  -5  -3   6    0   0   0   0   0   0   0   0   0  32   2   0   0   0   0   0   0   0   0  65  1.31 0.36
  173 A     5  -4  -4  -4   6  -3  -4  -3  -4  -2   2  -3  -2  -3  -4  -1  -2  -4  -4  -1   54   0   0   0  19   0   0   0   0   0  21   0   0   0   0   2   0   0   0   3  0.89 0.30
  174 Q    -4  -2  -3  -3  -6   9  -1  -5  -3  -6  -5  -2  -4  -6  -4  -3  -4  -5  -5  -5    0   0   0   0   0 100   0   0   0   0   0   0   0   0   0   0   0   0   0   0  2.53 0.61
  175 G    -2  -5  -3  -4  -5  -4  -5   7  -5  -6  -6  -4  -5  -6  -5  -1  -4  -5  -6  -6    0   0   0   0   0   0   0  97   0   0   0   0   0   0   0   3   0   0   0   0  2.12 0.45
  176 Y    -3  -3  -5  -1  -4  -4  -4  -5  -2   3  -2  -4  -1   3  -5  -4  -4   7   7  -1    2   1   0   4   0   0   0   0   0  19   0   0   1  12   0   0   0  16  43   1  1.27 0.34
  177 E    -4  -3  -1  -1  -7   0   8  -5  -3  -6  -6  -2  -5  -6  -4  -3  -4  -6  -5  -5    0   0   2   0   0   1  97   0   0   0   0   0   0   0   0   0   0   0   0   0  2.05 0.51
  178 A     7  -4  -4  -5  -3  -3  -4  -2  -4  -4  -4  -3  -4  -5  -3  -1  -3  -5  -5  -3  100   0   0   0   0   0   0   0   0   0   0   0   0   0   0   0   0   0   0   0  1.76 0.47
  179 G    -2  -5  -3  -4  -5  -5  -5   7  -5  -7  -7  -4  -5  -6  -5  -3  -4  -5  -6  -6    0   0   0   0   0   0   0 100   0   0   0   0   0   0   0   0   0   0   0   0  2.27 0.47
  180 G    -2  -5  -3  -4  -5  -5  -5   7  -5  -7  -7  -4  -5  -6  -5  -3  -4  -5  -6  -6    0   0   0   0   0   0   0 100   0   0   0   0   0   0   0   0   0   0   0   0  2.27 0.47
  181 H    -5  -3  -3  -4  -6  -3  -3  -5  11  -7  -6  -4  -5  -5  -6  -4  -5  -6  -1  -7    0   0   0   0   0   0   0   0 100   0   0   0   0   0   0   0   0   0   0   0  3.38 0.65
  182 R    -4   8  -3  -5  -6  -2  -3  -5  -3  -6  -5  -1  -4  -6  -5  -3  -4  -6  -5  -5    0  99   0   0   0   0   0   0   0   0   0   0   0   0   0   1   0   0   0   0  2.33 0.53
  183 G    -2  -5  -3  -4  -5  -5  -5   7  -5  -7  -7  -4  -5  -6  -5  -3  -4  -5  -6  -6    0   0   0   0   0   0   0 100   0   0   0   0   0   0   0   0   0   0   0   0  2.27 0.47
  184 I    -1  -2   5  -1   1   0  -2  -3  -2   2  -1  -2   4  -3  -3   0   0  -4  -3   1    5   1  33   1   3   4   0   0   0  15   2   0  14   0   0   7   5   0   0   9  0.42 0.20
  185 F    -5  -6  -6  -7  -5  -6  -6  -6  -4  -3  -2  -6  -3   9  -7  -5  -5  -2   2  -4    0   0   0   0   0   0   0   0   0   0   0   0   0  97   0   0   0   0   3   0  2.60 0.53
  186 D    -2  -3   2   5  -4  -2   0  -3  -1   0   2  -1  -1  -3  -1  -1  -1  -4  -3  -2    2   0  10  36   0   0   3   0   1   7  30   4   0   0   2   2   2   0   0   1  0.46 0.20
  187 P     1  -2  -2   0  -3   0   0  -2  -2   0  -1  -2  -2  -4   5   1  -1  -4  -3   0   13   2   0   6   0   3   6   2   1   5   6   0   0   0  34  11   2   0   0  10  0.52 0.17
  188 E    -1  -1   3   3  -3   1   1  -1   0  -3  -3   0  -3  -2  -1   1   1  -4  -3  -3    2   1  19  22   0   8   7   2   1   1   2   6   0   1   2  14  11   0   0   0  0.39 0.15
  189 H    -1  -1   0   1  -3   0   1  -1   0  -1   0   0  -1   1   2   0   0   0   0  -1    2   1   4  10   0   4  13   3   2   2  14   5   0   9  12   5   7   2   2   1  0.13 0.07
  190 D    -4  -4   0   8  -6  -3   0  -4  -1  -6  -6  -3  -6  -6  -4  -3  -2  -7  -6  -6    0   0   1  92   0   0   3   0   2   0   0   0   0   0   0   0   2   0   0   0  2.12 0.48
  191 D     0  -1  -1   2  -2   1   5   0  -2  -4  -4  -1  -3  -5   0   1   0  -5  -4  -4    9   1   1   9   1   3  48   6   0   0   1   2   0   0   4  10   6   0   0   0  0.60 0.22
  192 R     0   2   3   0   2   4   1  -2  -1  -4  -3   3  -3  -4  -3  -1  -2  -4  -3  -4    7   9  18   5   5  24   7   2   1   0   1  19   0   0   0   2   0   0   0   0  0.50 0.20
  193 L    -3  -4  -5  -6  -3  -3  -5  -6  -5   2   5  -4   3  -1  -5  -4  -3  -1  -3   0    0   0   0   0   0   1   0   0   0  10  77   0   7   1   0   0   0   1   0   3  1.13 0.32
  194 G    -1  -2   0  -1  -3  -1  -2   3  -3  -4  -4   0  -3  -4   0   4   1  -5  -4  -4    1   1   2   3   0   1   0  25   0   0   0   6   0   0   5  46  10   0   0   0  0.65 0.25
  195 T    -1  -4  -3  -4  -4  -3  -4  -4  -4  -3  -1  -3  -3  -5  -4  -1   7  -5  -4  -2    3   0   0   0   0   0   0   0   0   0   7   0   0   0   0   0  89   0   0   1  1.67 0.47
  196 L     0  -1  -1  -3  -1   1  -1  -3   1   0   2  -1   1   3  -3  -1  -1   1   2   0   10   3   2   0   1   7   5   0   5   2  21   4   5  19   0   5   1   1   6   5  0.16 0.10
  197 A     3  -2   0   1   1   1   1  -1   0  -1  -2  -1  -2  -3   0   2   0  -4  -3  -1   30   0   2   8   4   6  10   1   3   4   2   2   0   0   4  17   6   0   0   4  0.24 0.13
  198 L    -4  -5  -6  -6  -4  -5  -5  -6  -5  -1   6  -5   0  -2  -6  -5  -4  -4  -4  -2    0   0   0   0   0   0   0   0   0   0 100   0   0   0   0   0   0   0   0   0  1.67 0.42
  199 V    -3  -4  -4  -5   0  -4  -4  -5  -4   0   1  -4  -1   5  -4  -3   3  -3  -1   4    0   0   0   0   2   0   0   0   0   3  11   0   0  29   0   0  22   0   0  34  0.71 0.26
  200 G    -1   3   0   1  -4   3   1  -2   0  -2  -2   2  -2  -4   0   0   0  -4  -3  -2    3  23   3   7   0  15   6   1   2   3   3  16   0   0   4   6   6   0   0   1  0.33 0.14
  201 S     0   1  -2  -1  -2   4   0  -3  -2   0   2   1   0  -2  -3  -1   0  -3  -3   0    6   9   0   3   1  24   5   0   0   6  29   7   1   0   0   2   4   0   0   4  0.27 0.15
  202 L    -1  -4  -4  -5  -1  -4  -4  -5  -4   4   3  -4   0  -2  -4  -1   0  -4  -3   3    3   0   0   0   1   0   0   0   0  25  38   0   0   0   0   5   4   0   0  24  0.62 0.21
  203 V     0   0  -2  -3  -1   0  -2  -3  -2   1   0   3   0  -3  -3  -1  -1  -4  -3   4   10   4   1   0   1   4   0   0   1   4  10  21   1   0   0   2   2   0   0  40  0.33 0.18
  204 P     1   2   1   1  -2   3   1   0  -1  -3  -3   2  -2  -4  -1   0  -1  -4  -3  -3   12  14   5  10   1  15   7   6   1   1   1  17   0   0   2   7   2   0   0   0  0.29 0.12
  205 A     0   0   0  -2  -3   2   1  -2   3  -2  -1   1  -2   0  -3  -1  -1  -2   4  -2   10   6   5   0   0   9  11   2  10   1   7   8   0   3   0   2   3   0  20   2  0.23 0.12
  206 L    -2  -3  -4  -4   4  -3  -4  -4  -4   3   3  -1   0   0  -4  -2   1  -3  -2   3    1   0   0   0  10   0   0   0   0  16  32   4   0   4   0   2   8   0   0  23  0.45 0.17
  207 N    -1   0   3   4  -3   0   1  -1  -2  -3  -4   0  -3  -4  -2   2   0  -4  -3  -2    4   4  13  32   0   4   5   4   0   2   1   6   0   0   1  16   5   0   0   2  0.44 0.15
  208 V    -2  -4  -4  -4   1  -3  -3  -2  -2   2   2  -2   0  -2   5  -2   0  -4  -3   2    1   0   0   0   3   0   0   3   1  13  29   2   1   0  28   3   4   0   0  13  0.57 0.19
  209 P    -4  -3  -5  -4  -5  -4  -4  -5  -3  -4  -2  -2  -3   5   7  -4  -4  -3   4  -2    0   1   0   0   0   0   0   0   0   0   3   2   0  24  53   0   0   0  14   2  1.52 0.37
  210 V    -3  -5  -5  -5  -3  -4  -5  -5  -5   4   2  -4  -1  -2  -5  -4  -2  -4  -3   5    0   0   0   0   0   0   0   0   0  29  21   0   0   0   0   0   0   0   0  49  0.99 0.29
  211 I    -3  -5  -6  -6  -3  -5  -5  -6  -6   7  -1  -5  -1  -3  -5  -5  -3  -5  -4   4    0   0   0   0   0   0   0   0   0  75   1   0   0   0   0   0   0   0   0  24  1.50 0.38
  212 A     5  -4  -4  -4  -3  -3  -3  -3  -4  -4  -4  -3  -4  -5   5   0  -2  -5  -4  -3   65   0   0   0   0   0   0   0   0   0   0   0   0   0  30   5   1   0   0   0  1.29 0.37
  213 A     7  -4  -4  -4  -3  -3  -3  -2  -4  -4  -4  -3  -3  -5  -3   0   0  -5  -4  -3   93   0   0   0   0   0   0   0   0   0   0   0   0   0   0   3   4   0   0   0  1.53 0.43
  214 G    -2  -5  -3  -4  -5  -5  -5   7  -5  -7  -7  -4  -5  -6  -5  -3  -4  -5  -6  -6    0   0   0   0   0   0   0 100   0   0   0   0   0   0   0   0   0   0   0   0  2.27 0.47
  215 G    -2  -5  -3  -4  -5  -4  -5   7  -5  -7  -6  -4  -5  -6  -5  -2  -4  -5  -6  -6    0   0   0   0   0   0   0  98   0   0   0   0   0   0   0   2   0   0   0   0  2.18 0.46
  216 I    -4  -6  -6  -6  -4  -5  -6  -6  -6   7   1  -5   1  -3  -5  -5  -3  -5  -4   1    0   0   0   0   0   0   0   0   0  90   6   0   2   0   0   0   0   0   0   2  1.72 0.42
  217 M    -1  -4  -1  -3  -4  -3  -4  -2   0  -1  -1  -4   9  -3  -5  -2  -1  -4   0   2    4   0   3   1   0   0   0   3   3   2   0   0  62   0   0   2   3   0   3  14  1.25 0.39
  218 D    -3  -4   3   7  -5  -2   0  -2  -3  -5  -6  -3  -5  -6  -4   1   1  -6  -5  -5    0   0  13  67   0   0   2   2   0   0   0   0   0   0   0   8   9   0   0   0  1.34 0.35
  219 G     1  -4  -2  -2  -4  -3  -4   6  -4  -5  -5  -3  -4  -5  -1   2  -2  -5  -5  -5    8   0   0   1   0   0   0  69   0   0   0   0   0   0   3  17   1   0   0   0  1.25 0.32
  220 R     2   1   0   0  -3   2   1  -1   0  -3  -3   3  -2  -3  -2   0   0  -4  -2  -2   23   8   3   3   0  12  11   2   2   0   0  21   1   1   0   6   5   0   1   2  0.32 0.15
  221 G     0  -3  -1   3  -3   1  -1   3   0  -2  -3  -2  -3  -4  -3   1   2  -4  -4  -2    6   0   0  22   0   8   1  29   2   2   2   0   0   0   0  10  17   0   0   2  0.44 0.18
  222 I     1  -5  -5  -5  -3  -5  -5  -5  -5   7  -1  -5   1  -3  -5  -4  -3  -5  -4   3   12   0   0   0   0   0   0   0   0  70   0   0   3   0   0   0   0   0   0  15  1.19 0.34
  223 R     2   3   2  -1  -2   1   0  -1  -2  -3  -2   2  -2  -3  -3   0  -1   0  -3  -2   26  19  10   1   1   4   6   3   0   0   4  15   0   1   0   6   1   1   0   1  0.29 0.15
  224 A     3   0   0  -2  -3   0   1  -1   2  -3  -3   0  -2   0  -3   0  -1   0   4  -2   33   3   4   1   0   4   8   3   5   1   1   7   0   2   0   5   3   1  18   0  0.30 0.16
  225 A     3  -4  -4  -5   0  -3  -4  -4  -2  -1   0  -3   4   0  -4  -2  -1  -2   6   0   29   0   0   0   2   0   0   0   0   1   7   0  16   2   0   0   2   0  35   6  0.77 0.28
  226 L    -3  -3  -5  -6  -3  -4  -5  -6  -5   2   6  -4   3   0  -5  -4  -3  -4  -3   0    0   1   0   0   0   0   0   0   0   7  79   0   6   3   0   0   0   0   0   3  1.14 0.32
  227 A     1   0   2   3  -3   2   1  -2  -2  -3  -3   1   0  -4  -2   1   0  -4  -3  -3   12   5   9  21   0  13   7   1   0   2   0  11   3   0   0  14   3   0   0   0  0.35 0.15
  228 L    -1  -2   1  -3  -2   2  -1  -4   1   0   4   0   0   0  -4  -2  -2  -3   0  -1    3   0  10   0   1  10   4   0   4   3  51   5   0   3   0   2   1   0   2   0  0.36 0.19
  229 G    -2  -5  -1  -4  -5  -1  -4   7  -4  -6  -6  -4  -5  -6  -5  -3  -4  -5  -6  -6    0   0   2   0   0   4   0  94   0   0   0   0   0   0   0   0   0   0   0   0  2.00 0.44
  230 A     6  -4  -4  -4   0  -3  -3  -2  -4   0  -3  -3  -3  -4  -3  -1  -2  -5  -4   0   87   0   0   0   2   0   0   0   0   5   0   0   0   0   0   1   0   0   0   6  1.31 0.39
  231 E     3  -2  -2   2  -3   0   0  -1  -3  -2  -2  -1  -1  -4  -2   3  -1  -4  -3   0   32   0   0  12   0   5   6   2   0   1   1   3   1   0   0  27   1   0   0   8  0.37 0.19
  232 A     6  -4  -3  -4  -3  -3  -3   3  -4  -4  -4  -3  -4  -5  -3   0  -2  -5  -4  -3   75   0   0   0   0   0   0  22   0   0   0   0   0   0   0   3   0   0   0   0  1.23 0.37
  233 V     2  -4  -5  -5   1  -4  -4  -4  -5   0  -2  -4  -2  -3  -4  -3  -1  -5  -4   6   22   0   0   0   2   0   0   0   0   1   0   0   0   0   0   0   3   0   0  71  1.07 0.34
  234 Q    -4  -2  -3  -3  -1   9  -1  -5  -3  -6  -5  -2   0  -6  -4  -1  -4  -5  -4  -5    0   0   0   0   1  93   0   0   0   0   0   0   2   0   0   3   0   0   0   0  2.21 0.56
  235 M    -3  -4  -5  -6  -3  -4  -5  -6  -5   0   5  -4   6  -2  -5  -4  -3  -4  -3   1    0   0   0   0   0   0   0   0   0   2  68   0  22   0   0   0   0   0   0   7  1.19 0.34
  236 G    -2  -5  -3  -4  -5  -5  -5   7  -5  -7  -7  -4  -5  -6  -5  -3  -4  -5  -6  -6    0   0   0   0   0   0   0 100   0   0   0   0   0   0   0   0   0   0   0   0  2.27 0.47
  237 T    -3  -4  -3  -4  -4  -3  -4  -4  -5  -4  -4  -3  -4  -5  -4   0   8  -5  -5  -3    0   0   0   0   0   0   0   0   0   0   0   0   0   0   0   3  97   0   0   0  1.99 0.52
  238 A     6  -4  -4  -4  -3  -3  -3  -3  -4   1  -2  -3  -2  -4  -3  -1  -1  -5  -4   2   74   0   0   0   0   0   0   0   0   7   2   0   0   0   0   0   2   0   0  15  1.01 0.34
  239 F    -5  -6  -6  -6  -5  -6  -6  -6  -4  -3  -2  -6  -3   9  -7  -5  -5   4   2  -4    0   0   0   0   0   0   0   0   0   0   2   0   0  90   0   0   0   5   3   0  2.34 0.49
  240 I    -3  -4  -5  -5  -3  -4  -5  -6  -5   4   4  -4   0  -2  -5  -4  -3  -4  -3   3    0   0   0   0   0   0   0   0   0  27  50   0   0   0   0   0   0   0   0  23  0.93 0.27
  241 A     3  -1  -2  -1  -3   0  -2   1  -1  -2   1  -1  -1  -2   3   0   0  -4  -3  -2   30   3   0   2   0   6   0  11   2   0  19   1   0   2  14   3   7   0   0   0  0.27 0.15
  242 C    -1  -5  -4  -5   9  -4  -4  -4  -5  -3  -4  -4  -3  -5  -4   0   5  -5  -4   0    4   0   0   0  48   0   0   0   0   0   0   0   0   0   0   7  36   0   0   5  1.59 0.40
  243 P     0  -1  -1   1  -4  -1  -1  -4  -3  -4  -4   2  -4  -5   7   0  -1  -5  -4  -3    6   2   2   8   0   3   3   0   0   0   0  13   0   0  52   6   4   0   0   2  1.13 0.28
  244 E    -3  -3  -3   0  -6   2   7  -2  -3  -6  -5  -2  -4  -6  -4  -1  -2  -5  -5  -5    0   0   0   2   0   8  83   3   0   0   0   0   0   0   0   2   2   0   0   0  1.57 0.42
  245 S     1  -3  -2  -3   3  -3  -3  -3  -4  -5  -5  -3  -4  -5  -3   6  -1  -5  -4  -4    8   0   0   0   6   0   0   0   0   0   0   0   0   0   0  85   1   0   0   0  1.44 0.43
  246 S     2  -1   3  -2  -2   0  -2  -1  -1  -1   0   0  -2  -3  -3   2   2  -4  -3  -1   24   2  16   0   0   3   0   1   1   4  11   5   0   0   0  21  11   0   0   1  0.27 0.15
  247 A     5  -3   0  -3  -2  -3  -3  -2  -3   1  -3  -3  -2  -4  -3   1   1  -5  -3   1   57   0   5   0   0   0   0   0   0   8   0   0   0   0   0   9   9   0   0  13  0.64 0.26
  248 N    -1  -3   4   4  -1  -2  -1  -1   1  -5  -5  -1  -4  -5   2   3  -1  -5  -4  -4    3   0  24  23   1   0   0   2   3   0   0   2   0   0  10  29   1   0   0   0  0.68 0.24
  249 A     2   0  -1   1  -3   1   1  -1  -1  -3  -3   1  -3  -4   3   1   0  -4  -2  -2   19   5   0   7   0   6  11   2   1   0   0  12   0   0  17  14   3   0   2   1  0.37 0.14
  250 A     2  -2  -1  -1  -3  -2   0   2   0  -1  -1   0  -2   4  -3  -1   0  -2   2  -2   19   0   3   2   0   0   6  17   2   4   3   5   0  24   0   2   4   0   8   0  0.25 0.14
  251 Y    -4  -4  -3  -5  -4  -4  -4  -5   5   2  -2  -4  -3   5  -5  -4  -4   3   7  -2    0   0   1   0   0   0   0   0  13  11   0   0   0  24   0   0   0   3  45   2  1.31 0.34
  252 R    -1   6   1  -3  -4   0  -1   0  -1  -4  -2   2  -3  -4  -3   1  -1  -4  -3  -4    3  51   5   0   0   1   2   7   1   0   4  12   0   0   0   9   3   0   0   0  0.73 0.24
  253 A     2   1   2   2  -3   2   2  -2  -1  -3  -3   2  -2  -4  -2   0   0  -4  -3  -2   20   6   9  13   0  10  12   1   1   0   0  18   0   0   0   5   4   0   0   1  0.32 0.13
  254 A     3  -1  -1  -2   0   0  -1  -2  -2  -1   1   0   1  -1   0   0   0  -3  -1   0   36   3   2   0   1   5   3   0   1   2  18   6   3   2   4   6   4   0   1   3  0.18 0.12
  255 L    -3  -4  -4  -5  -3  -4  -4  -4  -4   3   4  -3   1   2  -4  -2  -2  -3  -2   2    0   0   0   0   0   0   0   1   0  15  58   1   1   9   0   2   0   0   0  11  0.70 0.22
  256 R     0   1   0   0  -3   1   0  -1   0  -2  -1   2   0   2  -2   0   1  -3  -1  -2    9   7   4   4   0   6   4   3   1   1   6  19   2  14   0   7  11   0   0   1  0.12 0.09
  257 S     0   0   2   0   0   0   1   1  -1  -4  -3   0  -3  -4  -2   4   0  -4  -2  -3    4   5  13   3   2   3   9  10   1   0   2   4   0   0   1  37   3   0   1   0  0.36 0.18
  258 D     0   0   0   2  -1   1   1  -1  -1  -2  -2   1  -2  -3   3   1  -1  -3  -2  -1   10   4   5  12   2   9   7   3   1   1   4   9   0   1  14  11   2   0   1   5  0.20 0.07
  259 K     1   1   2   0  -2   0   0   0   0  -2  -2   1  -2  -2   2   1   0  -2  -1  -1   16   8  11   5   0   4   5   6   1   2   2   8   0   1  10   7   7   0   2   3  0.15 0.06
  260 A     3   1  -1   0  -2   0   0   1  -1  -2  -1   0  -2  -2   1   1  -1  -3  -1  -2   30   9   3   4   0   4   5  13   2   1   8   3   0   0   5  10   1   0   2   1  0.18 0.10
  261 W     0   0   0   0  -3   0   0   0   2  -1  -1   1  -1  -1   2   0   1   0   0  -1   10   6   2   4   0   4   6   6   8   4   3   8   1   2  13   5  10   1   4   3  0.12 0.06
  262 H    -1   0   1   2  -1   1   2  -1   4  -3  -2   0  -1  -4   3   0   0  -4  -2  -3    5   3   5  13   1   5  13   5  14   1   3   4   1   0  14   6   7   0   0   0  0.31 0.13
  263 T    -3  -4  -3  -4  -4  -4  -4  -5  -5  -4  -4  -4  -4  -5  -4  -2   8  -6  -5  -3    0   0   0   0   0   0   0   0   0   0   0   0   0   0   0   0 100   0   0   0  2.18 0.59
  264 Q     0   1  -3  -3   0   1  -1  -4  -3   3   0  -1   0  -2  -3  -2   0  -4  -3   3    8  11   0   0   2   9   4   0   0  24   5   3   1   0   0   1   5   0   0  26  0.29 0.17
  265 V    -4  -4  -5  -6  -4  -4  -5  -6  -5   3   2  -4   9  -3  -5  -5  -3  -4  -4   0    0   0   0   0   0   0   0   0   0  14  12   0  69   0   0   0   0   0   0   5  1.82 0.50
  266 T    -3  -4  -3  -4  -3  -3  -4  -4  -4   0  -3  -3  -3  -4  -4   0   7  -5  -4   1    0   0   0   0   0   0   0   0   0   5   1   0   0   0   0   6  80   0   0   8  1.45 0.46
  267 A     2   2   1   2   0  -1   0  -2  -2  -4  -4   0  -3  -4   3   2  -1  -5  -3  -3   26  15   7  11   2   0   3   0   1   0   0   5   0   0  14  16   1   0   0   0  0.42 0.19
  268 A     3  -3  -2  -4  -1  -3  -2  -2  -3   1   3  -3   0  -1  -3   1  -1  -3  -1   1   30   0   1   0   1   0   1   1   0   5  33   0   1   1   0   9   2   0   2  12  0.33 0.18
  269 I    -3  -5  -5  -5   0  -5  -5  -6  -5   6   0  -5  -1   1  -2  -4  -3  -4  -3   4    0   0   0   0   2   0   0   0   0  51   2   0   0   6   3   0   0   0   0  35  1.06 0.33
  270 S    -2  -4  -2  -3  -4  -3  -3  -3  -4  -5  -5  -3  -4  -5  -4   7   1  -6  -5  -4    0   0   0   0   0   0   0   0   0   0   0   0   0   0   0  95   5   0   0   0  1.77 0.54
  271 G    -3  -5  -3  -4  -5  -5  -5   7  -5  -7  -7  -4  -6  -6  -5  -3  -4  -5  -6  -6    0   0   0   0   0   0   0 100   0   0   0   0   0   0   0   0   0   0   0   0  2.32 0.52
  272 R    -4   7  -3  -4  -6  -1  -2  -5  -3  -5  -3   4  -4  -5  -4  -3  -4  -5  -4  -5    0  69   0   0   0   0   0   0   0   0   3  29   0   0   0   0   0   0   0   0  1.66 0.45
  273 P    -1  -1   1  -4  -5  -2  -3  -4   0  -2  -5  -3  -4  -1   8  -1  -3  -6  -4  -4    4   3   8   0   0   2   0   0   3   3   0   0   0   4  70   4   0   0   0   0  1.72 0.42
  274 A     7  -4  -4  -4  -3  -3  -4  -3  -4  -4  -1  -3  -3  -5  -4  -1  -1  -5  -4  -3   92   0   0   0   0   0   0   0   0   0   5   0   0   0   0   1   2   0   0   0  1.50 0.46
  275 R    -5   8  -3  -5  -7  -2  -3  -5  -3  -6  -5  -1  -4  -6  -5  -4  -4  -6  -5  -6    0 100   0   0   0   0   0   0   0   0   0   0   0   0   0   0   0   0   0   0  2.47 0.59
  276 G     2  -4  -3  -4   7  -3  -4   3  -4  -4  -4  -3  -3  -5  -4   0   3  -5  -4  -3   18   0   0   0  27   0   0  26   0   0   0   0   0   0   0   4  25   0   0   0  0.96 0.32
  277 L    -3  -2  -5  -5  -3  -4  -5  -5  -5   5   4  -4   2   0  -5  -4  -3  -4  -3   2    0   2   0   0   0   0   0   0   0  36  42   0   3   4   0   0   0   0   0  12  0.84 0.27
  278 V     1   2  -1  -1   0  -1   0  -2  -1   1   0   2   0  -2  -1   0   0  -3  -2   1   12  12   1   2   2   1   6   1   1   8  10  15   2   0   2   9   2   0   1  13  0.08 0.08
  279 N    -3  -3   6  -2  -4  -3  -3  -2  -3  -3  -5  -3  -4  -5  -4   0   5  -6  -4  -4    0   0  50   0   0   0   0   1   0   1   0   0   0   0   0   4  44   0   0   0  1.37 0.43
  280 R     0   3  -3   0  -4   1  -1  -2   1  -4  -3   0  -3  -4   6  -1  -2  -5  -2  -3   10  18   0   6   0   6   3   2   3   0   2   3   0   0  40   3   2   0   2   1  0.78 0.25
  281 L    -5  -6  -4  -6  -5  -6  -6  -6  -4  -2   0  -6  -1   8  -6  -5  -5   5   1  -3    0   0   1   0   0   0   0   0   0   1   6   0   1  82   0   0   0   7   1   0  2.09 0.49
  282 F    -2  -3  -4  -4   2  -2  -4  -5   1   5   1  -3   1  -1  -4  -2   3   0  -2   1    1   1   0   0   4   2   0   0   4  44  11   0   2   2   0   0  22   1   1   3  0.58 0.25
  283 T     0   3   0   2  -1   2   2  -3   1  -4  -4   0  -3  -4  -3   0   0  -4  -3  -2    8  23   4  13   2  11  18   0   3   0   0   4   0   0   0   7   6   0   0   2  0.40 0.17
  284 D     0   0   1   1  -3   0   1  -1   0  -1   0   1   0   1  -3   0  -1   4   0  -2    8   4   7  11   0   4  10   2   3   3  13  10   2   6   0   7   3   7   1   0  0.12 0.08
  285 L     0  -3  -3  -4  -3  -3  -1   1  -1   1   3  -3   1   0  -4  -2   0  -3  -2   0   11   0   0   0   0   0   4  13   2   8  45   1   1   2   0   1   5   0   0   6  0.31 0.17
  286 Q     0   0  -1   1  -2   2   1  -1   0   1   0  -1  -1  -2  -2  -1   0  -1  -1   1    8   5   2  11   1  10  13   3   3  14   7   1   0   0   0   2   6   1   2  11  0.09 0.08
  287 S     0   1   2   1  -3   1   1   0   0  -3  -2   0  -2  -2   0   1   1  -3  -2  -2    7   7  12   8   0   9   9   8   2   0   4   2   0   2   5  13  10   0   0   1  0.18 0.08
  288 P     0  -2  -1   0  -1   1   0  -2   0   0   0   0  -1   1   1   1   0  -2   2   0   10   0   2   4   1   8   5   0   2   6   6   6   0   9   9  13   3   0   8   7  0.09 0.07
  289 D     0   0   0   1  -3   2   1   0   2  -2  -2   1  -2  -2   2   1  -1  -3  -2  -2    6   5   3  11   0  15   6   8   5   3   2   9   0   1  11   9   3   0   0   2  0.21 0.09
  290 A     1   1   0   1   0   0   0   1   0  -2  -1   0  -1  -3   2   1   0  -3  -2  -1   10  10   4  10   2   2   5  11   3   0   9   2   1   0   9  10   7   0   0   4  0.11 0.06
  291 P     0  -2   0   3  -3   0   2  -1  -1  -1   0   0  -2  -2   2   0   0  -3  -1   0    6   0   3  18   0   1  16   3   1   1  10   7   0   2  11   7   4   0   3   8  0.18 0.10
  292 A     1   0   0   2  -1   1   3  -1  -2  -2  -2   1  -1  -4   1   0   0  -4  -3  -2   15   4   5  11   1   5  24   4   0   2   2   8   2   0   6   6   3   0   0   1  0.25 0.12
  293 L    -2  -4  -4  -5  -3  -2  -4  -5  -4   4   4  -4   1  -1   1  -2  -2  -4  -3   2    2   0   0   0   0   2   0   0   0  27  45   0   1   1   6   2   2   0   0  11  0.63 0.23
  294 P    -2  -5  -5  -5  -6  -4  -4  -5  -5  -6  -6  -4  -6  -7   9  -4  -4  -7  -6  -6    2   0   0   0   0   0   0   0   0   0   0   0   0   0  98   0   0   0   0   0  3.03 0.63
  295 D     0  -4  -1   6  -5  -1  -1   0  -3  -4  -2  -3  -4  -5   3   0  -3  -6  -5  -4   10   0   0  52   0   2   1   5   0   0   5   0   0   0  17   7   0   0   0   0  0.94 0.31
  296 Y    -5  -5  -5  -6  -6  -5  -5  -6  -1  -4  -3  -5  -4   3  -6  -5  -5  -1   9  -4    0   0   0   0   0   0   0   0   0   0   1   0   0  10   0   0   0   0  89   0  2.64 0.60
  297 P    -3  -5  -4  -4  -5  -2  -4   4  -5  -5  -6  -4  -5  -6   7  -1  -4  -6  -5  -3    0   0   0   0   0   1   0  29   0   0   0   0   0   0  62   5   0   0   0   2  1.78 0.43
  298 M    -2  -3  -4  -5   0  -4  -4  -5  -2   3   2  -4   0   1  -5  -3  -2  -1   7   0    1   1   0   0   2   0   0   0   0  21  20   0   2   3   0   2   2   0  42   6  0.88 0.30
  299 T     4   1  -3  -3  -3  -2  -3   0  -3  -2  -2  -2   2  -4   1   0   2  -4  -3   0   46  10   0   0   0   0   0   5   0   1   2   0   8   0   8   3  12   0   0   6  0.47 0.23
  300 Y    -3  -5  -5  -6  -5  -5  -5  -2  -1  -4  -4  -5  -4   1  -6  -4  -2  -1   9  -4    2   0   0   0   0   0   0   3   0   0   0   0   0   2   0   0   3   0  89   0  2.48 0.59
  301 D    -1  -3   3   6  -4  -2  -1  -2  -1  -4  -5  -2  -4  -4  -3   2  -2  -5   2  -2    4   0  14  49   0   0   0   1   1   0   0   1   0   0   0  18   0   0   8   3  0.86 0.30
  302 A     5  -2  -3  -4  -3  -3  -1   0  -4   0   1  -3   0  -3  -3   0  -1  -4  -3   0   58   1   0   0   0   0   3   6   0   5  14   0   2   0   0   4   1   0   0   6  0.57 0.26
  303 T     1  -4  -3  -4  -4  -2  -4   4  -2  -1  -3  -3   0   4  -4  -1  -2  -2   5  -3   15   0   0   0   0   1   0  31   0   3   0   0   2  20   0   2   1   0  22   0  0.68 0.25
  304 K    -3   2  -3  -4  -6  -1  -2  -4  -3  -6  -5   7  -4  -6  -4  -2  -3  -6  -5  -5    0   8   0   0   0   0   0   0   0   0   0  90   0   0   0   2   0   0   0   0  1.84 0.50
  305 A     3   0  -2   0  -3   4   0  -1  -2  -4  -3   1  -2  -4   0   1   0  -4  -3  -3   31   4   0   4   0  23   2   2   0   0   1  10   0   0   3  12   6   0   0   0  0.43 0.21
  306 L    -2  -4  -6  -6  -3  -4  -5  -6  -5   1   6  -5   2   0  -5  -4  -3   0  -3   0    3   0   0   0   0   0   0   0   0   5  80   0   3   3   0   0   0   1   0   4  1.13 0.34
  307 L     2   2   4  -2  -4  -1  -2  -2   4  -4  -2   2  -3  -4  -3   0  -2  -5  -3  -2   23  12  24   0   0   0   0   1  14   0   3  15   0   0   0   4   1   0   0   3  0.50 0.23
  308 A     3  -1   1  -2  -3   0  -1   2  -2  -2  -3   0  -2  -3   0   2   0  -4  -3  -2   38   2   9   0   0   3   2  13   0   2   2   4   0   1   4  15   4   0   0   1  0.35 0.18
  309 A     4  -2  -2   0  -3  -1   1  -1   0  -2   1   1  -2  -3  -3   0   0  -4  -3  -1   43   0   0   5   0   2   8   3   2   1  15  11   0   0   0   3   4   0   0   3  0.30 0.19
  310 A     5  -3  -2  -2  -2  -3  -3  -1  -3   0   0  -2  -2   1  -3  -1  -2  -3   2   0   55   0   1   2   0   0   0   4   0   4  11   2   0   6   0   0   0   0   8   6  0.49 0.23
  311 Q     0   1   0  -1  -3   0   0  -1  -2  -2  -2   4   0  -3   3   1  -1  -3  -3  -1    6   5   4   2   0   1   6   3   0   1   4  32   2   0  13  13   1   0   0   6  0.30 0.14
  312 A     2   0   1  -1  -1   2   0  -1  -1  -2  -1   1  -1  -2  -1   1   0  -2  -1  -1   23   4   7   2   1  13   6   3   1   2   5  12   1   1   2   9   4   0   2   3  0.14 0.06
  313 S     1   0   0  -1  -1   2   0  -1   0   0   0   2   0  -1  -1   0   0  -2  -1  -1   11   4   4   1   1  13   2   3   3   5   8  18   3   3   1   8   5   0   1   4  0.08 0.05
  314 G     0  -2   0  -1  -3   0  -2   5  -2  -1  -3  -2  -2  -3  -2  -1  -1  -3  -3  -1    7   1   3   3   0   5   1  59   0   4   2   1   0   1   1   3   3   0   1   4  0.72 0.19
  315 N    -1   1   3   3   1   0   3  -1   0  -4  -4   1  -3  -4   0   0  -1  -4  -3  -2    2   7  17  20   4   3  21   5   2   0   0   6   0   0   5   4   1   0   0   3  0.39 0.16
  316 G     0   0  -1   1  -2   1   0   0   2  -2  -1  -1  -1   0   2   0   0   0   2  -1    6   5   2   9   0   9   6   9   6   1   5   2   2   4  10   4   6   1   9   3  0.11 0.06
  317 D     0   0   0   4  -4   0   1   4  -2  -4  -4   0  -3  -4  -3   0  -2  -4  -3  -3    6   5   2  28   0   3  10  33   0   0   1   4   0   0   0   4   1   0   0   1  0.56 0.18
  318 F    -3  -4  -1  -4   1  -3  -4  -4  -2   1  -1  -4  -2   6  -4  -3  -3  -1   6  -1    1   0   4   0   3   0   1   1   0   9   4   1   0  33   0   1   1   0  38   3  1.05 0.29
  319 A     1  -3  -1  -1   0  -1  -3   6  -3  -4  -2  -3  -3  -4  -3   1  -2  -4  -4  -3   11   0   3   2   2   3   1  59   0   0   4   0   0   0   0  10   1   0   0   1  0.86 0.25
  320 V     4  -3  -3  -3  -3  -3  -3  -2  -3  -2  -1  -3   0   5   0   0  -2  -3  -1   0   49   0   0   0   0   0   1   1   0   0   5   0   3  26   4   4   0   0   0   6  0.62 0.25
  321 Q    -4  -3   0  -4  -1   4  -2  -5   5  -1  -1  -3  -3   3  -5  -3  -3  -2   6  -2    0   0   4   0   1  22   0   0  17   4   4   0   0  11   0   0   0   0  35   1  0.97 0.33
  322 W    -5  -5  -7  -7  -5  -5  -6  -6  -5  -3   4  -6  -2  -1  -6  -6  -5  11   0  -4    0   0   0   0   0   0   0   0   0   0  43   0   0   1   0   0   0  53   2   0  2.37 0.53
  323 A     6  -4  -4  -4   2  -3  -4  -3  -4  -2  -4  -3  -3  -5  -3  -1  -1  -5  -4   0   85   0   0   0   5   0   0   0   0   2   0   0   0   0   0   1   2   0   0   5  1.31 0.42
  324 G    -3  -5  -3  -4  -5  -5  -5   7  -5  -7  -7  -4  -6  -6  -5  -2  -4  -5  -6  -6    0   0   0   0   0   0   0  99   0   0   0   0   0   0   0   1   0   0   0   0  2.25 0.51
  325 Q     0  -2  -2  -2  -5   7   0  -4  -2  -5  -5  -1  -2  -6  -4   1   0  -5  -4  -4    9   0   0   1   0  67   4   0   0   0   0   2   1   0   0  12   5   0   0   0  1.30 0.43
  326 G    -1  -3   5  -2  -4  -2  -3   5  -1  -6  -6  -1  -4  -5  -4   1  -3  -5  -5  -5    3   0  37   0   0   1   0  46   1   0   0   2   0   0   0  11   0   0   0   0  1.12 0.34
  327 A     4  -4  -4  -4  -3  -1  -3  -3   1  -2  -3  -3  -3   1  -4  -1  -3  -2   6   2   39   0   0   0   0   2   0   0   2   0   0   0   0   4   0   2   0   0  34  17  0.85 0.33
  328 P     2  -3  -1   0  -4   1  -2   0   4  -3  -3  -1  -1  -2   5  -1   0  -4   0  -3   18   0   1   6   0   7   0   7  14   1   2   1   2   2  28   3   4   0   4   0  0.52 0.20
  329 L    -2   1  -1  -3  -3   3  -2  -4  -1  -1   3   2   3   0  -3   0  -2  -3  -2  -2    0   6   3   0   0  16   0   0   1   0  36  15   9   3   0  10   0   0   0   0  0.36 0.20
  330 A     3  -3  -2  -3   0  -3  -3  -3  -4   4  -1  -2   1  -3  -3   1  -1  -4  -3   2   33   0   2   0   1   0   0   0   0  29   3   2   3   0   0  10   1   0   0  15  0.45 0.21
  331 R    -2   6  -2  -3  -4  -1  -1  -4  -1  -3  -4   1  -3  -4   2   0   0   3  -3  -3    1  54   0   0   0   1   3   0   1   2   0   8   0   0   9   8   7   4   0   2  0.86 0.29
  332 E     1  -2   2   2   1   0   3   2  -2  -4  -4  -1  -3  -4  -1   0   1  -4  -3  -3   16   1  10  10   4   3  22  16   0   0   0   2   0   0   2   6   8   0   1   0  0.32 0.15
  333 L    -2   0  -1  -2  -3  -2  -2  -4  -3   1   4   0   6  -1  -4  -2  -2  -3  -3  -1    2   5   3   2   0   0   2   0   0   6  44   8  24   2   0   2   0   0   0   0  0.57 0.24
  334 P    -1  -3   1   0  -4  -2   0  -1  -3  -4  -3  -1  -3  -4   5   2   1  -5  -4  -3    3   0   7   6   0   0   6   3   0   0   3   3   0   0  36  22  11   0   0   0  0.75 0.25
  335 A     5  -3  -3  -4  -3  -3  -3  -2  -4  -1  -3  -3  -1  -4  -3   0   3  -4  -4   1   60   0   0   0   0   0   0   0   0   2   0   0   2   0   0   5  18   0   0  12  0.79 0.31
  336 A     2   0  -1   0  -1   2   2   1  -2  -3  -2   1  -2  -4  -2   0   0  -4  -3  -1   24   3   1   5   1   9  14  13   0   0   2  12   0   0   1   5   5   0   0   3  0.24 0.13
  337 E    -1  -1   0   3  -5   3   5  -4  -1  -4  -4   1  -3  -5  -3  -2  -1  -5  -4  -2    5   2   2  14   0  14  48   0   1   0   1   7   0   0   0   0   3   0   0   4  0.77 0.28
  338 L    -3  -4  -5  -5  -3  -4  -4  -5  -5   3   4  -2   1  -1  -5  -4  -2  -4  -3   2    0   0   0   0   0   0   0   0   0  21  54   3   2   1   0   0   1   0   0  17  0.81 0.26
  339 M    -3  -4  -5  -5  -3  -4  -4  -5  -4   3   2  -4   6   2  -5  -4  -1  -4  -2   3    0   0   0   0   0   0   0   0   0  17  12   0  31   9   0   0   4   0   0  27  0.83 0.29
  340 A     2   1   2   1  -3   2   2  -1   0  -3  -2   2  -2  -4  -2   1  -1  -4  -3  -2   18   9  10   5   0  10  14   4   2   0   3  13   0   0   0   9   1   0   0   1  0.27 0.13
  341 A     0   1   1   0  -1   2   1  -2  -2   0  -1   1  -1  -3  -2   0   2  -4  -3   0    8   8   7   4   1  11   9   1   0   5   5   7   1   0   0   5  21   0   0   7  0.16 0.11
  342 L    -4  -5  -6  -6  -4  -5  -5  -6  -5   1   6  -5   1  -1  -5  -5  -3  -1  -3   0    0   0   0   0   0   0   0   0   0   5  87   0   2   1   0   0   0   1   0   3  1.34 0.38
  343 L     1  -1  -3  -3  -1  -2  -2   0  -3   3   0  -1  -1  -2  -3  -1   1   2  -3   3   11   2   0   0   1   1   2   8   0  18   3   4   1   0   0   1  13   3   0  31  0.27 0.16
  344 A     0   2   1   0  -4   2   2  -3   0  -3  -1   3  -2  -4  -3   0   0  -4  -3  -3    9  12   7   5   0  11  16   0   2   0   9  21   0   0   0   5   4   0   0   0  0.31 0.15
  345 E    -2  -1   0   1  -6   0   6   2  -3  -6  -5   0  -4  -6  -4  -2  -3  -5  -4  -5    1   2   3   5   0   3  67  14   0   0   0   3   0   0   0   1   0   0   0   0  1.12 0.36
  346 M    -1  -4  -4  -5   1  -3  -4  -3  -4   2   4  -4   5  -1  -4  -3  -1   4  -1   0    5   0   0   0   3   0   0   1   0   8  46   0  20   1   0   0   3   6   2   5  0.67 0.25
  347 Q     0   1   2  -1  -3   3   1  -1   1  -1  -2   2   0  -2  -2   0   0  -1  -2  -2   11   7  10   1   0  16  10   4   4   4   1  14   3   2   0   5   6   1   0   1  0.20 0.11
  348 S     1   1   1  -1  -2   0  -1   2  -1  -1   0  -1  -1   1  -2   1   0  -2  -1   0   14   9   8   0   0   7   0  17   0   0   9   0   0  10   0  17   0   0   0   9  0.08 0.01

                      K         Lambda
PSI Ungapped         0.1771     0.3174
PSI Gapped           0.0542     0.2670
